Name,Sex,Births,Ranking
Mary,F,22848,1
Helen,F,10479,2
Margaret,F,8226,3
Dorothy,F,7318,4
Ruth,F,7212,5
Anna,F,6436,6
Elizabeth,F,5800,7
Mildred,F,5692,8
Marie,F,4790,9
Alice,F,4671,10
Frances,F,4448,11
Florence,F,4282,12
Ethel,F,4146,13
Lillian,F,4127,14
Gladys,F,3842,15
Rose,F,3837,16
Evelyn,F,3777,17
Edna,F,3664,18
Annie,F,3519,19
Louise,F,3457,20
Irene,F,3281,21
Catherine,F,3161,22
Grace,F,3145,23
Hazel,F,3032,24
Thelma,F,2976,25
Gertrude,F,2932,26
Ruby,F,2893,27
Martha,F,2858,28
Virginia,F,2855,29
Josephine,F,2801,30
Lucille,F,2692,31
Clara,F,2665,32
Bertha,F,2651,33
Emma,F,2607,34
Edith,F,2592,35
Beatrice,F,2459,36
Bessie,F,2392,37
Esther,F,2378,38
Pearl,F,2177,39
Sarah,F,2173,40
Agnes,F,2163,41
Pauline,F,2153,42
Myrtle,F,2145,43
Elsie,F,2141,44
Eva,F,2123,45
Mabel,F,2123,46
Ida,F,2107,47
Viola,F,2090,48
Julia,F,2074,49
Minnie,F,1983,50
Nellie,F,1928,51
Ann,F,1842,52
Laura,F,1834,53
Lillie,F,1824,54
Eleanor,F,1798,55
Willie,F,1796,56
Katherine,F,1752,57
Bernice,F,1721,58
Marion,F,1703,59
Mattie,F,1687,60
Alma,F,1630,61
Ella,F,1587,62
Jessie,F,1541,63
Doris,F,1536,64
Mae,F,1453,65
Lena,F,1431,66
Anne,F,1413,67
Marjorie,F,1391,68
Betty,F,1389,69
Carrie,F,1381,70
Vera,F,1346,71
Stella,F,1319,72
Hattie,F,1314,73
Blanche,F,1288,74
Lucy,F,1283,75
Lois,F,1271,76
Jean,F,1246,77
Fannie,F,1237,78
Leona,F,1220,79
Kathryn,F,1198,80
Jennie,F,1183,81
Beulah,F,1131,82
Rosa,F,1131,83
Marguerite,F,1086,84
Cora,F,1079,85
Mamie,F,1079,86
Opal,F,1051,87
Ellen,F,1038,88
Violet,F,1037,89
Velma,F,1035,90
Georgia,F,1010,91
Sylvia,F,1000,92
Lula,F,975,93
Ada,F,960,94
Maggie,F,940,95
Theresa,F,926,96
Inez,F,916,97
Genevieve,F,908,98
Charlotte,F,896,99
Sadie,F,886,100
Daisy,F,877,101
Susie,F,858,102
Dora,F,833,103
Alberta,F,832,104
Nancy,F,811,105
Marian,F,806,106
Vivian,F,801,107
Flora,F,793,108
Hilda,F,793,109
Emily,F,785,110
Nora,F,753,111
Estelle,F,749,112
Eunice,F,742,113
Rosie,F,736,114
Juanita,F,732,115
Jane,F,709,116
Geneva,F,699,117
Lucile,F,698,118
Wilma,F,698,119
Lola,F,685,120
Mable,F,679,121
Katie,F,672,122
Christine,F,665,123
Loretta,F,655,124
Olive,F,646,125
Harriet,F,637,126
Lottie,F,634,127
Sara,F,633,128
Nettie,F,627,129
Verna,F,626,130
Kathleen,F,622,131
Maria,F,621,132
Sophie,F,621,133
Essie,F,620,134
Eula,F,615,135
Barbara,F,612,136
Della,F,602,137
May,F,594,138
Goldie,F,592,139
Erma,F,577,140
Maude,F,575,141
Victoria,F,574,142
Effie,F,572,143
Sallie,F,569,144
Madeline,F,560,145
Caroline,F,553,146
Sally,F,553,147
Geraldine,F,551,148
Irma,F,547,149
Ollie,F,538,150
Rachel,F,538,151
Lydia,F,537,152
Henrietta,F,525,153
Rebecca,F,519,154
Lizzie,F,505,155
Naomi,F,502,156
Addie,F,495,157
Ora,F,495,158
Norma,F,486,159
Nina,F,478,160
Lela,F,469,161
Audrey,F,453,162
Amelia,F,449,163
Roberta,F,433,164
Etta,F,430,165
Leola,F,423,166
Ola,F,422,167
Iva,F,406,168
Celia,F,402,169
Mollie,F,399,170
Maxine,F,397,171
Adeline,F,395,172
Susan,F,395,173
Fern,F,394,174
Phyllis,F,392,175
Isabel,F,389,176
Isabelle,F,389,177
Flossie,F,387,178
Jeanette,F,382,179
Olga,F,381,180
Estella,F,377,181
Janie,F,377,182
Bonnie,F,374,183
Luella,F,374,184
Winifred,F,370,185
Miriam,F,368,186
Muriel,F,365,187
Jewell,F,362,188
Regina,F,359,189
Cleo,F,357,190
Alta,F,347,191
Jeannette,F,347,192
Freda,F,345,193
Elva,F,342,194
Anita,F,338,195
Cecelia,F,335,196
Nannie,F,334,197
Rita,F,333,198
Carolyn,F,331,199
Antoinette,F,320,200
Frieda,F,319,201
Jewel,F,318,202
Nell,F,318,203
Shirley,F,318,204
Fay,F,316,205
Patricia,F,316,206
Veronica,F,314,207
Faye,F,312,208
Lila,F,311,209
Lorraine,F,310,210
Wanda,F,308,211
Dorothea,F,307,212
Hannah,F,305,213
Margie,F,305,214
Johnnie,F,299,215
Ina,F,296,216
Janet,F,296,217
June,F,295,218
Marcella,F,295,219
Dolores,F,294,220
Selma,F,293,221
Virgie,F,292,222
Lorene,F,290,223
Adele,F,288,224
Amy,F,287,225
Cecilia,F,287,226
Matilda,F,281,227
Rosalie,F,281,228
Amanda,F,278,229
Dollie,F,278,230
Sue,F,277,231
Angeline,F,276,232
Claire,F,274,233
Eliza,F,273,234
Elma,F,273,235
Eloise,F,273,236
Sophia,F,271,237
Constance,F,261,238
Angela,F,260,239
Eileen,F,258,240
Rena,F,253,241
Josie,F,251,242
Angelina,F,249,243
Winnie,F,248,244
Millie,F,247,245
Gracie,F,246,246
Callie,F,244,247
Elnora,F,241,248
Gussie,F,240,249
Allie,F,237,250
Reba,F,236,251
Hallie,F,233,252
Annette,F,232,253
Francis,F,227,254
Helene,F,226,255
Lee,F,224,256
Jeanne,F,220,257
Teresa,F,220,258
Zelma,F,220,259
Tillie,F,219,260
Madge,F,217,261
Lenora,F,214,262
Elvira,F,213,263
Hester,F,212,264
Lorena,F,212,265
Olivia,F,211,266
Lessie,F,208,267
Arlene,F,207,268
Leah,F,207,269
Adelaide,F,206,270
Kate,F,206,271
Peggy,F,204,272
Cornelia,F,202,273
Letha,F,202,274
Ila,F,199,275
Maudie,F,198,276
Joan,F,196,277
Bertie,F,195,278
Elaine,F,195,279
Odessa,F,194,280
Belle,F,193,281
Edythe,F,189,282
Birdie,F,187,283
Cecile,F,187,284
Carol,F,185,285
Ernestine,F,184,286
Clarice,F,182,287
Augusta,F,181,288
Carmen,F,181,289
Harriett,F,177,290
Pearlie,F,176,291
Rosetta,F,176,292
Helena,F,175,293
Iola,F,175,294
Lora,F,173,295
Rhoda,F,170,296
Ophelia,F,169,297
Roxie,F,169,298
Eugenia,F,168,299
Bettie,F,166,300
Frankie,F,166,301
Billie,F,165,302
Dessie,F,164,303
Leila,F,163,304
Melba,F,160,305
Nola,F,158,306
Katharine,F,157,307
Corine,F,156,308
Myra,F,155,309
Lily,F,154,310
Gwendolyn,F,151,311
Isabella,F,151,312
Zella,F,151,313
Delia,F,149,314
Corinne,F,146,315
Molly,F,145,316
Eleanore,F,144,317
Lou,F,144,318
Iris,F,143,319
Maud,F,143,320
Wilhelmina,F,143,321
Jannie,F,142,322
Mayme,F,142,323
Priscilla,F,142,324
Aline,F,141,325
Alyce,F,141,326
Johanna,F,141,327
Neva,F,141,328
Rosemary,F,141,329
Carmela,F,140,330
Lenore,F,140,331
Catharine,F,139,332
Lelia,F,138,333
Merle,F,138,334
Claudia,F,137,335
Linda,F,137,336
Natalie,F,136,337
Joyce,F,135,338
Nona,F,135,339
Laverne,F,134,340
Oma,F,134,341
Willa,F,134,342
Dolly,F,133,343
Elinor,F,133,344
Gertie,F,131,345
Yvonne,F,131,346
Cecil,F,130,347
Christina,F,130,348
Jimmie,F,130,349
Connie,F,129,350
Isabell,F,129,351
Lilly,F,129,352
Pansy,F,129,353
Berniece,F,127,354
Eddie,F,126,355
Iona,F,124,356
Aileen,F,123,357
Lucinda,F,123,358
Rosella,F,123,359
Maurine,F,122,360
Annabelle,F,121,361
Erna,F,120,362
Tessie,F,118,363
Louella,F,117,364
Dovie,F,115,365
Gloria,F,115,366
Verda,F,113,367
Lulu,F,112,368
Ione,F,111,369
Loraine,F,111,370
Florine,F,110,371
Lona,F,110,372
Polly,F,110,373
Vesta,F,109,374
Blanch,F,108,375
Cassie,F,108,376
Leota,F,108,377
Donna,F,107,378
Hettie,F,107,379
Vada,F,107,380
Georgie,F,106,381
Kay,F,106,382
Maybelle,F,106,383
Sybil,F,106,384
Alvina,F,105,385
Estell,F,105,386
Arline,F,104,387
Floy,F,104,388
Leora,F,104,389
Elisabeth,F,102,390
Fanny,F,102,391
Hortense,F,102,392
Lettie,F,102,393
Mona,F,101,394
Artie,F,100,395
Minerva,F,100,396
Mittie,F,100,397
Imogene,F,98,398
Leone,F,98,399
Bernadine,F,97,400
Leta,F,97,401
Bernadette,F,96,402
Gretchen,F,95,403
Lura,F,95,404
Mathilda,F,95,405
Alpha,F,94,406
Clare,F,94,407
Concetta,F,94,408
Ona,F,94,409
Earline,F,93,410
Ester,F,92,411
Althea,F,91,412
Beryl,F,91,413
Era,F,91,414
Reva,F,91,415
Nadine,F,90,416
Carmella,F,89,417
Janice,F,89,418
Paula,F,89,419
Phoebe,F,89,420
Bess,F,88,421
John,F,88,422
Stephanie,F,88,423
Angie,F,87,424
Rae,F,87,425
Adell,F,86,426
Allene,F,86,427
Cynthia,F,86,428
Dixie,F,86,429
Lauretta,F,86,430
Zelda,F,86,431
Linnie,F,85,432
Magnolia,F,85,433
Louisa,F,84,434
Mozelle,F,84,435
Ramona,F,84,436
Rubye,F,84,437
Orpha,F,83,438
Tommie,F,83,439
Avis,F,82,440
Corrine,F,82,441
Mercedes,F,82,442
Idella,F,81,443
Philomena,F,81,444
Alva,F,80,445
Elsa,F,80,446
Mazie,F,80,447
Queen,F,80,448
Abbie,F,79,449
Agatha,F,79,450
Ava,F,79,451
Golda,F,79,452
Harriette,F,79,453
Monica,F,79,454
Zola,F,79,455
Yetta,F,78,456
Wilda,F,77,457
Evangeline,F,76,458
Eve,F,76,459
Tressie,F,76,460
Cordelia,F,75,461
Hulda,F,75,462
Evie,F,74,463
Garnet,F,74,464
Idell,F,74,465
Antonia,F,73,466
Bella,F,73,467
Elda,F,73,468
Ocie,F,73,469
Patsy,F,73,470
Robbie,F,73,471
Almeda,F,72,472
Belva,F,72,473
Celeste,F,72,474
Ivy,F,72,475
Julie,F,72,476
Mandy,F,72,477
Odell,F,72,478
Retha,F,72,479
Clementine,F,71,480
Lovie,F,71,481
Melva,F,71,482
Mina,F,71,483
Myrtis,F,71,484
Una,F,71,485
Vergie,F,71,486
Filomena,F,70,487
Lue,F,70,488
Zula,F,70,489
Aurelia,F,69,490
Camille,F,69,491
Guadalupe,F,69,492
Ferne,F,68,493
Lina,F,68,494
Dorthy,F,67,495
Easter,F,67,496
Johnie,F,67,497
Judith,F,67,498
Margret,F,67,499
Glenna,F,66,500
Lorine,F,66,501
Margery,F,66,502
Bennie,F,65,503
Charlie,F,65,504
Elena,F,65,505
Ethelyn,F,65,506
Madelyn,F,65,507
Nelle,F,65,508
Octavia,F,65,509
Petra,F,65,510
Veda,F,65,511
Vida,F,65,512
Winona,F,65,513
Dorotha,F,64,514
Lucia,F,64,515
Pinkie,F,64,516
Beth,F,63,517
James,F,63,518
Elise,F,62,519
Hope,F,62,520
Kattie,F,62,521
Aurora,F,61,522
Delma,F,61,523
Leatha,F,61,524
Manuela,F,61,525
Marietta,F,61,526
Sudie,F,61,527
Albina,F,60,528
Crystal,F,60,529
Margarita,F,60,530
Rhea,F,60,531
Savannah,F,60,532
Valeria,F,60,533
Alene,F,59,534
Ruthie,F,59,535
George,F,58,536
Suzanne,F,58,537
Tina,F,58,538
Freida,F,57,539
Marcia,F,57,540
Rosia,F,57,541
Zora,F,57,542
Beverly,F,56,543
Claudie,F,56,544
Hellen,F,56,545
Jacqueline,F,56,546
Ray,F,56,547
Rubie,F,56,548
Velva,F,56,549
Adela,F,55,550
Bulah,F,55,551
Clyde,F,55,552
Diana,F,55,553
Lyda,F,55,554
Myrtie,F,55,555
Oleta,F,55,556
Rosalind,F,55,557
Rowena,F,55,558
Ursula,F,55,559
Elvera,F,54,560
Magdalene,F,54,561
Millicent,F,54,562
Reta,F,54,563
Corene,F,53,564
Edwina,F,53,565
Eleanora,F,53,566
Georgiana,F,53,567
Nan,F,53,568
Verla,F,53,569
Celestine,F,52,570
Delphine,F,52,571
Elna,F,52,572
Lavina,F,52,573
Leslie,F,52,574
Madeleine,F,52,575
Albertha,F,51,576
Claudine,F,51,577
Emilie,F,51,578
Freddie,F,51,579
Lorna,F,51,580
Macie,F,51,581
Myrtice,F,51,582
Queenie,F,51,583
Bell,F,50,584
Bobbie,F,50,585
Chloe,F,50,586
Delores,F,50,587
Delphia,F,50,588
Ellie,F,50,589
Ima,F,50,590
Lennie,F,50,591
Melvina,F,50,592
Donnie,F,49,593
Dorris,F,49,594
Esta,F,49,595
Joanna,F,49,596
Leonora,F,49,597
Marianne,F,49,598
Marvel,F,49,599
Nita,F,49,600
Novella,F,49,601
Rosamond,F,49,602
Vernice,F,49,603
Berta,F,48,604
Joy,F,48,605
Juliette,F,48,606
Malinda,F,48,607
Meta,F,48,608
Zona,F,48,609
Anastasia,F,47,610
Elmira,F,47,611
Lida,F,47,612
Lupe,F,47,613
Melissa,F,47,614
Pattie,F,47,615
Roma,F,47,616
Velda,F,47,617
Vernie,F,47,618
Winnifred,F,47,619
Altha,F,46,620
Camilla,F,46,621
Emmie,F,46,622
Francisca,F,46,623
Katheryn,F,46,624
Kitty,F,46,625
Madie,F,46,626
Mallie,F,46,627
Rosalee,F,46,628
Tennie,F,46,629
Annabel,F,45,630
Cathrine,F,45,631
Germaine,F,45,632
Ira,F,45,633
Rachael,F,45,634
Susanna,F,45,635
Therese,F,45,636
Valerie,F,45,637
Verdie,F,45,638
Vina,F,45,639
Alda,F,44,640
Charity,F,44,641
Earnestine,F,44,642
Lonnie,F,44,643
Audra,F,43,644
Birtha,F,43,645
Carolina,F,43,646
Eldora,F,43,647
Florida,F,43,648
Hedwig,F,43,649
Jackie,F,43,650
Luvenia,F,43,651
Mabelle,F,43,652
Marjory,F,43,653
Ossie,F,43,654
Pearle,F,43,655
Pearline,F,43,656
Verona,F,43,657
Joe,F,42,658
Kathrine,F,42,659
Liza,F,42,660
Maxie,F,42,661
Rosina,F,42,662
Adelia,F,41,663
Adrienne,F,41,664
Dona,F,41,665
Emilia,F,41,666
Goldia,F,41,667
Hilma,F,41,668
Jenny,F,41,669
Maybell,F,41,670
Mozell,F,41,671
Bethel,F,40,672
Carmel,F,40,673
Georgianna,F,40,674
Grayce,F,40,675
Jo,F,40,676
Margarette,F,40,677
Theodora,F,40,678
Arvilla,F,39,679
Berneice,F,39,680
Bonita,F,39,681
Cathryn,F,39,682
Hazle,F,39,683
Hildegarde,F,39,684
Jettie,F,39,685
Juana,F,39,686
Lilla,F,39,687
Ludie,F,39,688
Vallie,F,39,689
Yolanda,F,39,690
Aletha,F,38,691
Consuelo,F,38,692
Eulalia,F,38,693
Evalyn,F,38,694
Garnett,F,38,695
Luna,F,38,696
Versie,F,38,697
Annabell,F,37,698
Dortha,F,37,699
Martina,F,37,700
Mavis,F,37,701
Sofia,F,37,702
Thora,F,37,703
William,F,37,704
Betsy,F,36,705
Bridget,F,36,706
Magdalena,F,36,707
Rosanna,F,36,708
Treva,F,36,709
Antonette,F,35,710
Corrie,F,35,711
Faith,F,35,712
Josefa,F,35,713
Justine,F,35,714
Lera,F,35,715
Libby,F,35,716
Maryann,F,35,717
Onie,F,35,718
Renee,F,35,719
Verlie,F,35,720
Viva,F,35,721
Zada,F,35,722
Clemmie,F,34,723
Cordie,F,34,724
Dorcas,F,34,725
Elisa,F,34,726
Elouise,F,34,727
Emmer,F,34,728
Enid,F,34,729
Ethyl,F,34,730
Felicia,F,34,731
Gilda,F,34,732
Lilyan,F,34,733
Nella,F,34,734
Norene,F,34,735
Zoe,F,34,736
Adella,F,33,737
Annis,F,33,738
Audie,F,33,739
Deborah,F,33,740
Diane,F,33,741
Elenora,F,33,742
Gail,F,33,743
Hermine,F,33,744
Ilene,F,33,745
Jerry,F,33,746
Lilian,F,33,747
Lucie,F,33,748
Minna,F,33,749
Palma,F,33,750
Tiny,F,33,751
Violette,F,33,752
Alverta,F,32,753
Amie,F,32,754
Berenice,F,32,755
Charles,F,32,756
Concepcion,F,32,757
Gene,F,32,758
Icie,F,32,759
Irine,F,32,760
Ivory,F,32,761
Josefina,F,32,762
Maye,F,32,763
Nova,F,32,764
Ressie,F,32,765
Sibyl,F,32,766
Willia,F,32,767
Alfreda,F,31,768
Alicia,F,31,769
Amalia,F,31,770
Bettye,F,31,771
Charlene,F,31,772
Eda,F,31,773
Fae,F,31,774
Kathryne,F,31,775
Mellie,F,31,776
Norine,F,31,777
Ouida,F,31,778
Serena,F,31,779
Signe,F,31,780
Delilah,F,30,781
Dell,F,30,782
Dena,F,30,783
Emelia,F,30,784
Eveline,F,30,785
Hanna,F,30,786
Letitia,F,30,787
Lonie,F,30,788
Magdalen,F,30,789
Marianna,F,30,790
Rosalia,F,30,791
Sammie,F,30,792
Trudie,F,30,793
Adelina,F,29,794
Adelle,F,29,795
Annetta,F,29,796
Beaulah,F,29,797
Elvie,F,29,798
Elvina,F,29,799
Fairy,F,29,800
Inga,F,29,801
Joseph,F,29,802
Judy,F,29,803
Lavada,F,29,804
Louie,F,29,805
Louvenia,F,29,806
Lucretia,F,29,807
Nelda,F,29,808
Robert,F,29,809
Theo,F,29,810
Vincenza,F,29,811
Alida,F,28,812
Amber,F,28,813
Elizebeth,F,28,814
Ena,F,28,815
Glennie,F,28,816
Greta,F,28,817
Henry,F,28,818
Hildred,F,28,819
Jaunita,F,28,820
Jessica,F,28,821
Joanne,F,28,822
Lavinia,F,28,823
Louis,F,28,824
Mammie,F,28,825
Myrna,F,28,826
Naoma,F,28,827
Osie,F,28,828
Ozella,F,28,829
Vena,F,28,830
Alvera,F,27,831
Andrea,F,27,832
Cathleen,F,27,833
Clarissa,F,27,834
Exie,F,27,835
Flo,F,27,836
Georgina,F,27,837
Hertha,F,27,838
Jonnie,F,27,839
Myrle,F,27,840
Odelia,F,27,841
Omie,F,27,842
Theola,F,27,843
Vinnie,F,27,844
Almeta,F,26,845
Arlie,F,26,846
Delta,F,26,847
Drusilla,F,26,848
Gay,F,26,849
Janette,F,26,850
Jossie,F,26,851
Lacy,F,26,852
Loree,F,26,853
Meda,F,26,854
Rossie,F,26,855
Sadye,F,26,856
Vivien,F,26,857
Zadie,F,26,858
Adaline,F,25,859
Augustine,F,25,860
Ceola,F,25,861
Coletta,F,25,862
Eulah,F,25,863
Golden,F,25,864
Hassie,F,25,865
Izora,F,25,866
Lelah,F,25,867
Leo,F,25,868
Luetta,F,25,869
Madaline,F,25,870
Manda,F,25,871
Mariah,F,25,872
Nedra,F,25,873
Reatha,F,25,874
Rilla,F,25,875
Syble,F,25,876
Arie,F,24,877
Buelah,F,24,878
Dale,F,24,879
Dola,F,24,880
Gwen,F,24,881
Hermina,F,24,882
Ines,F,24,883
Juliet,F,24,884
Larue,F,24,885
Lexie,F,24,886
Luisa,F,24,887
Margarett,F,24,888
Mathilde,F,24,889
Meredith,F,24,890
Missouri,F,24,891
Mozella,F,24,892
Neoma,F,24,893
Odie,F,24,894
Ottie,F,24,895
Ara,F,23,896
Bernardine,F,23,897
Elberta,F,23,898
Eloisa,F,23,899
Erie,F,23,900
Ether,F,23,901
Florrie,F,23,902
Izetta,F,23,903
Lea,F,23,904
Lenna,F,23,905
Lilie,F,23,906
Lynn,F,23,907
Marcelle,F,23,908
Myrl,F,23,909
Nevada,F,23,910
Olevia,F,23,911
Tena,F,23,912
Zetta,F,23,913
Adline,F,22,914
Alba,F,22,915
Albertine,F,22,916
Anner,F,22,917
Ardella,F,22,918
Buna,F,22,919
Clarabelle,F,22,920
Elease,F,22,921
Elenor,F,22,922
Enola,F,22,923
Eugenie,F,22,924
Freeda,F,22,925
Gertha,F,22,926
Hessie,F,22,927
Lannie,F,22,928
Laverna,F,22,929
Leonor,F,22,930
Lossie,F,22,931
Malissa,F,22,932
Nathalie,F,22,933
Oda,F,22,934
Retta,F,22,935
Tempie,F,22,936
Ula,F,22,937
Vella,F,22,938
Vertie,F,22,939
Vonnie,F,22,940
Angelita,F,21,941
Ardis,F,21,942
Bette,F,21,943
Classie,F,21,944
Corean,F,21,945
Dana,F,21,946
Delfina,F,21,947
Doretha,F,21,948
Ettie,F,21,949
Euna,F,21,950
Eura,F,21,951
Evaline,F,21,952
Florene,F,21,953
Frank,F,21,954
Lassie,F,21,955
Lurline,F,21,956
Lyla,F,21,957
Maebelle,F,21,958
Margaretta,F,21,959
Neta,F,21,960
Nila,F,21,961
Ova,F,21,962
Pennie,F,21,963
Rosemarie,F,21,964
Roslyn,F,21,965
Rozella,F,21,966
Selena,F,21,967
Stephania,F,21,968
Zena,F,21,969
Adah,F,20,970
Aili,F,20,971
Alvena,F,20,972
Arlena,F,20,973
Bea,F,20,974
Beula,F,20,975
Blossom,F,20,976
Clifford,F,20,977
Dallas,F,20,978
Deloris,F,20,979
Emogene,F,20,980
Evelena,F,20,981
Florance,F,20,982
Fronie,F,20,983
Gennie,F,20,984
Helga,F,20,985
Joann,F,20,986
Lavon,F,20,987
Leanna,F,20,988
Libbie,F,20,989
Madalyn,F,20,990
Mossie,F,20,991
Ozell,F,20,992
Sonia,F,20,993
Tomasa,F,20,994
Trula,F,20,995
Veva,F,20,996
Allean,F,19,997
Alys,F,19,998
Antonetta,F,19,999
Arietta,F,19,1000
Benita,F,19,1001
Berdie,F,19,1002
Blanchie,F,19,1003
Cara,F,19,1004
Creola,F,19,1005
Darlene,F,19,1006
Dimple,F,19,1007
Elvia,F,19,1008
Emeline,F,19,1009
Gladyce,F,19,1010
Henretta,F,19,1011
Hollie,F,19,1012
India,F,19,1013
Justina,F,19,1014
Leana,F,19,1015
Leonia,F,19,1016
Leonore,F,19,1017
Luz,F,19,1018
Madelene,F,19,1019
Margueritte,F,19,1020
Monnie,F,19,1021
Otis,F,19,1022
Pat,F,19,1023
Salome,F,19,1024
Selina,F,19,1025
Silvia,F,19,1026
Tressa,F,19,1027
Venita,F,19,1028
Zenobia,F,19,1029
Arrie,F,18,1030
Astrid,F,18,1031
Bernetta,F,18,1032
Cherry,F,18,1033
Cleta,F,18,1034
Dominga,F,18,1035
Edmonia,F,18,1036
Edward,F,18,1037
Electa,F,18,1038
Elinore,F,18,1039
Etha,F,18,1040
Evia,F,18,1041
Flonnie,F,18,1042
Gerda,F,18,1043
Laurie,F,18,1044
Lavera,F,18,1045
Leda,F,18,1046
Lorean,F,18,1047
Luciel,F,18,1048
Macy,F,18,1049
Margurite,F,18,1050
Marilyn,F,18,1051
Marry,F,18,1052
Mettie,F,18,1053
Nada,F,18,1054
Ozie,F,18,1055
Pollie,F,18,1056
Prudence,F,18,1057
Romaine,F,18,1058
Santa,F,18,1059
Sister,F,18,1060
Theda,F,18,1061
Thomas,F,18,1062
Twila,F,18,1063
Vassie,F,18,1064
Vennie,F,18,1065
Verne,F,18,1066
Vernia,F,18,1067
Virgil,F,18,1068
Aimee,F,17,1069
Alease,F,17,1070
Alline,F,17,1071
Almira,F,17,1072
Alvira,F,17,1073
Ardell,F,17,1074
Bernita,F,17,1075
Christena,F,17,1076
Cleopatra,F,17,1077
Cleora,F,17,1078
Cruz,F,17,1079
Daphne,F,17,1080
Dessa,F,17,1081
Drucilla,F,17,1082
Elmer,F,17,1083
Elzie,F,17,1084
Emaline,F,17,1085
Glendora,F,17,1086
Herma,F,17,1087
Huldah,F,17,1088
Imelda,F,17,1089
Isobel,F,17,1090
Jeffie,F,17,1091
Kizzie,F,17,1092
Lavern,F,17,1093
Leon,F,17,1094
Malvina,F,17,1095
Mertie,F,17,1096
Nanie,F,17,1097
Oneita,F,17,1098
Paralee,F,17,1099
Pinkey,F,17,1100
Rafaela,F,17,1101
Rea,F,17,1102
Susana,F,17,1103
Texie,F,17,1104
Valda,F,17,1105
Veola,F,17,1106
Vernon,F,17,1107
Virgia,F,17,1108
Yvette,F,17,1109
Abigail,F,16,1110
Aggie,F,16,1111
Albertina,F,16,1112
Alexandria,F,16,1113
Altie,F,16,1114
Bettina,F,16,1115
Bobby,F,16,1116
Borghild,F,16,1117
Cammie,F,16,1118
Carlotta,F,16,1119
Carmelita,F,16,1120
Charline,F,16,1121
Cleona,F,16,1122
Clora,F,16,1123
Dagmar,F,16,1124
Daisie,F,16,1125
Dee,F,16,1126
Delsie,F,16,1127
Dicie,F,16,1128
Dottie,F,16,1129
Earlene,F,16,1130
Edyth,F,16,1131
Elfrieda,F,16,1132
Erline,F,16,1133
Evelina,F,16,1134
Georgette,F,16,1135
Gladis,F,16,1136
Gregoria,F,16,1137
Gusta,F,16,1138
Hildreth,F,16,1139
Ivah,F,16,1140
Izola,F,16,1141
Jamie,F,16,1142
Jeane,F,16,1143
Josiephine,F,16,1144
Jule,F,16,1145
Katy,F,16,1146
Kittie,F,16,1147
Loma,F,16,1148
Loyce,F,16,1149
Madelon,F,16,1150
Mariana,F,16,1151
Melinda,F,16,1152
Odella,F,16,1153
Oneida,F,16,1154
Orene,F,16,1155
Pearly,F,16,1156
Portia,F,16,1157
Rosalyn,F,16,1158
Roselle,F,16,1159
Sigrid,F,16,1160
Stacia,F,16,1161
Terry,F,16,1162
Toby,F,16,1163
Trinidad,F,16,1164
Trudy,F,16,1165
Valera,F,16,1166
Vicie,F,16,1167
Vivienne,F,16,1168
Vlasta,F,16,1169
Williemae,F,16,1170
Aleen,F,15,1171
Alvie,F,15,1172
Alyne,F,15,1173
Annamae,F,15,1174
Ardath,F,15,1175
Carry,F,15,1176
Celina,F,15,1177
Clarence,F,15,1178
Cleone,F,15,1179
Edra,F,15,1180
Evelyne,F,15,1181
Gayle,F,15,1182
Hildur,F,15,1183
Ingrid,F,15,1184
Jack,F,15,1185
Juliana,F,15,1186
Laurene,F,15,1187
Letty,F,15,1188
Linnea,F,15,1189
Lissie,F,15,1190
Lorenza,F,15,1191
Lovella,F,15,1192
Madonna,F,15,1193
Margarete,F,15,1194
Mima,F,15,1195
Noma,F,15,1196
Otelia,F,15,1197
Peggie,F,15,1198
Rosaline,F,15,1199
Sabina,F,15,1200
Santina,F,15,1201
Sophronia,F,15,1202
Sula,F,15,1203
Sydney,F,15,1204
Tilda,F,15,1205
Venus,F,15,1206
Afton,F,14,1207
Alean,F,14,1208
Antonina,F,14,1209
Arbutus,F,14,1210
Archie,F,14,1211
Arleen,F,14,1212
Arthur,F,14,1213
Audrie,F,14,1214
Azalee,F,14,1215
Beatriz,F,14,1216
Burnice,F,14,1217
Caldonia,F,14,1218
Ceil,F,14,1219
Christeen,F,14,1220
Christene,F,14,1221
Colette,F,14,1222
Cordia,F,14,1223
Daisey,F,14,1224
Dallie,F,14,1225
Delcie,F,14,1226
Dezzie,F,14,1227
Dillie,F,14,1228
Dina,F,14,1229
Domenica,F,14,1230
Elia,F,14,1231
Elta,F,14,1232
Evlyn,F,14,1233
Felipa,F,14,1234
Florie,F,14,1235
Francine,F,14,1236
Girtha,F,14,1237
Hazelle,F,14,1238
Ingeborg,F,14,1239
Isla,F,14,1240
Jeanie,F,14,1241
Lady,F,14,1242
Laurine,F,14,1243
Lillia,F,14,1244
Lita,F,14,1245
Madalene,F,14,1246
Marge,F,14,1247
Marina,F,14,1248
Maryanna,F,14,1249
Maryjane,F,14,1250
Matilde,F,14,1251
Maureen,F,14,1252
Maymie,F,14,1253
Mennie,F,14,1254
Merna,F,14,1255
Michelina,F,14,1256
Oletha,F,14,1257
Oneta,F,14,1258
Sena,F,14,1259
Sidney,F,14,1260
Susanne,F,14,1261
Theodosia,F,14,1262
Tinnie,F,14,1263
Venice,F,14,1264
Waneta,F,14,1265
Zelia,F,14,1266
Aida,F,13,1267
Albert,F,13,1268
Anabel,F,13,1269
Apolonia,F,13,1270
Artelia,F,13,1271
Atha,F,13,1272
Audry,F,13,1273
Aurore,F,13,1274
Avie,F,13,1275
Bula,F,13,1276
Chrystal,F,13,1277
Colleen,F,13,1278
Coral,F,13,1279
Corina,F,13,1280
Corrinne,F,13,1281
Earlie,F,13,1282
Eathel,F,13,1283
Enriqueta,F,13,1284
Esperanza,F,13,1285
Felicitas,F,13,1286
Floye,F,13,1287
Frona,F,13,1288
Georgetta,F,13,1289
Helyn,F,13,1290
Illa,F,13,1291
Inell,F,13,1292
Jennette,F,13,1293
Jesusa,F,13,1294
Jim,F,13,1295
Lavonia,F,13,1296
Leaner,F,13,1297
Leontine,F,13,1298
Lethia,F,13,1299
Liddie,F,13,1300
Lilah,F,13,1301
Lilia,F,13,1302
Lolita,F,13,1303
Loreta,F,13,1304
Lota,F,13,1305
Luberta,F,13,1306
Malissie,F,13,1307
Margeret,F,13,1308
Margo,F,13,1309
Mariam,F,13,1310
Marylee,F,13,1311
Melvia,F,13,1312
Melvin,F,13,1313
Mitzi,F,13,1314
Neola,F,13,1315
Ofelia,F,13,1316
Parthenia,F,13,1317
Patty,F,13,1318
Pearlene,F,13,1319
Perlie,F,13,1320
Precious,F,13,1321
Raye,F,13,1322
Rene,F,13,1323
Romayne,F,13,1324
Rosaria,F,13,1325
Sam,F,13,1326
Santos,F,13,1327
Shellie,F,13,1328
Stefania,F,13,1329
Sylva,F,13,1330
Thyra,F,13,1331
Vela,F,13,1332
Vester,F,13,1333
Zelpha,F,13,1334
Agness,F,12,1335
Alverna,F,12,1336
America,F,12,1337
Antionette,F,12,1338
Arabelle,F,12,1339
Ardelia,F,12,1340
Arizona,F,12,1341
Arletta,F,12,1342
Bebe,F,12,1343
Bee,F,12,1344
Carl,F,12,1345
Catalina,F,12,1346
Cleda,F,12,1347
Clella,F,12,1348
Clyda,F,12,1349
Clytie,F,12,1350
Columbia,F,12,1351
Coy,F,12,1352
Dean,F,12,1353
Delila,F,12,1354
Delpha,F,12,1355
Dinah,F,12,1356
Edrie,F,12,1357
Elida,F,12,1358
Ellouise,F,12,1359
Elzora,F,12,1360
Ernie,F,12,1361
Eudora,F,12,1362
Eugene,F,12,1363
Evalena,F,12,1364
Everlena,F,12,1365
Fannye,F,12,1366
Faustina,F,12,1367
Floria,F,12,1368
Genevie,F,12,1369
Genie,F,12,1370
Georgeanna,F,12,1371
Gizella,F,12,1372
Haley,F,12,1373
Harold,F,12,1374
Henriette,F,12,1375
Herminia,F,12,1376
Hildegard,F,12,1377
Ivey,F,12,1378
Jinnie,F,12,1379
Jodie,F,12,1380
Kathaleen,F,12,1381
Lala,F,12,1382
Lattie,F,12,1383
Laurel,F,12,1384
Lavelle,F,12,1385
Laveta,F,12,1386
Leanore,F,12,1387
Lempi,F,12,1388
Leoma,F,12,1389
Leonie,F,12,1390
Lockie,F,12,1391
Love,F,12,1392
Luevenia,F,12,1393
Mabell,F,12,1394
Mahala,F,12,1395
Maple,F,12,1396
Marceline,F,12,1397
Margot,F,12,1398
Marybelle,F,12,1399
Mickey,F,12,1400
Mignon,F,12,1401
Mimi,F,12,1402
Norah,F,12,1403
Odette,F,12,1404
Olena,F,12,1405
Oliva,F,12,1406
Olla,F,12,1407
Omega,F,12,1408
Oralee,F,12,1409
Rella,F,12,1410
Rochelle,F,12,1411
Roxanna,F,12,1412
Stasia,F,12,1413
Thalia,F,12,1414
Veatrice,F,12,1415
Vita,F,12,1416
Will,F,12,1417
Wilmer,F,12,1418
Zilpha,F,12,1419
Zita,F,12,1420
Alethia,F,11,1421
Ana,F,11,1422
Angelica,F,11,1423
Arabella,F,11,1424
Ardith,F,11,1425
Argie,F,11,1426
Arvella,F,11,1427
Assunta,F,11,1428
Aura,F,11,1429
Azzie,F,11,1430
Bama,F,11,1431
Bert,F,11,1432
Birtie,F,11,1433
Capitola,F,11,1434
Carmon,F,11,1435
Carrol,F,11,1436
Carroll,F,11,1437
Channie,F,11,1438
Cherrie,F,11,1439
Chester,F,11,1440
Claribel,F,11,1441
Clover,F,11,1442
Curtis,F,11,1443
Dellie,F,11,1444
Docia,F,11,1445
Doratha,F,11,1446
Dorthea,F,11,1447
Eather,F,11,1448
Elmina,F,11,1449
Elnor,F,11,1450
Emmaline,F,11,1451
Eola,F,11,1452
Ermine,F,11,1453
Euphemia,F,11,1454
Felice,F,11,1455
Fleeta,F,11,1456
Florentine,F,11,1457
Frederica,F,11,1458
Gabrielle,F,11,1459
Gaynell,F,11,1460
Genoveva,F,11,1461
Halley,F,11,1462
Henryetta,F,11,1463
Icy,F,11,1464
Ilah,F,11,1465
Ilda,F,11,1466
Inis,F,11,1467
Jesse,F,11,1468
Johnny,F,11,1469
Johnsie,F,11,1470
Juel,F,11,1471
Julianna,F,11,1472
Karen,F,11,1473
Kathern,F,11,1474
Lavaughn,F,11,1475
Lavonne,F,11,1476
Loretto,F,11,1477
Lovey,F,11,1478
Madgie,F,11,1479
Maebell,F,11,1480
Magdaline,F,11,1481
Marita,F,11,1482
Marquerite,F,11,1483
Melda,F,11,1484
Metta,F,11,1485
Nelia,F,11,1486
Nezzie,F,11,1487
Nobie,F,11,1488
Nonie,F,11,1489
Olar,F,11,1490
Olean,F,11,1491
Olympia,F,11,1492
Onnie,F,11,1493
Orelia,F,11,1494
Otha,F,11,1495
Pasqualina,F,11,1496
Patience,F,11,1497
Paulina,F,11,1498
Providence,F,11,1499
Refugia,F,11,1500
Roselyn,F,11,1501
Rosena,F,11,1502
Rosita,F,11,1503
Rufina,F,11,1504
Rutha,F,11,1505
Sallye,F,11,1506
Samella,F,11,1507
Simona,F,11,1508
Thais,F,11,1509
Ura,F,11,1510
Valentine,F,11,1511
Velia,F,11,1512
Vernal,F,11,1513
Vernell,F,11,1514
Vernetta,F,11,1515
Vienna,F,11,1516
Vola,F,11,1517
Walter,F,11,1518
Zeta,F,11,1519
Zettie,F,11,1520
Adel,F,10,1521
Aldea,F,10,1522
Alexandra,F,10,1523
Almetta,F,10,1524
Anniemae,F,10,1525
Aretha,F,10,1526
Aretta,F,10,1527
Arilla,F,10,1528
Avery,F,10,1529
Azilee,F,10,1530
Bernie,F,10,1531
Blonnie,F,10,1532
Carlota,F,10,1533
Casimira,F,10,1534
Catarina,F,10,1535
Cecille,F,10,1536
Cele,F,10,1537
Chlora,F,10,1538
Christie,F,10,1539
Cinda,F,10,1540
Cleola,F,10,1541
Clorinda,F,10,1542
Clotilde,F,10,1543
Coralee,F,10,1544
Dannie,F,10,1545
Darline,F,10,1546
Dasie,F,10,1547
Doshia,F,10,1548
Doshie,F,10,1549
Dossie,F,10,1550
Dot,F,10,1551
Eleonora,F,10,1552
Ellamae,F,10,1553
Ellar,F,10,1554
Ema,F,10,1555
Etna,F,10,1556
Ever,F,10,1557
Fidelia,F,10,1558
Francies,F,10,1559
Fredericka,F,10,1560
Geneveive,F,10,1561
Girtie,F,10,1562
Glenda,F,10,1563
Gretta,F,10,1564
Gustava,F,10,1565
Hilja,F,10,1566
Hyacinth,F,10,1567
Ignacia,F,10,1568
Isola,F,10,1569
Lacie,F,10,1570
Lana,F,10,1571
Lanie,F,10,1572
Lavenia,F,10,1573
Lear,F,10,1574
Leitha,F,10,1575
Lella,F,10,1576
Leonard,F,10,1577
Lester,F,10,1578
Lovenia,F,10,1579
Luanna,F,10,1580
Luceal,F,10,1581
Lucetta,F,10,1582
Luvina,F,10,1583
Macel,F,10,1584
Mannie,F,10,1585
Margrett,F,10,1586
Marlene,F,10,1587
Marye,F,10,1588
Mayola,F,10,1589
Mercy,F,10,1590
Monna,F,10,1591
Montie,F,10,1592
Naida,F,10,1593
Nealie,F,10,1594
Nicolina,F,10,1595
Nolia,F,10,1596
Orlena,F,10,1597
Otila,F,10,1598
Otilia,F,10,1599
Ottilia,F,10,1600
Oza,F,10,1601
Perry,F,10,1602
Phebe,F,10,1603
Piccola,F,10,1604
Princess,F,10,1605
Raymond,F,10,1606
Robena,F,10,1607
Roseanna,F,10,1608
Roxy,F,10,1609
Ruie,F,10,1610
Saima,F,10,1611
Salina,F,10,1612
Samantha,F,10,1613
Sheila,F,10,1614
Shizuko,F,10,1615
Sussie,F,10,1616
Sylvester,F,10,1617
Teodora,F,10,1618
Theora,F,10,1619
Thresa,F,10,1620
Vannie,F,10,1621
Vara,F,10,1622
Velna,F,10,1623
Verena,F,10,1624
Versa,F,10,1625
Veta,F,10,1626
Vilma,F,10,1627
Virdie,F,10,1628
Wava,F,10,1629
Wilhelmine,F,10,1630
Willard,F,10,1631
Yoshiko,F,10,1632
Ysabel,F,10,1633
Adda,F,9,1634
Ader,F,9,1635
Aldine,F,9,1636
Alethea,F,9,1637
Allen,F,9,1638
Alzina,F,9,1639
Ammie,F,9,1640
Ardelle,F,9,1641
Arkie,F,9,1642
Arla,F,9,1643
Aubrey,F,9,1644
Audree,F,9,1645
Babe,F,9,1646
Beadie,F,9,1647
Bernece,F,9,1648
Buena,F,9,1649
Carlene,F,9,1650
Carole,F,9,1651
Carra,F,9,1652
Charlsie,F,9,1653
Claude,F,9,1654
Cleva,F,9,1655
Clovis,F,9,1656
Clydia,F,9,1657
Corda,F,9,1658
Cornelious,F,9,1659
David,F,9,1660
Domitila,F,9,1661
Dorathea,F,9,1662
Doretta,F,9,1663
Echo,F,9,1664
Elener,F,9,1665
Elenore,F,9,1666
Elfreda,F,9,1667
Eller,F,9,1668
Elois,F,9,1669
Emelda,F,9,1670
Emmy,F,9,1671
Ercel,F,9,1672
Erin,F,9,1673
Esma,F,9,1674
Ethyle,F,9,1675
Fabiola,F,9,1676
Flavia,F,9,1677
Floyd,F,9,1678
Forrest,F,9,1679
Fredia,F,9,1680
Fronia,F,9,1681
Gabriella,F,9,1682
Gaetana,F,9,1683
Garland,F,9,1684
Genevia,F,9,1685
Girlie,F,9,1686
Harry,F,9,1687
Herlinda,F,9,1688
Honora,F,9,1689
Ilo,F,9,1690
Indiana,F,9,1691
Irena,F,9,1692
Ivery,F,9,1693
Ivie,F,9,1694
Jeanetta,F,9,1695
Jenette,F,9,1696
Jesusita,F,9,1697
Katharyn,F,9,1698
Laurence,F,9,1699
Leala,F,9,1700
Leanora,F,9,1701
Leita,F,9,1702
Leva,F,9,1703
Liller,F,9,1704
Lisa,F,9,1705
Louisiana,F,9,1706
Lovetta,F,9,1707
Lovina,F,9,1708
Lucienne,F,9,1709
Lucyle,F,9,1710
Luddie,F,9,1711
Lurene,F,9,1712
Luretta,F,9,1713
Maddie,F,9,1714
Madolyn,F,9,1715
Marcelline,F,9,1716
Margarite,F,9,1717
Margrette,F,9,1718
Marylou,F,9,1719
Maydell,F,9,1720
Michael,F,9,1721
Minette,F,9,1722
Modesta,F,9,1723
Murl,F,9,1724
Nana,F,9,1725
Nena,F,9,1726
Nolie,F,9,1727
Novie,F,9,1728
Odessia,F,9,1729
Odile,F,9,1730
Okie,F,9,1731
Olie,F,9,1732
Othella,F,9,1733
Ottilie,F,9,1734
Ovella,F,9,1735
Pankie,F,9,1736
Paul,F,9,1737
Pilar,F,9,1738
Pluma,F,9,1739
Pocahontas,F,9,1740
Reather,F,9,1741
Refugio,F,9,1742
Renna,F,9,1743
Reola,F,9,1744
Rheba,F,9,1745
Richard,F,9,1746
Roena,F,9,1747
Rosana,F,9,1748
Roy,F,9,1749
Ruthe,F,9,1750
Sabra,F,9,1751
Sandra,F,9,1752
Savanah,F,9,1753
Savilla,F,9,1754
Sennie,F,9,1755
Sydell,F,9,1756
Tennessee,F,9,1757
Theresia,F,9,1758
Thomasina,F,9,1759
Tishie,F,9,1760
Toni,F,9,1761
Trixie,F,9,1762
Victorine,F,9,1763
Villa,F,9,1764
Vira,F,9,1765
Vista,F,9,1766
Vonda,F,9,1767
Wynona,F,9,1768
Zara,F,9,1769
Zelphia,F,9,1770
Zera,F,9,1771
Zuma,F,9,1772
Aileene,F,8,1773
Ala,F,8,1774
Aleda,F,8,1775
Alvenia,F,8,1776
Alverda,F,8,1777
Amelie,F,8,1778
Andrew,F,8,1779
Annice,F,8,1780
Anniebell,F,8,1781
Antonietta,F,8,1782
Arah,F,8,1783
Arminta,F,8,1784
Avice,F,8,1785
Avo,F,8,1786
Babette,F,8,1787
Beauty,F,8,1788
Belma,F,8,1789
Bertina,F,8,1790
Billy,F,8,1791
Brenda,F,8,1792
Calista,F,8,1793
Carla,F,8,1794
Cary,F,8,1795
Caterina,F,8,1796
Charley,F,8,1797
China,F,8,1798
Chiyoko,F,8,1799
Clair,F,8,1800
Clarinda,F,8,1801
Clarine,F,8,1802
Clarise,F,8,1803
Clema,F,8,1804
Collette,F,8,1805
Concha,F,8,1806
Courtney,F,8,1807
Dawn,F,8,1808
Dellar,F,8,1809
Delphina,F,8,1810
Dema,F,8,1811
Doll,F,8,1812
Donie,F,8,1813
Dorathy,F,8,1814
Dorothe,F,8,1815
Dorthey,F,8,1816
Dulcie,F,8,1817
Earl,F,8,1818
Ebba,F,8,1819
Elba,F,8,1820
Elnore,F,8,1821
Elza,F,8,1822
Erlinda,F,8,1823
Evva,F,8,1824
Exa,F,8,1825
Fayetta,F,8,1826
Fleda,F,8,1827
Fleta,F,8,1828
Floris,F,8,1829
Fortunata,F,8,1830
Francesca,F,8,1831
Fred,F,8,1832
Gatha,F,8,1833
Gena,F,8,1834
Glenn,F,8,1835
Hasel,F,8,1836
Heloise,F,8,1837
Hollis,F,8,1838
Honor,F,8,1839
Idelle,F,8,1840
Ilean,F,8,1841
Inda,F,8,1842
Isa,F,8,1843
Janis,F,8,1844
Jay,F,8,1845
Jayne,F,8,1846
Jeannie,F,8,1847
Jessye,F,8,1848
Joesphine,F,8,1849
Jovita,F,8,1850
Judie,F,8,1851
Lara,F,8,1852
Lawrence,F,8,1853
Leather,F,8,1854
Ledora,F,8,1855
Leeta,F,8,1856
Lelar,F,8,1857
Leolia,F,8,1858
Letta,F,8,1859
Librada,F,8,1860
Lilliemae,F,8,1861
Littie,F,8,1862
Loise,F,8,1863
Loney,F,8,1864
Louetta,F,8,1865
Lular,F,8,1866
Lyle,F,8,1867
Lynette,F,8,1868
Mada,F,8,1869
Mahalie,F,8,1870
Maidie,F,8,1871
Maizie,F,8,1872
Manuelita,F,8,1873
Maree,F,8,1874
Margart,F,8,1875
Margretta,F,8,1876
Marguerita,F,8,1877
Marinda,F,8,1878
Marta,F,8,1879
Marvin,F,8,1880
Maybel,F,8,1881
Medora,F,8,1882
Melanie,F,8,1883
Meryl,F,8,1884
Milda,F,8,1885
Milly,F,8,1886
Minta,F,8,1887
Modena,F,8,1888
Naomia,F,8,1889
Nelma,F,8,1890
Netta,F,8,1891
Odessie,F,8,1892
Olivette,F,8,1893
Otie,F,8,1894
Pearlean,F,8,1895
Pecola,F,8,1896
Penelope,F,8,1897
Percy,F,8,1898
Pheobe,F,8,1899
Phillis,F,8,1900
Philomene,F,8,1901
Placida,F,8,1902
Prince,F,8,1903
Raquel,F,8,1904
Rennie,F,8,1905
Robina,F,8,1906
Rosabelle,F,8,1907
Roselee,F,8,1908
Rosemond,F,8,1909
Simone,F,8,1910
Stacy,F,8,1911
Syd,F,8,1912
Thea,F,8,1913
Theodore,F,8,1914
Thersa,F,8,1915
Tommy,F,8,1916
Twyla,F,8,1917
Vadie,F,8,1918
Valentina,F,8,1919
Vashti,F,8,1920
Veneta,F,8,1921
Verta,F,8,1922
Vinita,F,8,1923
Violetta,F,8,1924
Virgina,F,8,1925
Virtie,F,8,1926
Wanita,F,8,1927
Wauneta,F,8,1928
Wessie,F,8,1929
Wilhelmena,F,8,1930
Willena,F,8,1931
Willetta,F,8,1932
Zela,F,8,1933
Zylpha,F,8,1934
Adelene,F,7,1935
Aldora,F,7,1936
Aleta,F,7,1937
Aliene,F,7,1938
Alise,F,7,1939
Alleen,F,7,1940
Allena,F,7,1941
Almedia,F,7,1942
Almeter,F,7,1943
Alyse,F,7,1944
Anice,F,7,1945
Annamarie,F,7,1946
Antoinetta,F,7,1947
Arlean,F,7,1948
Arletha,F,7,1949
Armella,F,7,1950
Auda,F,7,1951
Averil,F,7,1952
Becky,F,7,1953
Beda,F,7,1954
Belen,F,7,1955
Belvia,F,7,1956
Berneta,F,7,1957
Bernyce,F,7,1958
Bertice,F,7,1959
Beuna,F,7,1960
Birdia,F,7,1961
Blondell,F,7,1962
Brookie,F,7,1963
Burma,F,7,1964
Canary,F,7,1965
Candida,F,7,1966
Candis,F,7,1967
Carlee,F,7,1968
Carlena,F,7,1969
Carlie,F,7,1970
Cathern,F,7,1971
Celestia,F,7,1972
Clementina,F,7,1973
Clothilde,F,7,1974
Clydie,F,7,1975
Coreen,F,7,1976
Cuba,F,7,1977
Daphna,F,7,1978
Deane,F,7,1979
Deanna,F,7,1980
Decie,F,7,1981
Deena,F,7,1982
Dellia,F,7,1983
Delora,F,7,1984
Denise,F,7,1985
Diamond,F,7,1986
Doloris,F,7,1987
Doreen,F,7,1988
Elmyra,F,7,1989
Elodia,F,7,1990
Elzada,F,7,1991
Erla,F,7,1992
Erlene,F,7,1993
Ermal,F,7,1994
Ersie,F,7,1995
Ethelene,F,7,1996
Ethie,F,7,1997
Etter,F,7,1998
Eular,F,7,1999
Everleaner,F,7,2000
Famie,F,7,2001
Fanchon,F,7,2002
Floda,F,7,2003
Floree,F,7,2004
Floretta,F,7,2005
Floride,F,7,2006
Foy,F,7,2007
France,F,7,2008
Gale,F,7,2009
Gaynelle,F,7,2010
Gean,F,7,2011
Gerry,F,7,2012
Girtrude,F,7,2013
Gracia,F,7,2014
Grethel,F,7,2015
Helma,F,7,2016
Henritta,F,7,2017
Hildagard,F,7,2018
Holly,F,7,2019
Hortensia,F,7,2020
Icle,F,7,2021
Idamae,F,7,2022
Imo,F,7,2023
Jenetta,F,7,2024
Josepha,F,7,2025
Katrina,F,7,2026
Laila,F,7,2027
Laurette,F,7,2028
Lavilla,F,7,2029
Leneve,F,7,2030
Leocadia,F,7,2031
Leonarda,F,7,2032
Lesta,F,7,2033
Lewis,F,7,2034
Lillar,F,7,2035
Lillis,F,7,2036
Lorayne,F,7,2037
Lorretta,F,7,2038
Louanna,F,7,2039
Loula,F,7,2040
Lovena,F,7,2041
Loveta,F,7,2042
Luceil,F,7,2043
Ludy,F,7,2044
Luellar,F,7,2045
Luise,F,7,2046
Lyndall,F,7,2047
Mackie,F,7,2048
Madlyn,F,7,2049
Mafalda,F,7,2050
Maida,F,7,2051
Majorie,F,7,2052
Manie,F,7,2053
Margorie,F,7,2054
Marilla,F,7,2055
Mark,F,7,2056
Marrie,F,7,2057
Martin,F,7,2058
Maryanne,F,7,2059
Maryelizabeth,F,7,2060
Maryland,F,7,2061
Matie,F,7,2062
Mattye,F,7,2063
Maurene,F,7,2064
Maysel,F,7,2065
Media,F,7,2066
Melina,F,7,2067
Mena,F,7,2068
Merline,F,7,2069
Micaela,F,7,2070
Mintie,F,7,2071
Missie,F,7,2072
Monta,F,7,2073
Montine,F,7,2074
Mozel,F,7,2075
Murriel,F,7,2076
Nanette,F,7,2077
Natalia,F,7,2078
Nelly,F,7,2079
Norris,F,7,2080
Odeal,F,7,2081
Olinda,F,7,2082
Onalee,F,7,2083
Opha,F,7,2084
Oral,F,7,2085
Oretha,F,7,2086
Orie,F,7,2087
Ota,F,7,2088
Ovie,F,7,2089
Ozelle,F,7,2090
Ozzie,F,7,2091
Parlee,F,7,2092
Parrie,F,7,2093
Peachie,F,7,2094
Penny,F,7,2095
Permelia,F,7,2096
Philip,F,7,2097
Prudie,F,7,2098
Raffaela,F,7,2099
Ralph,F,7,2100
Rebeca,F,7,2101
Recie,F,7,2102
Reka,F,7,2103
Relda,F,7,2104
Ricarda,F,7,2105
Rosebud,F,7,2106
Rosy,F,7,2107
Rozelle,F,7,2108
Rubbie,F,7,2109
Ruberta,F,7,2110
Rushie,F,7,2111
Saddie,F,7,2112
Sedonia,F,7,2113
Senaida,F,7,2114
Simonne,F,7,2115
Sonya,F,7,2116
Suddie,F,7,2117
Teressa,F,7,2118
Texana,F,7,2119
Theressa,F,7,2120
Theta,F,7,2121
Topsy,F,7,2122
Tula,F,7,2123
Twylah,F,7,2124
Valeda,F,7,2125
Valley,F,7,2126
Venia,F,7,2127
Verdell,F,7,2128
Vicenta,F,7,2129
Viney,F,7,2130
Warren,F,7,2131
Wesley,F,7,2132
Wilhemina,F,7,2133
Willis,F,7,2134
Wilna,F,7,2135
Wylma,F,7,2136
Zell,F,7,2137
Zephyr,F,7,2138
Zollie,F,7,2139
Abby,F,6,2140
Adriana,F,6,2141
Albirta,F,6,2142
Alcie,F,6,2143
Aleatha,F,6,2144
Alena,F,6,2145
Alexina,F,6,2146
Alfhild,F,6,2147
Alie,F,6,2148
Alla,F,6,2149
Allyne,F,6,2150
Alveretta,F,6,2151
Anastacia,F,6,2152
Angelena,F,6,2153
Anona,F,6,2154
Anthony,F,6,2155
Araminta,F,6,2156
Arcola,F,6,2157
Aria,F,6,2158
Ariel,F,6,2159
Armelia,F,6,2160
Arnell,F,6,2161
Arta,F,6,2162
Autie,F,6,2163
Beatrix,F,6,2164
Beckie,F,6,2165
Bedie,F,6,2166
Belinda,F,6,2167
Bena,F,6,2168
Benedetta,F,6,2169
Bera,F,6,2170
Berda,F,6,2171
Bernadene,F,6,2172
Bernarda,F,6,2173
Billye,F,6,2174
Blanca,F,6,2175
Blannie,F,6,2176
Blossie,F,6,2177
Brownie,F,6,2178
Bruna,F,6,2179
Buford,F,6,2180
Candace,F,6,2181
Carey,F,6,2182
Carlean,F,6,2183
Carline,F,6,2184
Carmelina,F,6,2185
Carola,F,6,2186
Cecila,F,6,2187
Celena,F,6,2188
Clarabel,F,6,2189
Claris,F,6,2190
Clelia,F,6,2191
Clemence,F,6,2192
Clessie,F,6,2193
Clifton,F,6,2194
Clorine,F,6,2195
Clotilda,F,6,2196
Colletta,F,6,2197
Collie,F,6,2198
Conchetta,F,6,2199
Congetta,F,6,2200
Corena,F,6,2201
Cornelius,F,6,2202
Cressie,F,6,2203
Creta,F,6,2204
Cristina,F,6,2205
Delena,F,6,2206
Deloras,F,6,2207
Delva,F,6,2208
Dominica,F,6,2209
Donald,F,6,2210
Earlean,F,6,2211
Early,F,6,2212
Ednah,F,6,2213
Eldred,F,6,2214
Electra,F,6,2215
Eletha,F,6,2216
Ellan,F,6,2217
Ellena,F,6,2218
Elodie,F,6,2219
Elvena,F,6,2220
Elvy,F,6,2221
Elzina,F,6,2222
Equilla,F,6,2223
Ermina,F,6,2224
Erminia,F,6,2225
Estefana,F,6,2226
Estel,F,6,2227
Estela,F,6,2228
Estie,F,6,2229
Estoria,F,6,2230
Ethelda,F,6,2231
Eunie,F,6,2232
Evalee,F,6,2233
Evalina,F,6,2234
Evelynne,F,6,2235
Everlean,F,6,2236
Everlyn,F,6,2237
Felicita,F,6,2238
Florice,F,6,2239
Fredda,F,6,2240
Fumiko,F,6,2241
Gaye,F,6,2242
Gearldine,F,6,2243
Gemma,F,6,2244
Geneieve,F,6,2245
Genoa,F,6,2246
Georga,F,6,2247
Geraldyne,F,6,2248
Gertrue,F,6,2249
Gertude,F,6,2250
Gillie,F,6,2251
Gina,F,6,2252
Gladies,F,6,2253
Glayds,F,6,2254
Glenice,F,6,2255
Gracy,F,6,2256
Grady,F,6,2257
Gudrun,F,6,2258
Gurtha,F,6,2259
Gustavia,F,6,2260
Gypsy,F,6,2261
Haruko,F,6,2262
Herman,F,6,2263
Hetty,F,6,2264
Hortencia,F,6,2265
Iantha,F,6,2266
Icel,F,6,2267
Ilona,F,6,2268
Irja,F,6,2269
Isadora,F,6,2270
Izella,F,6,2271
Jacquelyn,F,6,2272
Jeanett,F,6,2273
Jemima,F,6,2274
Jeneva,F,6,2275
Jesus,F,6,2276
Jill,F,6,2277
Jocie,F,6,2278
Joeanna,F,6,2279
Joella,F,6,2280
Jose,F,6,2281
Josphine,F,6,2282
Katheryne,F,6,2283
Kathyrn,F,6,2284
Kaye,F,6,2285
Kelly,F,6,2286
Laney,F,6,2287
Laurena,F,6,2288
Lemma,F,6,2289
Levada,F,6,2290
Levonia,F,6,2291
Lilliam,F,6,2292
Lloyd,F,6,2293
Lodema,F,6,2294
Loleta,F,6,2295
Lorain,F,6,2296
Loretha,F,6,2297
Lorette,F,6,2298
Lorina,F,6,2299
Louellen,F,6,2300
Lovell,F,6,2301
Lu,F,6,2302
Lubertha,F,6,2303
Ludmilla,F,6,2304
Luevina,F,6,2305
Lulla,F,6,2306
Lurena,F,6,2307
Lynda,F,6,2308
Lynne,F,6,2309
Madelin,F,6,2310
Madora,F,6,2311
Magaret,F,6,2312
Malta,F,6,2313
Margreat,F,6,2314
Marybell,F,6,2315
Marylouise,F,6,2316
Maryon,F,6,2317
Massie,F,6,2318
Meriam,F,6,2319
Merry,F,6,2320
Minda,F,6,2321
Minnette,F,6,2322
Miranda,F,6,2323
Monie,F,6,2324
Murray,F,6,2325
Necie,F,6,2326
Nelie,F,6,2327
Neomia,F,6,2328
Nicie,F,6,2329
Nicolasa,F,6,2330
Ninfa,F,6,2331
Noella,F,6,2332
Obie,F,6,2333
Ocia,F,6,2334
Oddie,F,6,2335
Okla,F,6,2336
Olene,F,6,2337
Oline,F,6,2338
Opel,F,6,2339
Ophia,F,6,2340
Ople,F,6,2341
Orlean,F,6,2342
Orma,F,6,2343
Orrie,F,6,2344
Othello,F,6,2345
Pablita,F,6,2346
Parlie,F,6,2347
Paulette,F,6,2348
Perle,F,6,2349
Pernie,F,6,2350
Petronella,F,6,2351
Phylis,F,6,2352
Pierina,F,6,2353
Quincy,F,6,2354
Racheal,F,6,2355
Ragnhild,F,6,2356
Rebekah,F,6,2357
Renetta,F,6,2358
Rhodie,F,6,2359
Robin,F,6,2360
Rosey,F,6,2361
Rosine,F,6,2362
Ruperta,F,6,2363
Sada,F,6,2364
Saloma,F,6,2365
Sarita,F,6,2366
Soledad,F,6,2367
Steffie,F,6,2368
Stephany,F,6,2369
Susann,F,6,2370
Susannah,F,6,2371
Suzanna,F,6,2372
Sydelle,F,6,2373
Terese,F,6,2374
Tess,F,6,2375
Thekla,F,6,2376
Thera,F,6,2377
Thula,F,6,2378
Tora,F,6,2379
Tracy,F,6,2380
Tyyne,F,6,2381
Valarie,F,6,2382
Vee,F,6,2383
Velvia,F,6,2384
Vern,F,6,2385
Vessie,F,6,2386
Vila,F,6,2387
Vinie,F,6,2388
Voncile,F,6,2389
Walsie,F,6,2390
Wanetta,F,6,2391
Wayne,F,6,2392
Wilberta,F,6,2393
Wreatha,F,6,2394
Zeola,F,6,2395
Zina,F,6,2396
Zylphia,F,6,2397
Adelaida,F,5,2398
Adina,F,5,2399
Adria,F,5,2400
Adrianna,F,5,2401
Ailene,F,5,2402
Aino,F,5,2403
Albena,F,5,2404
Albirtha,F,5,2405
Aldona,F,5,2406
Aleane,F,5,2407
Alejandra,F,5,2408
Alfa,F,5,2409
Alfred,F,5,2410
Alfrieda,F,5,2411
Alison,F,5,2412
Allien,F,5,2413
Alliene,F,5,2414
Allison,F,5,2415
Almeada,F,5,2416
Alton,F,5,2417
Alvia,F,5,2418
Alyene,F,5,2419
Ama,F,5,2420
Amada,F,5,2421
Amna,F,5,2422
Annamay,F,5,2423
Annella,F,5,2424
Antha,F,5,2425
Antoniette,F,5,2426
Arbell,F,5,2427
Ardie,F,5,2428
Ardys,F,5,2429
Arlis,F,5,2430
Arma,F,5,2431
Armanda,F,5,2432
Armenta,F,5,2433
Arminda,F,5,2434
Artha,F,5,2435
Artis,F,5,2436
Ary,F,5,2437
Asalee,F,5,2438
Aslee,F,5,2439
Atlanta,F,5,2440
Atlas,F,5,2441
Audrea,F,5,2442
Australia,F,5,2443
Autumn,F,5,2444
Avanelle,F,5,2445
Ayako,F,5,2446
Azalea,F,5,2447
Azlee,F,5,2448
Beatric,F,5,2449
Bernard,F,5,2450
Beryle,F,5,2451
Bill,F,5,2452
Birda,F,5,2453
Birdell,F,5,2454
Birdella,F,5,2455
Brunette,F,5,2456
Bular,F,5,2457
Bunnie,F,5,2458
Burnetta,F,5,2459
Byrd,F,5,2460
Calla,F,5,2461
Candelaria,F,5,2462
Carie,F,5,2463
Carita,F,5,2464
Carlyn,F,5,2465
Carma,F,5,2466
Carolyne,F,5,2467
Cathryne,F,5,2468
Celesta,F,5,2469
Cenia,F,5,2470
Charlcie,F,5,2471
Chelsea,F,5,2472
Cherie,F,5,2473
Chessie,F,5,2474
Christen,F,5,2475
Christobel,F,5,2476
Clarisse,F,5,2477
Clatie,F,5,2478
Claudina,F,5,2479
Clayton,F,5,2480
Cleavie,F,5,2481
Clemie,F,5,2482
Cleota,F,5,2483
Cleotilde,F,5,2484
Clevie,F,5,2485
Clister,F,5,2486
Cloe,F,5,2487
Clotile,F,5,2488
Concettina,F,5,2489
Coralie,F,5,2490
Cordella,F,5,2491
Coretta,F,5,2492
Corinna,F,5,2493
Cosby,F,5,2494
Dagny,F,5,2495
Dahlia,F,5,2496
Damie,F,5,2497
Dara,F,5,2498
Dealie,F,5,2499
Deette,F,5,2500
Delight,F,5,2501
Delmar,F,5,2502
Delvina,F,5,2503
Desiree,F,5,2504
Dicy,F,5,2505
Donella,F,5,2506
Donia,F,5,2507
Dorothie,F,5,2508
Dova,F,5,2509
Dula,F,5,2510
Earnie,F,5,2511
Ebbie,F,5,2512
Eddith,F,5,2513
Edgar,F,5,2514
Edie,F,5,2515
Editha,F,5,2516
Edris,F,5,2517
Edwin,F,5,2518
Eithel,F,5,2519
Elcie,F,5,2520
Elene,F,5,2521
Elese,F,5,2522
Elin,F,5,2523
Elmo,F,5,2524
Elner,F,5,2525
Enora,F,5,2526
Epsie,F,5,2527
Ernest,F,5,2528
Ernestina,F,5,2529
Erva,F,5,2530
Estellar,F,5,2531
Etheline,F,5,2532
Eulalie,F,5,2533
Evadne,F,5,2534
Everlina,F,5,2535
Ezell,F,5,2536
Ezma,F,5,2537
Ezzie,F,5,2538
Fairie,F,5,2539
Fayne,F,5,2540
Felicie,F,5,2541
Fernande,F,5,2542
Ferol,F,5,2543
Flara,F,5,2544
Florabelle,F,5,2545
Florena,F,5,2546
Fonda,F,5,2547
Forest,F,5,2548
Frederick,F,5,2549
Fredonia,F,5,2550
Fredrica,F,5,2551
Fritzie,F,5,2552
Gabriel,F,5,2553
Geneve,F,5,2554
Genever,F,5,2555
Genieve,F,5,2556
Georgena,F,5,2557
Georgine,F,5,2558
Gerald,F,5,2559
Giovanna,F,5,2560
Glada,F,5,2561
Gola,F,5,2562
Gunda,F,5,2563
Gustie,F,5,2564
Hadassah,F,5,2565
Havana,F,5,2566
Hellon,F,5,2567
Helmi,F,5,2568
Henretter,F,5,2569
Homer,F,5,2570
Hortence,F,5,2571
Hurley,F,5,2572
Hyla,F,5,2573
Hylda,F,5,2574
Idabell,F,5,2575
Idellar,F,5,2576
Ilma,F,5,2577
Inza,F,5,2578
Ionia,F,5,2579
Irean,F,5,2580
Ireta,F,5,2581
Isidra,F,5,2582
Ivadell,F,5,2583
Janey,F,5,2584
Jannette,F,5,2585
Jenett,F,5,2586
Jenie,F,5,2587
Jennell,F,5,2588
Jennett,F,5,2589
Jetta,F,5,2590
Jewelle,F,5,2591
Jocelyn,F,5,2592
Julian,F,5,2593
Kathy,F,5,2594
Kelsie,F,5,2595
Kimiko,F,5,2596
Ladonna,F,5,2597
Lanora,F,5,2598
Larena,F,5,2599
Lauda,F,5,2600
Laurina,F,5,2601
Laverda,F,5,2602
Lavere,F,5,2603
Lavona,F,5,2604
Lavone,F,5,2605
Lealer,F,5,2606
Leathie,F,5,2607
Leatrice,F,5,2608
Lener,F,5,2609
Lesley,F,5,2610
Lether,F,5,2611
Levie,F,5,2612
Liddy,F,5,2613
Lidwina,F,5,2614
Lima,F,5,2615
Lodie,F,5,2616
Lollie,F,5,2617
Lonia,F,5,2618
Lorie,F,5,2619
Lorinda,F,5,2620
Lorita,F,5,2621
Lorrine,F,5,2622
Lotta,F,5,2623
Loyola,F,5,2624
Lua,F,5,2625
Luciana,F,5,2626
Lucielle,F,5,2627
Lucindia,F,5,2628
Lucylle,F,5,2629
Luda,F,5,2630
Ludella,F,5,2631
Ludia,F,5,2632
Lueller,F,5,2633
Lugenia,F,5,2634
Lutie,F,5,2635
Lutisha,F,5,2636
Luvada,F,5,2637
Luverna,F,5,2638
Luverne,F,5,2639
Madeliene,F,5,2640
Madline,F,5,2641
Maeola,F,5,2642
Mandie,F,5,2643
Maragret,F,5,2644
Marcile,F,5,2645
Marget,F,5,2646
Margrete,F,5,2647
Maribel,F,5,2648
Marlys,F,5,2649
Marsha,F,5,2650
Marvella,F,5,2651
Maryan,F,5,2652
Maryellen,F,5,2653
Marylyn,F,5,2654
Maryrose,F,5,2655
Maudell,F,5,2656
Maurice,F,5,2657
Maydelle,F,5,2658
Mayo,F,5,2659
Mazzie,F,5,2660
Medie,F,5,2661
Melia,F,5,2662
Mella,F,5,2663
Merlie,F,5,2664
Mertis,F,5,2665
Mimie,F,5,2666
Mineola,F,5,2667
Minervia,F,5,2668
Mira,F,5,2669
Misao,F,5,2670
Mitzie,F,5,2671
Mollye,F,5,2672
Monette,F,5,2673
Montana,F,5,2674
Morene,F,5,2675
Morine,F,5,2676
Nadie,F,5,2677
Nancie,F,5,2678
Nannette,F,5,2679
Nathalee,F,5,2680
Natividad,F,5,2681
Neal,F,5,2682
Necia,F,5,2683
Noemie,F,5,2684
Nollie,F,5,2685
Nonnie,F,5,2686
Odelle,F,5,2687
Oleva,F,5,2688
Olia,F,5,2689
Oneal,F,5,2690
Oree,F,5,2691
Oria,F,5,2692
Orla,F,5,2693
Orva,F,5,2694
Orvetta,F,5,2695
Orvilla,F,5,2696
Osa,F,5,2697
Osceola,F,5,2698
Ottis,F,5,2699
Ovell,F,5,2700
Page,F,5,2701
Pairlee,F,5,2702
Palmer,F,5,2703
Pamela,F,5,2704
Panzie,F,5,2705
Parthena,F,5,2706
Paulene,F,5,2707
Paulita,F,5,2708
Peaches,F,5,2709
Persis,F,5,2710
Petrina,F,5,2711
Philippa,F,5,2712
Pia,F,5,2713
Rada,F,5,2714
Reah,F,5,2715
Rebie,F,5,2716
Reyes,F,5,2717
Rhonda,F,5,2718
Riva,F,5,2719
Robertha,F,5,2720
Robie,F,5,2721
Romana,F,5,2722
Rosamonde,F,5,2723
Rosanne,F,5,2724
Roselie,F,5,2725
Rosell,F,5,2726
Rosezella,F,5,2727
Roye,F,5,2728
Rozetta,F,5,2729
Rubby,F,5,2730
Rubina,F,5,2731
Rudell,F,5,2732
Ruthann,F,5,2733
Ruther,F,5,2734
Santana,F,5,2735
Senia,F,5,2736
Senora,F,5,2737
Sherley,F,5,2738
Sidonia,F,5,2739
Simmie,F,5,2740
Sina,F,5,2741
Stanley,F,5,2742
Stellar,F,5,2743
Svea,F,5,2744
Swannie,F,5,2745
Sylvania,F,5,2746
Tabitha,F,5,2747
Tecora,F,5,2748
Tekla,F,5,2749
Tempy,F,5,2750
Tera,F,5,2751
Texas,F,5,2752
Thomasine,F,5,2753
Travis,F,5,2754
Troy,F,5,2755
Tyne,F,5,2756
Valene,F,5,2757
Valeta,F,5,2758
Vandella,F,5,2759
Vanetta,F,5,2760
Velora,F,5,2761
Venie,F,5,2762
Ventura,F,5,2763
Verl,F,5,2764
Verle,F,5,2765
Vermell,F,5,2766
Versia,F,5,2767
Veryl,F,5,2768
Vesper,F,5,2769
Vestie,F,5,2770
Victor,F,5,2771
Vieno,F,5,2772
Vinia,F,5,2773
Voila,F,5,2774
Vona,F,5,2775
Wilfred,F,5,2776
Willette,F,5,2777
Willma,F,5,2778
Willmetta,F,5,2779
Willye,F,5,2780
Wilsie,F,5,2781
Woodie,F,5,2782
Wyoma,F,5,2783
Yolan,F,5,2784
Yolande,F,5,2785
Zaida,F,5,2786
Zenith,F,5,2787
Zenna,F,5,2788
Zillah,F,5,2789
Zonia,F,5,2790
John,M,11450,1
James,M,9194,2
William,M,8844,3
Robert,M,5609,4
George,M,5441,5
Joseph,M,5228,6
Charles,M,4784,7
Frank,M,3768,8
Edward,M,3407,9
Henry,M,2899,10
Willie,M,2897,11
Thomas,M,2851,12
Walter,M,2596,13
Albert,M,2183,14
Paul,M,2005,15
Harry,M,1978,16
Arthur,M,1942,17
Harold,M,1909,18
Raymond,M,1737,19
Clarence,M,1706,20
Richard,M,1654,21
Fred,M,1587,22
Jack,M,1576,23
Louis,M,1569,24
Joe,M,1553,25
Carl,M,1339,26
Howard,M,1309,27
Ralph,M,1278,28
Roy,M,1267,29
David,M,1258,30
Ernest,M,1167,31
Samuel,M,1129,32
Earl,M,1109,33
Charlie,M,1107,34
Lawrence,M,1009,35
Francis,M,1000,36
Anthony,M,980,37
Alfred,M,922,38
Eugene,M,888,39
Sam,M,888,40
Herbert,M,886,41
Andrew,M,884,42
Kenneth,M,880,43
Donald,M,860,44
Michael,M,844,45
Leonard,M,793,46
Stanley,M,761,47
Elmer,M,760,48
Lee,M,741,49
Leroy,M,733,50
Leo,M,707,51
Herman,M,696,52
Daniel,M,692,53
Theodore,M,692,54
Floyd,M,687,55
Peter,M,631,56
Clyde,M,617,57
Russell,M,615,58
Eddie,M,595,59
Jesse,M,590,60
Chester,M,561,61
Bernard,M,560,62
Norman,M,557,63
Lester,M,556,64
Lewis,M,555,65
Clifford,M,551,66
Lloyd,M,545,67
Ray,M,545,68
Frederick,M,543,69
Benjamin,M,536,70
Edwin,M,536,71
Jessie,M,516,72
Oscar,M,505,73
Johnnie,M,502,74
Melvin,M,482,75
Milton,M,476,76
Cecil,M,472,77
Claude,M,463,78
Ben,M,454,79
Edgar,M,441,80
Leon,M,435,81
Tom,M,428,82
Philip,M,418,83
Marvin,M,413,84
Alvin,M,401,85
Martin,M,396,86
Luther,M,383,87
Everett,M,382,88
Harvey,M,382,89
Victor,M,372,90
Morris,M,367,91
Allen,M,355,92
Sidney,M,353,93
Vernon,M,351,94
Julius,M,350,95
Stephen,M,350,96
Glenn,M,349,97
Homer,M,347,98
Vincent,M,343,99
Jim,M,331,100
Alexander,M,324,101
Leslie,M,313,102
Oliver,M,307,103
Wilbur,M,298,104
Gerald,M,289,105
Hubert,M,289,106
Manuel,M,288,107
Marion,M,286,108
Otis,M,285,109
Maurice,M,283,110
Virgil,M,280,111
Hugh,M,279,112
Will,M,278,113
Curtis,M,277,114
Max,M,277,115
Gilbert,M,274,116
Jacob,M,273,117
Irving,M,272,118
Archie,M,265,119
Gordon,M,265,120
Willard,M,265,121
Warren,M,264,122
Horace,M,261,123
Bill,M,259,124
Jimmie,M,259,125
Arnold,M,258,126
Alex,M,256,127
Earnest,M,255,128
Patrick,M,254,129
Isaac,M,252,130
Jerry,M,251,131
Wallace,M,251,132
Guy,M,250,133
Jose,M,249,134
Nathan,M,245,135
Steve,M,245,136
Nicholas,M,235,137
Ira,M,233,138
Nathaniel,M,232,139
Ed,M,229,140
Wayne,M,228,141
Orville,M,223,142
Mike,M,222,143
Roosevelt,M,222,144
Rufus,M,221,145
Bennie,M,218,146
Rudolph,M,218,147
Lonnie,M,217,148
Willis,M,216,149
Mack,M,213,150
Tony,M,212,151
Wesley,M,209,152
Calvin,M,201,153
Edmund,M,200,154
Otto,M,200,155
Sylvester,M,200,156
Johnie,M,199,157
Matthew,M,197,158
Jerome,M,196,159
Percy,M,195,160
Emil,M,194,161
Abraham,M,191,162
Roland,M,191,163
Dan,M,188,164
Glen,M,184,165
Elbert,M,183,166
Charley,M,181,167
Clifton,M,178,168
Dave,M,178,169
Franklin,M,176,170
Roger,M,176,171
Douglas,M,169,172
Johnny,M,167,173
Phillip,M,167,174
Clinton,M,162,175
Felix,M,161,176
Booker,M,159,177
Clayton,M,159,178
Emmett,M,159,179
Antonio,M,158,180
Pete,M,156,181
Adam,M,154,182
Juan,M,150,183
Jake,M,148,184
Ellis,M,147,185
Wilbert,M,146,186
Aaron,M,145,187
August,M,144,188
Nelson,M,142,189
Bert,M,141,190
Don,M,140,191
Irvin,M,137,192
Kermit,M,136,193
Roscoe,M,136,194
Angelo,M,135,195
Dennis,M,135,196
Moses,M,132,197
Simon,M,132,198
Ervin,M,131,199
Mark,M,131,200
Julian,M,129,201
Tommie,M,129,202
Salvatore,M,128,203
Ted,M,127,204
Dale,M,125,205
Marshall,M,125,206
Perry,M,125,207
Amos,M,124,208
Nick,M,124,209
Adolph,M,122,210
Alton,M,122,211
Delbert,M,122,212
Jay,M,120,213
Owen,M,118,214
Ronald,M,118,215
Lyle,M,117,216
Grady,M,114,217
Larry,M,114,218
Laurence,M,114,219
Ollie,M,114,220
Grover,M,113,221
Preston,M,112,222
Wilson,M,112,223
Ivan,M,109,224
Cleveland,M,108,225
Sherman,M,107,226
Gus,M,106,227
Aubrey,M,105,228
Bob,M,103,229
Forrest,M,103,230
Jess,M,103,231
Ross,M,103,232
Austin,M,101,233
Elijah,M,101,234
Merle,M,100,235
Emanuel,M,99,236
Loyd,M,99,237
Mary,M,99,238
Bruce,M,98,239
Buster,M,98,240
Edmond,M,98,241
Leland,M,97,242
Wilfred,M,97,243
Cornelius,M,96,244
Grant,M,96,245
Freddie,M,95,246
Harrison,M,95,247
Louie,M,95,248
Dominick,M,93,249
Elwood,M,93,250
Reuben,M,93,251
Karl,M,92,252
Gene,M,91,253
Alonzo,M,90,254
Troy,M,90,255
Byron,M,89,256
Carlton,M,89,257
Carroll,M,89,258
Harley,M,89,259
Murray,M,89,260
Dewey,M,87,261
Noah,M,87,262
Boyd,M,86,263
Elmo,M,86,264
Malcolm,M,86,265
Ramon,M,85,266
Jeff,M,83,267
Pedro,M,83,268
Ruben,M,83,269
Allan,M,82,270
Carlos,M,82,271
Jasper,M,82,272
Mitchell,M,82,273
Tommy,M,82,274
Solomon,M,81,275
Claud,M,78,276
Monroe,M,78,277
Andy,M,76,278
Millard,M,75,279
Timothy,M,75,280
Wade,M,75,281
Abe,M,74,282
Anton,M,74,283
Garland,M,74,284
Al,M,73,285
Jesus,M,73,286
Sol,M,73,287
Wiley,M,73,288
Cleo,M,72,289
Erwin,M,72,290
Barney,M,71,291
Clark,M,71,292
Lowell,M,71,293
Luke,M,71,294
Mose,M,71,295
Christopher,M,70,296
Dock,M,70,297
Fredrick,M,70,298
Coy,M,69,299
Levi,M,69,300
Wendell,M,69,301
Loren,M,66,302
Steven,M,66,303
Forest,M,65,304
Francisco,M,65,305
Myron,M,65,306
Neal,M,65,307
Randolph,M,65,308
Rex,M,65,309
Silas,M,64,310
Buford,M,63,311
Eli,M,63,312
Lynn,M,63,313
Marcus,M,63,314
Riley,M,63,315
Eldon,M,62,316
Alva,M,61,317
Alfonso,M,60,318
Cyril,M,60,319
Hyman,M,60,320
Alan,M,59,321
Dallas,M,59,322
Reginald,M,59,323
Hiram,M,58,324
Pat,M,58,325
Odell,M,57,326
Orval,M,57,327
Thurman,M,57,328
Alphonse,M,56,329
Isiah,M,56,330
Wilmer,M,56,331
Dwight,M,55,332
Emery,M,55,333
Emory,M,55,334
Joel,M,55,335
Odis,M,55,336
Augustus,M,54,337
Bruno,M,54,338
Earle,M,54,339
Elvin,M,54,340
Fletcher,M,54,341
Isadore,M,54,342
Neil,M,54,343
Spencer,M,54,344
Burton,M,53,345
Conrad,M,53,346
Dean,M,53,347
Dominic,M,53,348
Mathew,M,53,349
Miles,M,53,350
Ora,M,53,351
Stewart,M,53,352
Anderson,M,52,353
Bud,M,52,354
Dick,M,52,355
Emerson,M,52,356
Freeman,M,52,357
Meyer,M,52,358
Clement,M,51,359
Jackson,M,51,360
Jimmy,M,51,361
Maynard,M,50,362
Russel,M,50,363
Ward,M,50,364
Buck,M,49,365
Gerard,M,49,366
Ike,M,49,367
Irwin,M,49,368
Scott,M,49,369
Ambrose,M,48,370
Ferdinand,M,48,371
Lucius,M,48,372
Norris,M,48,373
Sammie,M,48,374
Sanford,M,48,375
Benny,M,47,376
Herschel,M,47,377
King,M,47,378
Mario,M,47,379
Olin,M,47,380
Rocco,M,47,381
Weldon,M,47,382
Basil,M,46,383
Elton,M,46,384
Hollis,M,46,385
Kelly,M,46,386
Lorenzo,M,46,387
Major,M,46,388
Pasquale,M,46,389
Sterling,M,46,390
Morgan,M,45,391
Ned,M,45,392
Taft,M,45,393
Van,M,45,394
Woodrow,M,45,395
Dewitt,M,44,396
Elliott,M,44,397
Ellsworth,M,44,398
Frederic,M,44,399
Jean,M,44,400
Joshua,M,44,401
Napoleon,M,44,402
Noble,M,44,403
Noel,M,44,404
Roman,M,44,405
Royal,M,44,406
Billy,M,43,407
Emile,M,43,408
Garfield,M,43,409
Isidore,M,43,410
Keith,M,43,411
Tomas,M,43,412
Ulysses,M,43,413
Wilburn,M,43,414
Adrian,M,42,415
Ezra,M,42,416
Foster,M,42,417
Junius,M,42,418
Saul,M,42,419
Sydney,M,42,420
Carmen,M,41,421
Columbus,M,41,422
Doyle,M,41,423
Eric,M,41,424
Gabriel,M,41,425
Harlan,M,41,426
Houston,M,41,427
Linwood,M,41,428
Maxwell,M,41,429
Billie,M,40,430
Buddy,M,40,431
Christian,M,40,432
Coleman,M,40,433
Davis,M,40,434
Morton,M,40,435
Newton,M,40,436
Porter,M,40,437
Rubin,M,40,438
Stuart,M,40,439
Hugo,M,39,440
Isaiah,M,39,441
Luis,M,39,442
Merrill,M,39,443
Norbert,M,39,444
Truman,M,39,445
Wilford,M,39,446
Armand,M,38,447
Frances,M,38,448
Guadalupe,M,38,449
Omer,M,38,450
Prince,M,38,451
Theron,M,38,452
Walker,M,38,453
Burl,M,37,454
Judge,M,37,455
Dudley,M,36,456
Enoch,M,36,457
Junior,M,36,458
Lincoln,M,36,459
Waldo,M,36,460
Alfredo,M,35,461
Alphonso,M,35,462
Arther,M,35,463
Clair,M,35,464
Dee,M,35,465
Jeremiah,M,35,466
Jules,M,35,467
Rosevelt,M,35,468
Ruth,M,35,469
Sandy,M,35,470
Taylor,M,35,471
Theo,M,35,472
Wilber,M,35,473
Elias,M,34,474
Everette,M,34,475
Lamar,M,34,476
Rodney,M,34,477
Tim,M,34,478
Vern,M,34,479
Abner,M,33,480
Bertram,M,33,481
Early,M,33,482
Edd,M,33,483
Ethel,M,33,484
Gustave,M,33,485
Harris,M,33,486
Haywood,M,33,487
Lacy,M,33,488
Lionel,M,33,489
Milford,M,33,490
Rupert,M,33,491
Chauncey,M,32,492
Chris,M,32,493
General,M,32,494
Lenard,M,32,495
Lucious,M,32,496
Miguel,M,32,497
Oren,M,32,498
Phil,M,32,499
Wm,M,32,500
Delmar,M,31,501
Elmore,M,31,502
Evan,M,31,503
Hal,M,31,504
Jewell,M,31,505
Judson,M,31,506
Lyman,M,31,507
Margaret,M,31,508
Nolan,M,31,509
Otho,M,31,510
Travis,M,31,511
Asa,M,30,512
Cleve,M,30,513
Elzie,M,30,514
Emmitt,M,30,515
Haskell,M,30,516
Helen,M,30,517
Milo,M,30,518
Reed,M,30,519
Smith,M,30,520
Terry,M,30,521
Valentine,M,30,522
Vance,M,30,523
Aloysius,M,29,524
Benedict,M,29,525
Darrell,M,29,526
Israel,M,29,527
Lemuel,M,29,528
Louise,M,29,529
Oswald,M,29,530
Pablo,M,29,531
Rafael,M,29,532
Rene,M,29,533
Shelby,M,29,534
Thaddeus,M,29,535
Turner,M,29,536
Adolphus,M,28,537
Aron,M,28,538
Bernice,M,28,539
Clay,M,28,540
Cletus,M,28,541
Harmon,M,28,542
Hazel,M,28,543
Otha,M,28,544
Santiago,M,28,545
Bryant,M,27,546
Cyrus,M,27,547
Hans,M,27,548
Ivory,M,27,549
Mason,M,27,550
Matt,M,27,551
Maxie,M,27,552
Mckinley,M,27,553
Vernie,M,27,554
Winfield,M,27,555
Abram,M,26,556
Carter,M,26,557
Duane,M,26,558
Graham,M,26,559
Hardy,M,26,560
Hoyt,M,26,561
Laverne,M,26,562
Orlando,M,26,563
Patsy,M,26,564
Reese,M,26,565
Rudy,M,26,566
Shelton,M,26,567
Washington,M,26,568
Annie,M,25,569
Carey,M,25,570
Elisha,M,25,571
Gail,M,25,572
Gregory,M,25,573
Hershel,M,25,574
Jefferson,M,25,575
Lonzo,M,25,576
Micheal,M,25,577
Palmer,M,25,578
Quincy,M,25,579
Seymour,M,25,580
Watson,M,25,581
Carson,M,24,582
Clint,M,24,583
Domingo,M,24,584
Dorothy,M,24,585
Ennis,M,24,586
Evans,M,24,587
Fay,M,24,588
Felton,M,24,589
Granville,M,24,590
Jason,M,24,591
Johnson,M,24,592
Mervin,M,24,593
Olen,M,24,594
Salvador,M,24,595
Shirley,M,24,596
Sigmund,M,24,597
Arlie,M,23,598
Arturo,M,23,599
Benito,M,23,600
Carmine,M,23,601
Cary,M,23,602
Clem,M,23,603
Denver,M,23,604
Fernando,M,23,605
Florence,M,23,606
Gaston,M,23,607
Ivy,M,23,608
Jewel,M,23,609
Josh,M,23,610
Lindsey,M,23,611
Merlin,M,23,612
Obie,M,23,613
Pearl,M,23,614
Romeo,M,23,615
Ruby,M,23,616
Sammy,M,23,617
Santos,M,23,618
Teddy,M,23,619
Walton,M,23,620
Allie,M,22,621
Antone,M,22,622
Artie,M,22,623
Bennett,M,22,624
Bernie,M,22,625
Connie,M,22,626
Dalton,M,22,627
Eino,M,22,628
Gustav,M,22,629
Lucien,M,22,630
Melton,M,22,631
Oral,M,22,632
Raleigh,M,22,633
Adelbert,M,21,634
Andres,M,21,635
Anna,M,21,636
Avery,M,21,637
Berry,M,21,638
Brady,M,21,639
Chas,M,21,640
Emilio,M,21,641
Enrique,M,21,642
Golden,M,21,643
Hilton,M,21,644
Hosea,M,21,645
Jodie,M,21,646
Loyal,M,21,647
Miller,M,21,648
Odie,M,21,649
Randall,M,21,650
Raymon,M,21,651
Vito,M,21,652
Wilton,M,21,653
Alberto,M,20,654
Angus,M,20,655
Blaine,M,20,656
Burt,M,20,657
Clarance,M,20,658
Cliff,M,20,659
Crawford,M,20,660
Ezekiel,M,20,661
Gaetano,M,20,662
Gladys,M,20,663
Green,M,20,664
Ignacio,M,20,665
Ignatius,M,20,666
Issac,M,20,667
Myles,M,20,668
Nat,M,20,669
Ottis,M,20,670
Sanders,M,20,671
Sherwood,M,20,672
Stanford,M,20,673
Thornton,M,20,674
Tillman,M,20,675
Winston,M,20,676
Alonza,M,19,677
Armando,M,19,678
Arvid,M,19,679
Bobbie,M,19,680
Casey,M,19,681
Casimer,M,19,682
Dana,M,19,683
Emmet,M,19,684
Ernie,M,19,685
Ester,M,19,686
Felipe,M,19,687
Gregorio,M,19,688
Henderson,M,19,689
Hermon,M,19,690
Hobert,M,19,691
Hoke,M,19,692
Jonathan,M,19,693
Levy,M,19,694
Marie,M,19,695
Ocie,M,19,696
Oran,M,19,697
Orrin,M,19,698
Osborne,M,19,699
Raphael,M,19,700
Roberto,M,19,701
Rogers,M,19,702
Verne,M,19,703
Warner,M,19,704
Webster,M,19,705
West,M,19,706
Albin,M,18,707
Alec,M,18,708
Alford,M,18,709
Augustine,M,18,710
Benton,M,18,711
Bonnie,M,18,712
Clare,M,18,713
Darwin,M,18,714
Delmer,M,18,715
Elvis,M,18,716
Hayward,M,18,717
Hector,M,18,718
Hobart,M,18,719
Jonas,M,18,720
Justin,M,18,721
Llewellyn,M,18,722
Lou,M,18,723
Mildred,M,18,724
Ossie,M,18,725
Rollin,M,18,726
Rowland,M,18,727
Winfred,M,18,728
Archibald,M,17,729
Arden,M,17,730
Bradley,M,17,731
Casimir,M,17,732
Edison,M,17,733
Eldred,M,17,734
Elizabeth,M,17,735
Elliot,M,17,736
Elroy,M,17,737
Emma,M,17,738
Gardner,M,17,739
Garrett,M,17,740
Joesph,M,17,741
Lavern,M,17,742
Logan,M,17,743
Lucian,M,17,744
Mahlon,M,17,745
Marcellus,M,17,746
Mickey,M,17,747
Rolland,M,17,748
Rollie,M,17,749
Rosario,M,17,750
Thelma,M,17,751
Vaughn,M,17,752
Vicente,M,17,753
Wylie,M,17,754
Alois,M,16,755
Author,M,16,756
Beverly,M,16,757
Carlo,M,16,758
Earlie,M,16,759
Edna,M,16,760
Eldridge,M,16,761
Elsie,M,16,762
Elwin,M,16,763
Florian,M,16,764
Ford,M,16,765
Gary,M,16,766
Huey,M,16,767
Hunter,M,16,768
Jonnie,M,16,769
Leander,M,16,770
Ludwig,M,16,771
Mac,M,16,772
Merton,M,16,773
Murry,M,16,774
Orin,M,16,775
Raul,M,16,776
Richmond,M,16,777
Rose,M,16,778
Thurston,M,16,779
Tobe,M,16,780
Vivian,M,16,781
Alice,M,15,782
Alvie,M,15,783
Artis,M,15,784
Audrey,M,15,785
Barry,M,15,786
Caleb,M,15,787
Dayton,M,15,788
Domenick,M,15,789
Dorsey,M,15,790
Elgin,M,15,791
Elige,M,15,792
Estel,M,15,793
Evert,M,15,794
Finis,M,15,795
Franklyn,M,15,796
Fulton,M,15,797
Garnett,M,15,798
Gussie,M,15,799
Harland,M,15,800
Hollie,M,15,801
Isom,M,15,802
Kyle,M,15,803
Lafayette,M,15,804
Lawson,M,15,805
Lillian,M,15,806
Lois,M,15,807
Madison,M,15,808
Manley,M,15,809
Mattie,M,15,810
Opal,M,15,811
Parker,M,15,812
Ransom,M,15,813
Reynold,M,15,814
Seth,M,15,815
Sheldon,M,15,816
Sid,M,15,817
Son,M,15,818
Tracy,M,15,819
Vester,M,15,820
Williams,M,15,821
Americo,M,14,822
Boyce,M,14,823
Carol,M,14,824
Casper,M,14,825
Claudie,M,14,826
Clemens,M,14,827
Cornell,M,14,828
Drew,M,14,829
Duncan,M,14,830
Edith,M,14,831
Eligah,M,14,832
Evelyn,M,14,833
Ewing,M,14,834
Farris,M,14,835
Federico,M,14,836
Finley,M,14,837
Fritz,M,14,838
Gust,M,14,839
Hezekiah,M,14,840
Lem,M,14,841
Leopold,M,14,842
Lon,M,14,843
Margarito,M,14,844
Marlin,M,14,845
Meredith,M,14,846
Merritt,M,14,847
Murphy,M,14,848
Nicolas,M,14,849
Olaf,M,14,850
Pascal,M,14,851
Price,M,14,852
Regis,M,14,853
Roderick,M,14,854
Sebastian,M,14,855
Virgle,M,14,856
Wayman,M,14,857
Wyatt,M,14,858
Adolfo,M,13,859
Agnes,M,13,860
Alden,M,13,861
Angel,M,13,862
Arch,M,13,863
Arlington,M,13,864
Arlo,M,13,865
Arnie,M,13,866
Arvil,M,13,867
Audie,M,13,868
Beatrice,M,13,869
Benjiman,M,13,870
Bertha,M,13,871
Brooks,M,13,872
Brown,M,13,873
Buddie,M,13,874
Burnett,M,13,875
Carleton,M,13,876
Carrol,M,13,877
Clara,M,13,878
Clovis,M,13,879
Dante,M,13,880
Dell,M,13,881
Domenico,M,13,882
Duke,M,13,883
Elden,M,13,884
Ellwood,M,13,885
Enos,M,13,886
Frankie,M,13,887
Furman,M,13,888
Garner,M,13,889
Garnet,M,13,890
Gaylord,M,13,891
Geo,M,13,892
Giles,M,13,893
Guido,M,13,894
Guillermo,M,13,895
Hallie,M,13,896
Hamilton,M,13,897
Hamp,M,13,898
Howell,M,13,899
Jones,M,13,900
Jordan,M,13,901
Julio,M,13,902
Kirby,M,13,903
Kirk,M,13,904
Lawyer,M,13,905
Lennie,M,13,906
Leona,M,13,907
Lessie,M,13,908
Loran,M,13,909
Loy,M,13,910
Malcom,M,13,911
Mariano,M,13,912
Martha,M,13,913
Melville,M,13,914
Newell,M,13,915
Oakley,M,13,916
Omar,M,13,917
Pauline,M,13,918
Prentice,M,13,919
Quentin,M,13,920
Stanton,M,13,921
Stephan,M,13,922
Sumner,M,13,923
Unknown,M,13,924
Urban,M,13,925
Weston,M,13,926
Zack,M,13,927
Addison,M,12,928
Alfonzo,M,12,929
Algie,M,12,930
Ann,M,12,931
Antoine,M,12,932
Art,M,12,933
Arvel,M,12,934
Axel,M,12,935
Bessie,M,12,936
Bryan,M,12,937
Chesley,M,12,938
Claire,M,12,939
Collie,M,12,940
Conley,M,12,941
Creed,M,12,942
Dempsey,M,12,943
Dexter,M,12,944
Doris,M,12,945
Eddy,M,12,946
Ernesto,M,12,947
Gale,M,12,948
Galen,M,12,949
Guss,M,12,950
Halley,M,12,951
Hayden,M,12,952
Hayes,M,12,953
Hilario,M,12,954
Hoy,M,12,955
Irene,M,12,956
Ivey,M,12,957
Jarvis,M,12,958
Johney,M,12,959
Julious,M,12,960
June,M,12,961
Lauren,M,12,962
Leamon,M,12,963
Lemon,M,12,964
Leonardo,M,12,965
Lesley,M,12,966
Lige,M,12,967
Lindsay,M,12,968
Lyndon,M,12,969
Malachi,M,12,970
Merl,M,12,971
Orie,M,12,972
Oris,M,12,973
Reino,M,12,974
Sampson,M,12,975
Silvester,M,12,976
Spurgeon,M,12,977
Titus,M,12,978
Toivo,M,12,979
Werner,M,12,980
Abel,M,11,981
Adolf,M,11,982
Allison,M,11,983
Auther,M,11,984
Bart,M,11,985
Bartholomew,M,11,986
Bascom,M,11,987
Bishop,M,11,988
Carlyle,M,11,989
Cicero,M,11,990
Cloyd,M,11,991
Constantine,M,11,992
Courtney,M,11,993
Curley,M,11,994
Dawson,M,11,995
Donnie,M,11,996
Durward,M,11,997
Elder,M,11,998
Elex,M,11,999
Ellie,M,11,1000
Elza,M,11,1001
Essie,M,11,1002
Esther,M,11,1003
Fate,M,11,1004
Frazier,M,11,1005
Godfrey,M,11,1006
Hampton,M,11,1007
Heber,M,11,1008
Hilliard,M,11,1009
Joy,M,11,1010
Jule,M,11,1011
Kelley,M,11,1012
Kendall,M,11,1013
Kent,M,11,1014
Leopoldo,M,11,1015
Lucas,M,11,1016
Lucille,M,11,1017
Malvin,M,11,1018
Marcel,M,11,1019
Milburn,M,11,1020
Minor,M,11,1021
Moe,M,11,1022
Mortimer,M,11,1023
Nels,M,11,1024
Newman,M,11,1025
Olan,M,11,1026
Oneal,M,11,1027
Osie,M,11,1028
Pierce,M,11,1029
Pink,M,11,1030
Pleas,M,11,1031
Rodolfo,M,11,1032
Royce,M,11,1033
Shellie,M,11,1034
Sylvan,M,11,1035
Talmadge,M,11,1036
Tomie,M,11,1037
Vernal,M,11,1038
Verner,M,11,1039
Wardell,M,11,1040
Wellington,M,11,1041
Wheeler,M,11,1042
Whitney,M,11,1043
Winford,M,11,1044
Alvis,M,10,1045
Bailey,M,10,1046
Ballard,M,10,1047
Baxter,M,10,1048
Belton,M,10,1049
Blair,M,10,1050
Blake,M,10,1051
Burrell,M,10,1052
Caesar,M,10,1053
Cal,M,10,1054
Catherine,M,10,1055
Cephus,M,10,1056
Collins,M,10,1057
Cooper,M,10,1058
Cullen,M,10,1059
Danny,M,10,1060
Davie,M,10,1061
Deward,M,10,1062
Eben,M,10,1063
Elwyn,M,10,1064
Ely,M,10,1065
Emmanuel,M,10,1066
Eva,M,10,1067
Ezell,M,10,1068
Foy,M,10,1069
Francesco,M,10,1070
Garvin,M,10,1071
Giuseppe,M,10,1072
Glover,M,10,1073
Gorden,M,10,1074
Harrie,M,10,1075
Hillard,M,10,1076
Hurley,M,10,1077
Isabel,M,10,1078
Isac,M,10,1079
Jennings,M,10,1080
Jethro,M,10,1081
Jhon,M,10,1082
Josef,M,10,1083
Larence,M,10,1084
Len,M,10,1085
Lenwood,M,10,1086
Lonie,M,10,1087
Lorenza,M,10,1088
Lovie,M,10,1089
Luigi,M,10,1090
Mabel,M,10,1091
Marian,M,10,1092
Mearl,M,10,1093
Mitchel,M,10,1094
Moody,M,10,1095
Nickolas,M,10,1096
Nora,M,10,1097
Ola,M,10,1098
Orvil,M,10,1099
Pinkney,M,10,1100
Prentiss,M,10,1101
Reece,M,10,1102
Reinhold,M,10,1103
Romie,M,10,1104
Rush,M,10,1105
Shelley,M,10,1106
Sim,M,10,1107
Simeon,M,10,1108
Stafford,M,10,1109
Theadore,M,10,1110
Thompson,M,10,1111
Tilman,M,10,1112
Toney,M,10,1113
Wash,M,10,1114
Willam,M,10,1115
Worth,M,10,1116
Wright,M,10,1117
Acie,M,9,1118
Alma,M,9,1119
Arlin,M,9,1120
Arne,M,9,1121
Augusta,M,9,1122
Authur,M,9,1123
Barnett,M,9,1124
Blanche,M,9,1125
Burgess,M,9,1126
Burnell,M,9,1127
Cain,M,9,1128
Carmelo,M,9,1129
Carrie,M,9,1130
Christ,M,9,1131
Colonel,M,9,1132
Cornelious,M,9,1133
Cruz,M,9,1134
Delos,M,9,1135
Denis,M,9,1136
Denton,M,9,1137
Dillard,M,9,1138
Doc,M,9,1139
Elie,M,9,1140
Emmit,M,9,1141
Eugenio,M,9,1142
Ewell,M,9,1143
Fleming,M,9,1144
Florencio,M,9,1145
Gay,M,9,1146
Genaro,M,9,1147
Gennaro,M,9,1148
Gilberto,M,9,1149
Gilmer,M,9,1150
Grace,M,9,1151
Graydon,M,9,1152
Hester,M,9,1153
Hosey,M,9,1154
Hubbard,M,9,1155
Hurbert,M,9,1156
Huston,M,9,1157
Irven,M,9,1158
Ishmael,M,9,1159
Jan,M,9,1160
Jerald,M,9,1161
Joaquin,M,9,1162
Jorge,M,9,1163
Josephus,M,9,1164
Josiah,M,9,1165
Junious,M,9,1166
Larkin,M,9,1167
Lawerence,M,9,1168
Leeroy,M,9,1169
Letcher,M,9,1170
Lew,M,9,1171
Librado,M,9,1172
Luster,M,9,1173
Marshal,M,9,1174
Milan,M,9,1175
Norval,M,9,1176
Orvin,M,9,1177
Presley,M,9,1178
Refugio,M,9,1179
Ricardo,M,9,1180
Robbie,M,9,1181
Rosco,M,9,1182
Rueben,M,9,1183
Samie,M,9,1184
Sonny,M,9,1185
Terrence,M,9,1186
Verl,M,9,1187
Waino,M,9,1188
Wayland,M,9,1189
Welton,M,9,1190
Westley,M,9,1191
Woodie,M,9,1192
Abbie,M,8,1193
Ace,M,8,1194
Addie,M,8,1195
Alberta,M,8,1196
Amadeo,M,8,1197
Amado,M,8,1198
Anastacio,M,8,1199
Andre,M,8,1200
Ansel,M,8,1201
Arlen,M,8,1202
Arvin,M,8,1203
Atlas,M,8,1204
Aubry,M,8,1205
Bee,M,8,1206
Bernhard,M,8,1207
Beryl,M,8,1208
Bobby,M,8,1209
Boston,M,8,1210
Bradford,M,8,1211
Burley,M,8,1212
Burnice,M,8,1213
Butler,M,8,1214
Cameron,M,8,1215
Camille,M,8,1216
Carmel,M,8,1217
Claudius,M,8,1218
Clemente,M,8,1219
Clemon,M,8,1220
Clide,M,8,1221
Clive,M,8,1222
Cody,M,8,1223
Craig,M,8,1224
Curt,M,8,1225
Curtiss,M,8,1226
Darrel,M,8,1227
Desmond,M,8,1228
Diego,M,8,1229
Domenic,M,8,1230
Dorris,M,8,1231
Edker,M,8,1232
Eduardo,M,8,1233
Einar,M,8,1234
Ella,M,8,1235
Ellison,M,8,1236
Elsworth,M,8,1237
Estle,M,8,1238
Eston,M,8,1239
Evertt,M,8,1240
Fannie,M,8,1241
Ferd,M,8,1242
Ferman,M,8,1243
Fidel,M,8,1244
Fread,M,8,1245
Georgie,M,8,1246
Gerardo,M,8,1247
Gertrude,M,8,1248
Gideon,M,8,1249
Griffin,M,8,1250
Handy,M,8,1251
Harrell,M,8,1252
Hilary,M,8,1253
Hilbert,M,8,1254
Hosie,M,8,1255
Hudson,M,8,1256
Isreal,M,8,1257
Iva,M,8,1258
Jamie,M,8,1259
Josephine,M,8,1260
Juluis,M,8,1261
Laurie,M,8,1262
Lawrance,M,8,1263
Levie,M,8,1264
Lexie,M,8,1265
Linden,M,8,1266
Linnie,M,8,1267
Linus,M,8,1268
Love,M,8,1269
Lovell,M,8,1270
Luciano,M,8,1271
Lupe,M,8,1272
Mae,M,8,1273
Manford,M,8,1274
Mannie,M,8,1275
Matthias,M,8,1276
Merril,M,8,1277
Myer,M,8,1278
Obed,M,8,1279
Ole,M,8,1280
Olie,M,8,1281
Olive,M,8,1282
Orvis,M,8,1283
Park,M,8,1284
Pierre,M,8,1285
Porfirio,M,8,1286
Prentis,M,8,1287
Raoul,M,8,1288
Rayfield,M,8,1289
Rudolf,M,8,1290
Ruel,M,8,1291
Salvator,M,8,1292
Santo,M,8,1293
Seldon,M,8,1294
Soloman,M,8,1295
Stacy,M,8,1296
Thad,M,8,1297
Theresa,M,8,1298
Tobias,M,8,1299
Tollie,M,8,1300
Toy,M,8,1301
Trinidad,M,8,1302
Tyler,M,8,1303
Velma,M,8,1304
Viola,M,8,1305
Virginia,M,8,1306
Waverly,M,8,1307
Wilfrid,M,8,1308
Wilhelm,M,8,1309
Williard,M,8,1310
Ygnacio,M,8,1311
Zeke,M,8,1312
Zigmund,M,8,1313
Alcide,M,7,1314
Aldo,M,7,1315
Alejandro,M,7,1316
Almond,M,7,1317
Amon,M,7,1318
Ananias,M,7,1319
Arie,M,7,1320
Arley,M,7,1321
Arno,M,7,1322
Ashley,M,7,1323
Barton,M,7,1324
Beecher,M,7,1325
Bernardo,M,7,1326
Bertrand,M,7,1327
Bilbo,M,7,1328
Braxton,M,7,1329
Burdette,M,7,1330
Buren,M,7,1331
Callie,M,7,1332
Carlie,M,7,1333
Clemmie,M,7,1334
Coley,M,7,1335
Courtland,M,7,1336
Damon,M,7,1337
Dannie,M,7,1338
Darius,M,7,1339
Delma,M,7,1340
Dolphus,M,7,1341
Egbert,M,7,1342
Eliseo,M,7,1343
Enrico,M,7,1344
Erling,M,7,1345
Ernst,M,7,1346
Eunice,M,7,1347
Fabian,M,7,1348
Fenton,M,7,1349
Fern,M,7,1350
Fisher,M,7,1351
Florentino,M,7,1352
Fredie,M,7,1353
French,M,7,1354
Gerhard,M,7,1355
Gifford,M,7,1356
Glendon,M,7,1357
Glenwood,M,7,1358
Glynn,M,7,1359
Hall,M,7,1360
Harm,M,7,1361
Harvy,M,7,1362
Hebert,M,7,1363
Helmer,M,7,1364
Henery,M,7,1365
Heyward,M,7,1366
Humphrey,M,7,1367
Jacobo,M,7,1368
Jeffery,M,7,1369
Jeffrey,M,7,1370
Julia,M,7,1371
Lane,M,7,1372
Lorne,M,7,1373
Ludie,M,7,1374
Lula,M,7,1375
Lynwood,M,7,1376
Manning,M,7,1377
Mansfield,M,7,1378
Manson,M,7,1379
Marino,M,7,1380
Mccoy,M,7,1381
Montgomery,M,7,1382
Myrtle,M,7,1383
Nestor,M,7,1384
Norton,M,7,1385
Oather,M,7,1386
Oda,M,7,1387
Odies,M,7,1388
Onie,M,7,1389
Orris,M,7,1390
Orson,M,7,1391
Oval,M,7,1392
Ovid,M,7,1393
Ozzie,M,7,1394
Pearlie,M,7,1395
Philander,M,7,1396
Posey,M,7,1397
Rayford,M,7,1398
Rexford,M,7,1399
Rolla,M,7,1400
Roswell,M,7,1401
Rutherford,M,7,1402
Sewell,M,7,1403
Simpson,M,7,1404
Sinclair,M,7,1405
Stefan,M,7,1406
Talbert,M,7,1407
Teddie,M,7,1408
Temple,M,7,1409
Theophilus,M,7,1410
Tip,M,7,1411
Vasco,M,7,1412
Virgie,M,7,1413
Waddell,M,7,1414
Waldemar,M,7,1415
Webb,M,7,1416
Wilburt,M,7,1417
Young,M,7,1418
Zeb,M,7,1419
Zollie,M,7,1420
Adell,M,6,1421
Afton,M,6,1422
Agustin,M,6,1423
Alf,M,6,1424
Alferd,M,6,1425
Alger,M,6,1426
Alpha,M,6,1427
Alphonzo,M,6,1428
Alvah,M,6,1429
Apolonio,M,6,1430
Archer,M,6,1431
Attilio,M,6,1432
Aurelio,M,6,1433
Australia,M,6,1434
Bartley,M,6,1435
Bedford,M,6,1436
Berlin,M,6,1437
Beulah,M,6,1438
Brantley,M,6,1439
Broward,M,6,1440
Buell,M,6,1441
Byrd,M,6,1442
Candelario,M,6,1443
Candido,M,6,1444
Captain,M,6,1445
Carmon,M,6,1446
Cass,M,6,1447
Ceasar,M,6,1448
Celso,M,6,1449
Cipriano,M,6,1450
Clarke,M,6,1451
Cleave,M,6,1452
Clemence,M,6,1453
Clements,M,6,1454
Cleon,M,6,1455
Cole,M,6,1456
Collin,M,6,1457
Colon,M,6,1458
Comer,M,6,1459
Corwin,M,6,1460
Cosmo,M,6,1461
Daisy,M,6,1462
Denzel,M,6,1463
Donato,M,6,1464
Edmon,M,6,1465
Ephraim,M,6,1466
Erma,M,6,1467
Erskine,M,6,1468
Estella,M,6,1469
Eusebio,M,6,1470
Eustace,M,6,1471
Faustino,M,6,1472
Felice,M,6,1473
Ferris,M,6,1474
Festus,M,6,1475
Fortunato,M,6,1476
Fredric,M,6,1477
Gaines,M,6,1478
Garold,M,6,1479
Geroge,M,6,1480
Gerrit,M,6,1481
Gilford,M,6,1482
Goldman,M,6,1483
Gottlieb,M,6,1484
Governor,M,6,1485
Gradie,M,6,1486
Harlie,M,6,1487
Harlon,M,6,1488
Harper,M,6,1489
Hartwell,M,6,1490
Harvie,M,6,1491
Hazen,M,6,1492
Hermann,M,6,1493
Herold,M,6,1494
Herschell,M,6,1495
Hervey,M,6,1496
Holsey,M,6,1497
Hudie,M,6,1498
Ida,M,6,1499
Isidro,M,6,1500
Iver,M,6,1501
Ivor,M,6,1502
Jacinto,M,6,1503
Jane,M,6,1504
Jody,M,6,1505
Joeseph,M,6,1506
Johny,M,6,1507
Jon,M,6,1508
Jonah,M,6,1509
Kay,M,6,1510
Kurt,M,6,1511
Laura,M,6,1512
Laurel,M,6,1513
Lazarus,M,6,1514
Leandro,M,6,1515
Leigh,M,6,1516
Lenord,M,6,1517
Lillie,M,6,1518
Lino,M,6,1519
Lucy,M,6,1520
Man,M,6,1521
Marjorie,M,6,1522
Mat,M,6,1523
Mathews,M,6,1524
Mathias,M,6,1525
Matias,M,6,1526
May,M,6,1527
Mayo,M,6,1528
Michel,M,6,1529
Minnie,M,6,1530
Mont,M,6,1531
Natividad,M,6,1532
Nell,M,6,1533
Nellie,M,6,1534
Nevin,M,6,1535
Niles,M,6,1536
Norwood,M,6,1537
Obert,M,6,1538
Ollen,M,6,1539
Orbin,M,6,1540
Ovide,M,6,1541
Ozell,M,6,1542
Paris,M,6,1543
Payton,M,6,1544
Plummer,M,6,1545
Powell,M,6,1546
Printes,M,6,1547
Purvis,M,6,1548
Reid,M,6,1549
Remigio,M,6,1550
Remus,M,6,1551
Reyes,M,6,1552
Rivers,M,6,1553
Roby,M,6,1554
Rod,M,6,1555
Rosa,M,6,1556
Sabino,M,6,1557
Sarah,M,6,1558
Selma,M,6,1559
Shade,M,6,1560
Shigeru,M,6,1561
Silvio,M,6,1562
Stanislaus,M,6,1563
Starling,M,6,1564
Stonewall,M,6,1565
Sullivan,M,6,1566
Sylvio,M,6,1567
Terrance,M,6,1568
Thedore,M,6,1569
Thelmon,M,6,1570
Toby,M,6,1571
Tyrus,M,6,1572
Upton,M,6,1573
Val,M,6,1574
Ventura,M,6,1575
Vergil,M,6,1576
Verlin,M,6,1577
Vernice,M,6,1578
Vick,M,6,1579
Vidal,M,6,1580
Volney,M,6,1581
Von,M,6,1582
Watt,M,6,1583
Waymon,M,6,1584
Wells,M,6,1585
Willy,M,6,1586
Zeno,M,6,1587
Zenon,M,6,1588
Adelard,M,5,1589
Aime,M,5,1590
Albino,M,5,1591
Aleck,M,5,1592
Alfons,M,5,1593
Allyn,M,5,1594
Almon,M,5,1595
Amedeo,M,5,1596
Amerigo,M,5,1597
Ammon,M,5,1598
Aniello,M,5,1599
Anson,M,5,1600
Ara,M,5,1601
Ardell,M,5,1602
Arland,M,5,1603
Arnett,M,5,1604
Arville,M,5,1605
Asher,M,5,1606
Auburn,M,5,1607
Barnie,M,5,1608
Benard,M,5,1609
Benjaman,M,5,1610
Bennet,M,5,1611
Benson,M,5,1612
Berkley,M,5,1613
Betty,M,5,1614
Biagio,M,5,1615
Blanchard,M,5,1616
Bobie,M,5,1617
Boss,M,5,1618
Brack,M,5,1619
Brent,M,5,1620
Brice,M,5,1621
Broadus,M,5,1622
Bronislaus,M,5,1623
Brownie,M,5,1624
Bryce,M,5,1625
Bubber,M,5,1626
Burke,M,5,1627
Burnie,M,5,1628
Caldwell,M,5,1629
Capus,M,5,1630
Cassius,M,5,1631
Cedric,M,5,1632
Chet,M,5,1633
Chin,M,5,1634
Choice,M,5,1635
Chon,M,5,1636
Clarnce,M,5,1637
Clayborn,M,5,1638
Clemons,M,5,1639
Cletis,M,5,1640
Colin,M,5,1641
Cora,M,5,1642
Curlee,M,5,1643
Curlie,M,5,1644
Curry,M,5,1645
Daily,M,5,1646
Del,M,5,1647
Delton,M,5,1648
Delwin,M,5,1649
Denny,M,5,1650
Desiderio,M,5,1651
Dionicio,M,5,1652
Dixon,M,5,1653
Dolph,M,5,1654
Dona,M,5,1655
Donal,M,5,1656
Dora,M,5,1657
Douglass,M,5,1658
Drexel,M,5,1659
Earnie,M,5,1660
Earvin,M,5,1661
Ebert,M,5,1662
Eleanor,M,5,1663
Elva,M,5,1664
Emit,M,5,1665
Encarnacion,M,5,1666
Erasmo,M,5,1667
Erie,M,5,1668
Erman,M,5,1669
Esaw,M,5,1670
Esteban,M,5,1671
Estell,M,5,1672
Estill,M,5,1673
Eula,M,5,1674
Eulis,M,5,1675
Ewald,M,5,1676
Fermin,M,5,1677
Filmore,M,5,1678
Franz,M,5,1679
Gabe,M,5,1680
Garry,M,5,1681
Gayle,M,5,1682
Geoffrey,M,5,1683
German,M,5,1684
Gilman,M,5,1685
Giovanni,M,5,1686
Gonzalo,M,5,1687
Grayson,M,5,1688
Gunnar,M,5,1689
Hadley,M,5,1690
Halsey,M,5,1691
Hammond,M,5,1692
Harlen,M,5,1693
Harless,M,5,1694
Harlow,M,5,1695
Harrold,M,5,1696
Haskel,M,5,1697
Helmuth,M,5,1698
Hercules,M,5,1699
Hershell,M,5,1700
Hideo,M,5,1701
Hillary,M,5,1702
Hillman,M,5,1703
Hjalmer,M,5,1704
Holland,M,5,1705
Hughie,M,5,1706
Hulon,M,5,1707
Hurshel,M,5,1708
Hyrum,M,5,1709
Inez,M,5,1710
Irby,M,5,1711
Irvan,M,5,1712
Irvine,M,5,1713
Ivery,M,5,1714
Jackie,M,5,1715
Jame,M,5,1716
Jared,M,5,1717
Jens,M,5,1718
Jessee,M,5,1719
Jimie,M,5,1720
Johan,M,5,1721
Jolly,M,5,1722
Juanita,M,5,1723
Justice,M,5,1724
Justo,M,5,1725
Justus,M,5,1726
Kee,M,5,1727
Kelsey,M,5,1728
Kelsie,M,5,1729
Ken,M,5,1730
Kiyoshi,M,5,1731
Lake,M,5,1732
Lambert,M,5,1733
Lance,M,5,1734
Landis,M,5,1735
Landon,M,5,1736
Laurin,M,5,1737
Lavon,M,5,1738
Lawton,M,5,1739
Lemmie,M,5,1740
Lena,M,5,1741
Leonel,M,5,1742
Less,M,5,1743
Lillard,M,5,1744
Linton,M,5,1745
Little,M,5,1746
Littleton,M,5,1747
Loney,M,5,1748
Lonza,M,5,1749
Lonzie,M,5,1750
Lottie,M,5,1751
Lovett,M,5,1752
Mable,M,5,1753
Maceo,M,5,1754
Maggie,M,5,1755
Manny,M,5,1756
Manual,M,5,1757
Marcelino,M,5,1758
Marco,M,5,1759
Marlow,M,5,1760
Maron,M,5,1761
Marquis,M,5,1762
Marsh,M,5,1763
Mart,M,5,1764
Mercer,M,5,1765
Merwin,M,5,1766
Milas,M,5,1767
Millie,M,5,1768
Monte,M,5,1769
Montie,M,5,1770
Murl,M,5,1771
Nash,M,5,1772
Nathen,M,5,1773
Neely,M,5,1774
Nicola,M,5,1775
Nile,M,5,1776
Odus,M,5,1777
Oneil,M,5,1778
Onnie,M,5,1779
Orbie,M,5,1780
Orlie,M,5,1781
Ormond,M,5,1782
Ova,M,5,1783
Page,M,5,1784
Paolo,M,5,1785
Primo,M,5,1786
Proctor,M,5,1787
Quinton,M,5,1788
Rachel,M,5,1789
Ralston,M,5,1790
Ramsey,M,5,1791
Ras,M,5,1792
Redmond,M,5,1793
Renard,M,5,1794
Robinson,M,5,1795
Rochelle,M,5,1796
Rodger,M,5,1797
Roma,M,5,1798
Romey,M,5,1799
Rosendo,M,5,1800
Rossie,M,5,1801
Sadie,M,5,1802
Salome,M,5,1803
Salomon,M,5,1804
Samual,M,5,1805
Saverio,M,5,1806
Sheridan,M,5,1807
Sollie,M,5,1808
Sonnie,M,5,1809
Stclair,M,5,1810
Steward,M,5,1811
Sunny,M,5,1812
Susie,M,5,1813
Tee,M,5,1814
Teodoro,M,5,1815
Terrell,M,5,1816
Thelmer,M,5,1817
Timmie,M,5,1818
Tyree,M,5,1819
Ulis,M,5,1820
Urbano,M,5,1821
Valentino,M,5,1822
Vander,M,5,1823
Vann,M,5,1824
Vera,M,5,1825
Vernell,M,5,1826
Veron,M,5,1827
Victoriano,M,5,1828
Vincenzo,M,5,1829
Vinson,M,5,1830
Wally,M,5,1831
Welford,M,5,1832
Willaim,M,5,1833
Wille,M,5,1834
Woodson,M,5,1835
Woody,M,5,1836
Wyman,M,5,1837
Yoshio,M,5,1838
Zennie,M,5,1839
