State,Sex,Year,Name,Births
CT,F,1910,Mary,304
CT,F,1910,Helen,170
CT,F,1910,Anna,131
CT,F,1910,Margaret,99
CT,F,1910,Dorothy,90
CT,F,1910,Ruth,90
CT,F,1910,Elizabeth,86
CT,F,1910,Rose,85
CT,F,1910,Alice,66
CT,F,1910,Florence,58
CT,F,1910,Josephine,55
CT,F,1910,Mildred,51
CT,F,1910,Lillian,49
CT,F,1910,Frances,45
CT,F,1910,Catherine,41
CT,F,1910,Julia,39
CT,F,1910,Anne,38
CT,F,1910,Marie,36
CT,F,1910,Marion,36
CT,F,1910,Ethel,35
CT,F,1910,Evelyn,35
CT,F,1910,Grace,35
CT,F,1910,Gertrude,34
CT,F,1910,Ann,33
CT,F,1910,Beatrice,33
CT,F,1910,Emma,32
CT,F,1910,Louise,31
CT,F,1910,Gladys,30
CT,F,1910,Sophie,30
CT,F,1910,Esther,29
CT,F,1910,Bertha,28
CT,F,1910,Katherine,28
CT,F,1910,Irene,27
CT,F,1910,Agnes,26
CT,F,1910,Edna,26
CT,F,1910,Eleanor,26
CT,F,1910,Clara,25
CT,F,1910,Doris,25
CT,F,1910,Jennie,25
CT,F,1910,Theresa,24
CT,F,1910,Edith,23
CT,F,1910,Jean,23
CT,F,1910,Marguerite,21
CT,F,1910,Pauline,21
CT,F,1910,Marjorie,20
CT,F,1910,Lucy,19
CT,F,1910,Elsie,18
CT,F,1910,Ida,18
CT,F,1910,Nellie,17
CT,F,1910,Barbara,16
CT,F,1910,Genevieve,16
CT,F,1910,Kathryn,16
CT,F,1910,Lena,16
CT,F,1910,Bernice,15
CT,F,1910,Emily,15
CT,F,1910,Estelle,15
CT,F,1910,Loretta,15
CT,F,1910,Sarah,15
CT,F,1910,Stella,15
CT,F,1910,Viola,15
CT,F,1910,Virginia,15
CT,F,1910,Blanche,14
CT,F,1910,Charlotte,14
CT,F,1910,Laura,14
CT,F,1910,Lucille,14
CT,F,1910,Betty,13
CT,F,1910,Jane,13
CT,F,1910,Marian,13
CT,F,1910,Vera,13
CT,F,1910,Bessie,12
CT,F,1910,Madeline,12
CT,F,1910,Maria,12
CT,F,1910,Martha,12
CT,F,1910,Sylvia,12
CT,F,1910,Victoria,12
CT,F,1910,Eva,11
CT,F,1910,Mabel,11
CT,F,1910,Mae,11
CT,F,1910,Alma,10
CT,F,1910,Christine,10
CT,F,1910,Ellen,10
CT,F,1910,Olga,10
CT,F,1910,Caroline,9
CT,F,1910,Cecelia,9
CT,F,1910,Celia,9
CT,F,1910,Hazel,9
CT,F,1910,Olive,9
CT,F,1910,Adeline,8
CT,F,1910,Amelia,8
CT,F,1910,Annette,8
CT,F,1910,Antoinette,8
CT,F,1910,Claire,8
CT,F,1910,Constance,8
CT,F,1910,Ella,8
CT,F,1910,Harriet,8
CT,F,1910,Helene,8
CT,F,1910,Jeanne,8
CT,F,1910,Jeannette,8
CT,F,1910,Pearl,8
CT,F,1910,Sally,8
CT,F,1910,Thelma,8
CT,F,1910,Ada,7
CT,F,1910,Angelina,7
CT,F,1910,Cecilia,7
CT,F,1910,Concetta,7
CT,F,1910,Henrietta,7
CT,F,1910,Leona,7
CT,F,1910,Minnie,7
CT,F,1910,Regina,7
CT,F,1910,Rita,7
CT,F,1910,Violet,7
CT,F,1910,Adelaide,6
CT,F,1910,Angeline,6
CT,F,1910,Annie,6
CT,F,1910,Flora,6
CT,F,1910,Helena,6
CT,F,1910,Hilda,6
CT,F,1910,Isabel,6
CT,F,1910,Miriam,6
CT,F,1910,Muriel,6
CT,F,1910,Myrtle,6
CT,F,1910,Phyllis,6
CT,F,1910,Wanda,6
CT,F,1910,Carmella,5
CT,F,1910,Dora,5
CT,F,1910,Dorothea,5
CT,F,1910,Eileen,5
CT,F,1910,Elvira,5
CT,F,1910,Etta,5
CT,F,1910,Fannie,5
CT,F,1910,Filomena,5
CT,F,1910,Irma,5
CT,F,1910,Janet,5
CT,F,1910,Jessie,5
CT,F,1910,Stephanie,5
CT,F,1910,Susan,5
CT,F,1910,Susie,5
CT,F,1911,Mary,382
CT,F,1911,Helen,223
CT,F,1911,Anna,146
CT,F,1911,Margaret,138
CT,F,1911,Dorothy,126
CT,F,1911,Rose,120
CT,F,1911,Elizabeth,113
CT,F,1911,Ruth,101
CT,F,1911,Mildred,79
CT,F,1911,Alice,77
CT,F,1911,Catherine,72
CT,F,1911,Florence,72
CT,F,1911,Josephine,72
CT,F,1911,Frances,65
CT,F,1911,Lillian,65
CT,F,1911,Marion,57
CT,F,1911,Julia,51
CT,F,1911,Ethel,48
CT,F,1911,Edith,47
CT,F,1911,Gertrude,46
CT,F,1911,Agnes,44
CT,F,1911,Anne,43
CT,F,1911,Eleanor,43
CT,F,1911,Grace,43
CT,F,1911,Louise,43
CT,F,1911,Evelyn,42
CT,F,1911,Irene,41
CT,F,1911,Katherine,41
CT,F,1911,Marie,41
CT,F,1911,Edna,39
CT,F,1911,Ann,35
CT,F,1911,Doris,35
CT,F,1911,Esther,35
CT,F,1911,Bertha,34
CT,F,1911,Ida,31
CT,F,1911,Marjorie,31
CT,F,1911,Jennie,30
CT,F,1911,Lucy,30
CT,F,1911,Theresa,30
CT,F,1911,Elsie,29
CT,F,1911,Jean,29
CT,F,1911,Emma,27
CT,F,1911,Gladys,27
CT,F,1911,Pauline,25
CT,F,1911,Virginia,25
CT,F,1911,Beatrice,24
CT,F,1911,Laura,24
CT,F,1911,Sophie,24
CT,F,1911,Stella,24
CT,F,1911,Viola,24
CT,F,1911,Barbara,23
CT,F,1911,Lena,23
CT,F,1911,Olive,22
CT,F,1911,Nellie,20
CT,F,1911,Sarah,20
CT,F,1911,Clara,19
CT,F,1911,Hazel,19
CT,F,1911,Loretta,19
CT,F,1911,Mae,19
CT,F,1911,Marian,18
CT,F,1911,Martha,18
CT,F,1911,Antoinette,17
CT,F,1911,Celia,17
CT,F,1911,Eva,17
CT,F,1911,Jane,17
CT,F,1911,Adeline,16
CT,F,1911,Bernice,16
CT,F,1911,Cecelia,16
CT,F,1911,Charlotte,16
CT,F,1911,Olga,16
CT,F,1911,Angelina,15
CT,F,1911,Caroline,14
CT,F,1911,Genevieve,14
CT,F,1911,Kathryn,14
CT,F,1911,Lucille,14
CT,F,1911,Vera,14
CT,F,1911,Blanche,13
CT,F,1911,Emily,13
CT,F,1911,Madeline,13
CT,F,1911,Marguerite,13
CT,F,1911,Phyllis,13
CT,F,1911,Sylvia,13
CT,F,1911,Violet,13
CT,F,1911,Amelia,12
CT,F,1911,Harriet,12
CT,F,1911,Minnie,12
CT,F,1911,Bessie,11
CT,F,1911,Betty,11
CT,F,1911,Ella,11
CT,F,1911,Ellen,11
CT,F,1911,Estelle,11
CT,F,1911,Jessie,11
CT,F,1911,Myrtle,11
CT,F,1911,Pearl,11
CT,F,1911,Regina,11
CT,F,1911,Constance,10
CT,F,1911,Dorothea,10
CT,F,1911,Kathleen,10
CT,F,1911,Maria,10
CT,F,1911,Nancy,10
CT,F,1911,Sara,10
CT,F,1911,Susan,10
CT,F,1911,Victoria,10
CT,F,1911,Vivian,10
CT,F,1911,Angeline,9
CT,F,1911,Carmela,9
CT,F,1911,Carolyn,9
CT,F,1911,Concetta,9
CT,F,1911,Fannie,9
CT,F,1911,Flora,9
CT,F,1911,May,9
CT,F,1911,Natalie,9
CT,F,1911,Annette,8
CT,F,1911,Christine,8
CT,F,1911,Claire,8
CT,F,1911,Hilda,8
CT,F,1911,Lois,8
CT,F,1911,Mabel,8
CT,F,1911,Philomena,8
CT,F,1911,Sally,8
CT,F,1911,Shirley,8
CT,F,1911,Alma,7
CT,F,1911,Anita,7
CT,F,1911,Elinor,7
CT,F,1911,Henrietta,7
CT,F,1911,Lydia,7
CT,F,1911,Rita,7
CT,F,1911,Veronica,7
CT,F,1911,Winifred,7
CT,F,1911,Arline,6
CT,F,1911,Carol,6
CT,F,1911,Dolores,6
CT,F,1911,Edythe,6
CT,F,1911,Eileen,6
CT,F,1911,Helena,6
CT,F,1911,Helene,6
CT,F,1911,Isabel,6
CT,F,1911,Janet,6
CT,F,1911,Rosalie,6
CT,F,1911,Selma,6
CT,F,1911,Adele,5
CT,F,1911,Angela,5
CT,F,1911,Cornelia,5
CT,F,1911,Eunice,5
CT,F,1911,Filomena,5
CT,F,1911,Geraldine,5
CT,F,1911,Jeanne,5
CT,F,1911,Jeannette,5
CT,F,1911,Miriam,5
CT,F,1911,Mollie,5
CT,F,1911,Muriel,5
CT,F,1911,Patricia,5
CT,F,1911,Rosa,5
CT,F,1911,Sophia,5
CT,F,1911,Tillie,5
CT,F,1912,Mary,471
CT,F,1912,Helen,285
CT,F,1912,Margaret,188
CT,F,1912,Anna,185
CT,F,1912,Dorothy,178
CT,F,1912,Elizabeth,136
CT,F,1912,Rose,129
CT,F,1912,Ruth,126
CT,F,1912,Mildred,119
CT,F,1912,Alice,113
CT,F,1912,Frances,109
CT,F,1912,Lillian,105
CT,F,1912,Florence,104
CT,F,1912,Josephine,103
CT,F,1912,Marion,82
CT,F,1912,Catherine,72
CT,F,1912,Julia,72
CT,F,1912,Irene,70
CT,F,1912,Eleanor,66
CT,F,1912,Gertrude,64
CT,F,1912,Grace,64
CT,F,1912,Marie,64
CT,F,1912,Louise,63
CT,F,1912,Doris,60
CT,F,1912,Evelyn,60
CT,F,1912,Ann,58
CT,F,1912,Ethel,56
CT,F,1912,Edith,54
CT,F,1912,Katherine,53
CT,F,1912,Anne,51
CT,F,1912,Marjorie,48
CT,F,1912,Elsie,46
CT,F,1912,Bertha,45
CT,F,1912,Theresa,44
CT,F,1912,Edna,43
CT,F,1912,Esther,41
CT,F,1912,Jennie,41
CT,F,1912,Sophie,41
CT,F,1912,Stella,41
CT,F,1912,Beatrice,38
CT,F,1912,Betty,38
CT,F,1912,Virginia,38
CT,F,1912,Agnes,35
CT,F,1912,Nellie,34
CT,F,1912,Pauline,34
CT,F,1912,Hazel,33
CT,F,1912,Jean,33
CT,F,1912,Jane,32
CT,F,1912,Genevieve,31
CT,F,1912,Ida,31
CT,F,1912,Emma,28
CT,F,1912,Lucy,28
CT,F,1912,Sylvia,28
CT,F,1912,Antoinette,27
CT,F,1912,Clara,27
CT,F,1912,Charlotte,26
CT,F,1912,Barbara,25
CT,F,1912,Gladys,25
CT,F,1912,Madeline,24
CT,F,1912,Sarah,24
CT,F,1912,Viola,24
CT,F,1912,Eva,23
CT,F,1912,Kathryn,23
CT,F,1912,Martha,23
CT,F,1912,Bernice,22
CT,F,1912,Lena,22
CT,F,1912,Marguerite,22
CT,F,1912,Sally,22
CT,F,1912,Laura,21
CT,F,1912,Lucille,21
CT,F,1912,Adeline,20
CT,F,1912,Myrtle,20
CT,F,1912,Angelina,19
CT,F,1912,Estelle,19
CT,F,1912,Harriet,19
CT,F,1912,Pearl,19
CT,F,1912,Amelia,18
CT,F,1912,Loretta,18
CT,F,1912,Mae,18
CT,F,1912,Olga,18
CT,F,1912,Winifred,18
CT,F,1912,Mabel,17
CT,F,1912,Violet,17
CT,F,1912,Blanche,16
CT,F,1912,Dorothea,16
CT,F,1912,Vera,16
CT,F,1912,Victoria,16
CT,F,1912,Ellen,15
CT,F,1912,Emily,15
CT,F,1912,Jessie,15
CT,F,1912,Marian,15
CT,F,1912,Minnie,15
CT,F,1912,Angeline,14
CT,F,1912,Ella,14
CT,F,1912,Hilda,14
CT,F,1912,Muriel,14
CT,F,1912,Veronica,14
CT,F,1912,Caroline,13
CT,F,1912,Flora,13
CT,F,1912,Susan,13
CT,F,1912,Angela,12
CT,F,1912,Constance,12
CT,F,1912,Nancy,12
CT,F,1912,Carolyn,11
CT,F,1912,Helene,11
CT,F,1912,Isabelle,11
CT,F,1912,Lois,11
CT,F,1912,Olive,11
CT,F,1912,Phyllis,11
CT,F,1912,Vivian,11
CT,F,1912,Arlene,10
CT,F,1912,Carmela,10
CT,F,1912,Christine,10
CT,F,1912,Eunice,10
CT,F,1912,Jeannette,10
CT,F,1912,Leona,10
CT,F,1912,Philomena,10
CT,F,1912,Anita,9
CT,F,1912,Carmel,9
CT,F,1912,Eileen,9
CT,F,1912,Wanda,9
CT,F,1912,Alma,8
CT,F,1912,Bessie,8
CT,F,1912,Fannie,8
CT,F,1912,Kathleen,8
CT,F,1912,Molly,8
CT,F,1912,Patricia,8
CT,F,1912,Sophia,8
CT,F,1912,Stephanie,8
CT,F,1912,Teresa,8
CT,F,1912,Yvonne,8
CT,F,1912,Albina,7
CT,F,1912,Cecilia,7
CT,F,1912,Claire,7
CT,F,1912,Eleanore,7
CT,F,1912,Helena,7
CT,F,1912,Irma,7
CT,F,1912,Janet,7
CT,F,1912,Joan,7
CT,F,1912,Katharine,7
CT,F,1912,Natalie,7
CT,F,1912,Rebecca,7
CT,F,1912,Sadie,7
CT,F,1912,Sara,7
CT,F,1912,Verna,7
CT,F,1912,Adele,6
CT,F,1912,Cecelia,6
CT,F,1912,Cecile,6
CT,F,1912,Concetta,6
CT,F,1912,Eloise,6
CT,F,1912,Fay,6
CT,F,1912,Lee,6
CT,F,1912,Lydia,6
CT,F,1912,Maria,6
CT,F,1912,Matilda,6
CT,F,1912,May,6
CT,F,1912,Miriam,6
CT,F,1912,Norma,6
CT,F,1912,Regina,6
CT,F,1912,Shirley,6
CT,F,1912,Arline,5
CT,F,1912,Carol,5
CT,F,1912,Celia,5
CT,F,1912,Edythe,5
CT,F,1912,Elinor,5
CT,F,1912,Freda,5
CT,F,1912,Isabel,5
CT,F,1912,Leah,5
CT,F,1912,Lottie,5
CT,F,1912,Ruby,5
CT,F,1912,Wilma,5
CT,F,1913,Mary,606
CT,F,1913,Helen,382
CT,F,1913,Anna,258
CT,F,1913,Margaret,236
CT,F,1913,Dorothy,169
CT,F,1913,Rose,167
CT,F,1913,Elizabeth,156
CT,F,1913,Ruth,148
CT,F,1913,Frances,125
CT,F,1913,Marion,115
CT,F,1913,Mildred,112
CT,F,1913,Florence,110
CT,F,1913,Alice,107
CT,F,1913,Catherine,98
CT,F,1913,Josephine,98
CT,F,1913,Anne,91
CT,F,1913,Lillian,90
CT,F,1913,Marie,79
CT,F,1913,Louise,75
CT,F,1913,Irene,70
CT,F,1913,Jennie,70
CT,F,1913,Eleanor,69
CT,F,1913,Ann,68
CT,F,1913,Julia,68
CT,F,1913,Edith,66
CT,F,1913,Ethel,66
CT,F,1913,Gertrude,66
CT,F,1913,Grace,66
CT,F,1913,Doris,62
CT,F,1913,Pauline,59
CT,F,1913,Evelyn,58
CT,F,1913,Theresa,57
CT,F,1913,Jean,55
CT,F,1913,Katherine,55
CT,F,1913,Agnes,51
CT,F,1913,Beatrice,51
CT,F,1913,Esther,48
CT,F,1913,Marjorie,48
CT,F,1913,Edna,47
CT,F,1913,Gladys,44
CT,F,1913,Sophie,43
CT,F,1913,Elsie,42
CT,F,1913,Stella,41
CT,F,1913,Bernice,36
CT,F,1913,Lucy,35
CT,F,1913,Virginia,35
CT,F,1913,Eva,34
CT,F,1913,Genevieve,34
CT,F,1913,Jane,34
CT,F,1913,Nellie,34
CT,F,1913,Ida,32
CT,F,1913,Martha,32
CT,F,1913,Barbara,31
CT,F,1913,Bertha,31
CT,F,1913,Clara,30
CT,F,1913,Lena,30
CT,F,1913,Betty,28
CT,F,1913,Loretta,28
CT,F,1913,Sylvia,28
CT,F,1913,Olga,27
CT,F,1913,Antoinette,26
CT,F,1913,Emily,26
CT,F,1913,Hazel,26
CT,F,1913,Lois,26
CT,F,1913,Phyllis,26
CT,F,1913,Amelia,25
CT,F,1913,Charlotte,25
CT,F,1913,Emma,25
CT,F,1913,Caroline,24
CT,F,1913,Mabel,24
CT,F,1913,Viola,24
CT,F,1913,Madeline,23
CT,F,1913,Marguerite,23
CT,F,1913,Rita,23
CT,F,1913,Claire,22
CT,F,1913,Estelle,22
CT,F,1913,Muriel,22
CT,F,1913,Adeline,21
CT,F,1913,Harriet,21
CT,F,1913,Sarah,21
CT,F,1913,Victoria,21
CT,F,1913,Angelina,20
CT,F,1913,Marian,19
CT,F,1913,Carmela,18
CT,F,1913,Ellen,18
CT,F,1913,Maria,18
CT,F,1913,Minnie,18
CT,F,1913,Veronica,18
CT,F,1913,Vivian,18
CT,F,1913,Wanda,18
CT,F,1913,Kathryn,17
CT,F,1913,Laura,17
CT,F,1913,Lucille,17
CT,F,1913,Winifred,17
CT,F,1913,Dorothea,16
CT,F,1913,Thelma,16
CT,F,1913,Bessie,15
CT,F,1913,Cecelia,15
CT,F,1913,Eunice,15
CT,F,1913,Natalie,15
CT,F,1913,Olive,15
CT,F,1913,Angeline,14
CT,F,1913,Fannie,14
CT,F,1913,Jeannette,14
CT,F,1913,Pearl,14
CT,F,1913,Violet,14
CT,F,1913,Janet,13
CT,F,1913,Leona,13
CT,F,1913,Sally,13
CT,F,1913,Celia,12
CT,F,1913,Constance,12
CT,F,1913,Jeanette,12
CT,F,1913,Lydia,12
CT,F,1913,Myrtle,12
CT,F,1913,Nancy,12
CT,F,1913,Philomena,12
CT,F,1913,Shirley,12
CT,F,1913,Teresa,12
CT,F,1913,Adele,11
CT,F,1913,Alma,11
CT,F,1913,Anita,11
CT,F,1913,Helene,11
CT,F,1913,Isabel,11
CT,F,1913,Susan,11
CT,F,1913,Vera,11
CT,F,1913,Annette,10
CT,F,1913,Blanche,10
CT,F,1913,Christine,10
CT,F,1913,Concetta,10
CT,F,1913,Isabelle,10
CT,F,1913,Kathleen,10
CT,F,1913,Mae,10
CT,F,1913,Matilda,10
CT,F,1913,Angela,9
CT,F,1913,Carmella,9
CT,F,1913,Carolyn,9
CT,F,1913,Cecile,9
CT,F,1913,Cornelia,9
CT,F,1913,Ella,9
CT,F,1913,Geraldine,9
CT,F,1913,May,9
CT,F,1913,Sadie,9
CT,F,1913,Dora,8
CT,F,1913,Elinor,8
CT,F,1913,Elvira,8
CT,F,1913,Hannah,8
CT,F,1913,Hilda,8
CT,F,1913,Lorraine,8
CT,F,1913,Lottie,8
CT,F,1913,Mollie,8
CT,F,1913,Norma,8
CT,F,1913,Patricia,8
CT,F,1913,Ada,7
CT,F,1913,Amy,7
CT,F,1913,Annie,7
CT,F,1913,Arline,7
CT,F,1913,Bernadette,7
CT,F,1913,Carmel,7
CT,F,1913,Cecilia,7
CT,F,1913,Connie,7
CT,F,1913,Eileen,7
CT,F,1913,Henrietta,7
CT,F,1913,Jessie,7
CT,F,1913,Joan,7
CT,F,1913,Johanna,7
CT,F,1913,Miriam,7
CT,F,1913,Rosalie,7
CT,F,1913,Rosemary,7
CT,F,1913,Ruby,7
CT,F,1913,Sophia,7
CT,F,1913,Stephanie,7
CT,F,1913,Sue,7
CT,F,1913,Adelaide,6
CT,F,1913,Alyce,6
CT,F,1913,Arlene,6
CT,F,1913,Cora,6
CT,F,1913,Elisabeth,6
CT,F,1913,Freda,6
CT,F,1913,Nora,6
CT,F,1913,Sara,6
CT,F,1913,Selma,6
CT,F,1913,Wilma,6
CT,F,1913,Albina,5
CT,F,1913,Carol,5
CT,F,1913,Carrie,5
CT,F,1913,Daisy,5
CT,F,1913,Edythe,5
CT,F,1913,Eleanore,5
CT,F,1913,Filomena,5
CT,F,1913,Gloria,5
CT,F,1913,Helena,5
CT,F,1913,Irma,5
CT,F,1913,Jeanne,5
CT,F,1913,Juliette,5
CT,F,1913,Marcia,5
CT,F,1913,Michelina,5
CT,F,1913,Millie,5
CT,F,1913,Priscilla,5
CT,F,1913,Roberta,5
CT,F,1913,Sabina,5
CT,F,1913,Stacia,5
CT,F,1913,Tessie,5
CT,F,1913,Verna,5
CT,F,1913,Vilma,5
CT,F,1913,Vincenza,5
CT,F,1914,Mary,851
CT,F,1914,Helen,489
CT,F,1914,Anna,320
CT,F,1914,Margaret,301
CT,F,1914,Dorothy,265
CT,F,1914,Rose,241
CT,F,1914,Ruth,224
CT,F,1914,Elizabeth,208
CT,F,1914,Josephine,178
CT,F,1914,Frances,171
CT,F,1914,Florence,153
CT,F,1914,Alice,145
CT,F,1914,Mildred,145
CT,F,1914,Lillian,130
CT,F,1914,Marion,123
CT,F,1914,Evelyn,118
CT,F,1914,Catherine,117
CT,F,1914,Anne,114
CT,F,1914,Eleanor,111
CT,F,1914,Irene,108
CT,F,1914,Marie,101
CT,F,1914,Doris,98
CT,F,1914,Ann,91
CT,F,1914,Julia,87
CT,F,1914,Agnes,85
CT,F,1914,Edith,85
CT,F,1914,Sophie,85
CT,F,1914,Jennie,84
CT,F,1914,Katherine,84
CT,F,1914,Stella,83
CT,F,1914,Gertrude,80
CT,F,1914,Louise,80
CT,F,1914,Ethel,77
CT,F,1914,Grace,76
CT,F,1914,Marjorie,74
CT,F,1914,Theresa,69
CT,F,1914,Barbara,67
CT,F,1914,Lucy,65
CT,F,1914,Beatrice,63
CT,F,1914,Esther,63
CT,F,1914,Genevieve,63
CT,F,1914,Virginia,63
CT,F,1914,Edna,61
CT,F,1914,Pauline,59
CT,F,1914,Sylvia,58
CT,F,1914,Jean,57
CT,F,1914,Emma,55
CT,F,1914,Elsie,52
CT,F,1914,Lena,52
CT,F,1914,Nellie,52
CT,F,1914,Bertha,51
CT,F,1914,Ida,49
CT,F,1914,Antoinette,47
CT,F,1914,Gladys,45
CT,F,1914,Jane,45
CT,F,1914,Eva,40
CT,F,1914,Clara,39
CT,F,1914,Madeline,39
CT,F,1914,Rita,39
CT,F,1914,Bernice,38
CT,F,1914,Hazel,38
CT,F,1914,Olga,37
CT,F,1914,Martha,36
CT,F,1914,Adeline,35
CT,F,1914,Charlotte,35
CT,F,1914,Marguerite,34
CT,F,1914,Phyllis,34
CT,F,1914,Muriel,33
CT,F,1914,Nancy,33
CT,F,1914,Blanche,31
CT,F,1914,Harriet,31
CT,F,1914,Lucille,31
CT,F,1914,Betty,30
CT,F,1914,Estelle,30
CT,F,1914,Victoria,30
CT,F,1914,Eileen,29
CT,F,1914,Kathryn,29
CT,F,1914,Sarah,29
CT,F,1914,Veronica,29
CT,F,1914,Vera,28
CT,F,1914,Caroline,27
CT,F,1914,Angelina,26
CT,F,1914,Carmela,26
CT,F,1914,Mae,26
CT,F,1914,Laura,25
CT,F,1914,Adele,24
CT,F,1914,Lois,24
CT,F,1914,Loretta,24
CT,F,1914,Myrtle,24
CT,F,1914,Viola,24
CT,F,1914,Amelia,23
CT,F,1914,Ellen,23
CT,F,1914,Olive,23
CT,F,1914,Sally,23
CT,F,1914,Emily,22
CT,F,1914,Jessie,22
CT,F,1914,Pearl,22
CT,F,1914,Constance,21
CT,F,1914,Marian,21
CT,F,1914,Teresa,21
CT,F,1914,Angeline,20
CT,F,1914,Bessie,19
CT,F,1914,Leona,19
CT,F,1914,Mabel,19
CT,F,1914,Violet,19
CT,F,1914,Carolyn,18
CT,F,1914,Cecelia,18
CT,F,1914,Claire,18
CT,F,1914,Ella,18
CT,F,1914,Vivian,18
CT,F,1914,Winifred,18
CT,F,1914,Christine,17
CT,F,1914,Eunice,16
CT,F,1914,Fannie,16
CT,F,1914,Isabelle,16
CT,F,1914,Kathleen,16
CT,F,1914,Natalie,16
CT,F,1914,Norma,16
CT,F,1914,Philomena,16
CT,F,1914,Regina,16
CT,F,1914,Susan,16
CT,F,1914,Thelma,16
CT,F,1914,Angela,15
CT,F,1914,Carmel,15
CT,F,1914,Concetta,15
CT,F,1914,Dora,15
CT,F,1914,Hedwig,15
CT,F,1914,Helene,15
CT,F,1914,May,15
CT,F,1914,Minnie,15
CT,F,1914,Janet,14
CT,F,1914,Jeannette,14
CT,F,1914,Mollie,14
CT,F,1914,Sadie,14
CT,F,1914,Wanda,14
CT,F,1914,Annette,13
CT,F,1914,Carmella,13
CT,F,1914,Celia,13
CT,F,1914,Elaine,13
CT,F,1914,Elvira,13
CT,F,1914,Shirley,13
CT,F,1914,Hilda,12
CT,F,1914,Joan,12
CT,F,1914,Lydia,12
CT,F,1914,Maria,12
CT,F,1914,Nora,12
CT,F,1914,Patricia,12
CT,F,1914,Rosemary,12
CT,F,1914,Sophia,12
CT,F,1914,Stephanie,12
CT,F,1914,Wilma,12
CT,F,1914,Alma,11
CT,F,1914,Anita,11
CT,F,1914,Arlene,11
CT,F,1914,Dorothea,11
CT,F,1914,Eleanore,11
CT,F,1914,Flora,11
CT,F,1914,Ada,10
CT,F,1914,Cecile,10
CT,F,1914,Henrietta,10
CT,F,1914,Inez,10
CT,F,1914,Miriam,10
CT,F,1914,Rosalie,10
CT,F,1914,Yvonne,10
CT,F,1914,Arline,9
CT,F,1914,Freda,9
CT,F,1914,Irma,9
CT,F,1914,Jeanette,9
CT,F,1914,Katharine,9
CT,F,1914,Lottie,9
CT,F,1914,Alberta,8
CT,F,1914,Annie,8
CT,F,1914,Connie,8
CT,F,1914,Faye,8
CT,F,1914,Harriett,8
CT,F,1914,Jeanne,8
CT,F,1914,Lorraine,8
CT,F,1914,Lucile,8
CT,F,1914,Molly,8
CT,F,1914,Rena,8
CT,F,1914,Sue,8
CT,F,1914,Alyce,7
CT,F,1914,Anastasia,7
CT,F,1914,Christina,7
CT,F,1914,Cora,7
CT,F,1914,Elinor,7
CT,F,1914,Fanny,7
CT,F,1914,Fay,7
CT,F,1914,Geraldine,7
CT,F,1914,Isabel,7
CT,F,1914,Matilda,7
CT,F,1914,Susie,7
CT,F,1914,Albina,6
CT,F,1914,Belle,6
CT,F,1914,Bernadette,6
CT,F,1914,Carol,6
CT,F,1914,Cecilia,6
CT,F,1914,Clare,6
CT,F,1914,Delia,6
CT,F,1914,Diana,6
CT,F,1914,Dolores,6
CT,F,1914,Filomena,6
CT,F,1914,Goldie,6
CT,F,1914,Janice,6
CT,F,1914,John,6
CT,F,1914,Joyce,6
CT,F,1914,Lauretta,6
CT,F,1914,Nina,6
CT,F,1914,Rachel,6
CT,F,1914,Rhoda,6
CT,F,1914,Roberta,6
CT,F,1914,Sara,6
CT,F,1914,Selma,6
CT,F,1914,Tessie,6
CT,F,1914,Tillie,6
CT,F,1914,Verna,6
CT,F,1914,Althea,5
CT,F,1914,Amy,5
CT,F,1914,Angie,5
CT,F,1914,Augusta,5
CT,F,1914,Camille,5
CT,F,1914,Concettina,5
CT,F,1914,Cornelia,5
CT,F,1914,Cynthia,5
CT,F,1914,Della,5
CT,F,1914,Erma,5
CT,F,1914,Frieda,5
CT,F,1914,Gilda,5
CT,F,1914,Helena,5
CT,F,1914,Ina,5
CT,F,1914,Isabell,5
CT,F,1914,June,5
CT,F,1914,Madeleine,5
CT,F,1914,Mamie,5
CT,F,1914,Marcella,5
CT,F,1914,Millicent,5
CT,F,1914,Millie,5
CT,F,1914,Nettie,5
CT,F,1914,Sebastiana,5
CT,F,1914,Stasia,5
CT,F,1914,Vincenza,5
CT,F,1914,Yolanda,5
CT,F,1915,Mary,989
CT,F,1915,Helen,619
CT,F,1915,Anna,417
CT,F,1915,Margaret,345
CT,F,1915,Dorothy,305
CT,F,1915,Ruth,286
CT,F,1915,Rose,282
CT,F,1915,Elizabeth,253
CT,F,1915,Josephine,195
CT,F,1915,Florence,194
CT,F,1915,Alice,182
CT,F,1915,Mildred,178
CT,F,1915,Frances,175
CT,F,1915,Eleanor,174
CT,F,1915,Lillian,164
CT,F,1915,Evelyn,144
CT,F,1915,Irene,129
CT,F,1915,Marie,126
CT,F,1915,Julia,125
CT,F,1915,Doris,124
CT,F,1915,Catherine,123
CT,F,1915,Marion,122
CT,F,1915,Jennie,121
CT,F,1915,Ann,119
CT,F,1915,Anne,116
CT,F,1915,Gertrude,115
CT,F,1915,Stella,108
CT,F,1915,Louise,105
CT,F,1915,Marjorie,100
CT,F,1915,Beatrice,99
CT,F,1915,Jean,94
CT,F,1915,Edith,92
CT,F,1915,Grace,92
CT,F,1915,Esther,89
CT,F,1915,Sophie,89
CT,F,1915,Pauline,87
CT,F,1915,Rita,83
CT,F,1915,Ethel,80
CT,F,1915,Virginia,80
CT,F,1915,Agnes,78
CT,F,1915,Katherine,77
CT,F,1915,Elsie,76
CT,F,1915,Lucy,76
CT,F,1915,Barbara,74
CT,F,1915,Gladys,68
CT,F,1915,Theresa,66
CT,F,1915,Nellie,64
CT,F,1915,Bertha,63
CT,F,1915,Olga,63
CT,F,1915,Edna,60
CT,F,1915,Laura,58
CT,F,1915,Bernice,56
CT,F,1915,Sylvia,56
CT,F,1915,Emma,54
CT,F,1915,Phyllis,53
CT,F,1915,Clara,52
CT,F,1915,Genevieve,50
CT,F,1915,Lena,50
CT,F,1915,Martha,50
CT,F,1915,Marguerite,48
CT,F,1915,Antoinette,47
CT,F,1915,Jane,46
CT,F,1915,Ida,42
CT,F,1915,Emily,41
CT,F,1915,Harriet,41
CT,F,1915,Viola,41
CT,F,1915,Charlotte,40
CT,F,1915,Muriel,40
CT,F,1915,Hazel,39
CT,F,1915,Victoria,39
CT,F,1915,Betty,38
CT,F,1915,Kathryn,37
CT,F,1915,Madeline,37
CT,F,1915,Sarah,36
CT,F,1915,Shirley,36
CT,F,1915,Angelina,35
CT,F,1915,Lois,35
CT,F,1915,Pearl,34
CT,F,1915,Wanda,33
CT,F,1915,Adele,32
CT,F,1915,Sally,32
CT,F,1915,Blanche,31
CT,F,1915,Caroline,31
CT,F,1915,Concetta,31
CT,F,1915,Nancy,30
CT,F,1915,Estelle,29
CT,F,1915,Celia,28
CT,F,1915,Constance,28
CT,F,1915,Mabel,28
CT,F,1915,Vera,28
CT,F,1915,Marian,27
CT,F,1915,Angeline,26
CT,F,1915,Ellen,26
CT,F,1915,Lucille,26
CT,F,1915,Olive,26
CT,F,1915,Anita,25
CT,F,1915,Carmela,25
CT,F,1915,Claire,25
CT,F,1915,Jeanette,25
CT,F,1915,Cecelia,24
CT,F,1915,Eileen,24
CT,F,1915,Eva,24
CT,F,1915,Loretta,24
CT,F,1915,Veronica,24
CT,F,1915,Winifred,24
CT,F,1915,Christine,23
CT,F,1915,Adeline,22
CT,F,1915,Bessie,22
CT,F,1915,Mae,22
CT,F,1915,Minnie,22
CT,F,1915,Regina,22
CT,F,1915,Carmella,21
CT,F,1915,Violet,21
CT,F,1915,Vivian,21
CT,F,1915,Henrietta,20
CT,F,1915,Natalie,20
CT,F,1915,Philomena,20
CT,F,1915,Amelia,19
CT,F,1915,Myrtle,19
CT,F,1915,Carolyn,18
CT,F,1915,Jessie,18
CT,F,1915,June,18
CT,F,1915,Maria,18
CT,F,1915,Angela,17
CT,F,1915,Carmel,17
CT,F,1915,Carol,17
CT,F,1915,Dora,17
CT,F,1915,Eunice,17
CT,F,1915,Janet,17
CT,F,1915,Jeannette,17
CT,F,1915,Sadie,17
CT,F,1915,Stephanie,17
CT,F,1915,Teresa,17
CT,F,1915,Dorothea,16
CT,F,1915,Fannie,16
CT,F,1915,Geraldine,16
CT,F,1915,Joan,16
CT,F,1915,Matilda,16
CT,F,1915,May,16
CT,F,1915,Tessie,16
CT,F,1915,Thelma,16
CT,F,1915,Arline,15
CT,F,1915,Elaine,15
CT,F,1915,Helene,15
CT,F,1915,Isabel,15
CT,F,1915,Kathleen,15
CT,F,1915,Annette,14
CT,F,1915,Ella,14
CT,F,1915,Isabelle,14
CT,F,1915,Norma,14
CT,F,1915,Rosalie,14
CT,F,1915,Susan,14
CT,F,1915,Alma,13
CT,F,1915,Cecilia,13
CT,F,1915,Edythe,13
CT,F,1915,Hedwig,13
CT,F,1915,Hilda,13
CT,F,1915,Jeanne,13
CT,F,1915,Miriam,13
CT,F,1915,Leona,12
CT,F,1915,Priscilla,12
CT,F,1915,Sophia,12
CT,F,1915,Ada,11
CT,F,1915,Alberta,11
CT,F,1915,Elvira,11
CT,F,1915,Wilma,11
CT,F,1915,Yvonne,11
CT,F,1915,Albina,10
CT,F,1915,Audrey,10
CT,F,1915,Elinor,10
CT,F,1915,Filomena,10
CT,F,1915,Marcella,10
CT,F,1915,Mollie,10
CT,F,1915,Yolanda,10
CT,F,1915,Adelaide,9
CT,F,1915,Arlene,9
CT,F,1915,Connie,9
CT,F,1915,Flora,9
CT,F,1915,Georgia,9
CT,F,1915,Irma,9
CT,F,1915,Madelyn,9
CT,F,1915,Nina,9
CT,F,1915,Patricia,9
CT,F,1915,Roberta,9
CT,F,1915,Sue,9
CT,F,1915,Susie,9
CT,F,1915,Antonette,8
CT,F,1915,Carrie,8
CT,F,1915,Eleanore,8
CT,F,1915,Elisabeth,8
CT,F,1915,Inez,8
CT,F,1915,Joyce,8
CT,F,1915,Molly,8
CT,F,1915,Rena,8
CT,F,1915,Rosemary,8
CT,F,1915,Ruby,8
CT,F,1915,Sabina,8
CT,F,1915,Sara,8
CT,F,1915,Stacia,8
CT,F,1915,Amy,7
CT,F,1915,Augusta,7
CT,F,1915,Beulah,7
CT,F,1915,Ernestine,7
CT,F,1915,Faith,7
CT,F,1915,Frieda,7
CT,F,1915,Leah,7
CT,F,1915,Lee,7
CT,F,1915,Rhoda,7
CT,F,1915,Selma,7
CT,F,1915,Wilhelmina,7
CT,F,1915,Alyce,6
CT,F,1915,Carmelina,6
CT,F,1915,Cora,6
CT,F,1915,Diana,6
CT,F,1915,Erma,6
CT,F,1915,Gloria,6
CT,F,1915,Harriett,6
CT,F,1915,Harriette,6
CT,F,1915,Hope,6
CT,F,1915,Ina,6
CT,F,1915,Julie,6
CT,F,1915,Katharine,6
CT,F,1915,Lorraine,6
CT,F,1915,Lottie,6
CT,F,1915,Lydia,6
CT,F,1915,Margery,6
CT,F,1915,Nora,6
CT,F,1915,Rachel,6
CT,F,1915,Rebecca,6
CT,F,1915,Rosa,6
CT,F,1915,Stasia,6
CT,F,1915,Vincenza,6
CT,F,1915,Althea,5
CT,F,1915,Annie,5
CT,F,1915,Astrid,5
CT,F,1915,Camilla,5
CT,F,1915,Daisy,5
CT,F,1915,Ebba,5
CT,F,1915,Faye,5
CT,F,1915,Felicia,5
CT,F,1915,Freda,5
CT,F,1915,Helena,5
CT,F,1915,Jenny,5
CT,F,1915,Johanna,5
CT,F,1915,Judith,5
CT,F,1915,Justine,5
CT,F,1915,Lela,5
CT,F,1915,Lenore,5
CT,F,1915,Linda,5
CT,F,1915,Lucile,5
CT,F,1915,Luella,5
CT,F,1915,Madeleine,5
CT,F,1915,Millie,5
CT,F,1915,Monica,5
CT,F,1915,Naomi,5
CT,F,1915,Rae,5
CT,F,1915,Roslyn,5
CT,F,1915,Santa,5
CT,F,1915,Tillie,5
CT,F,1915,Valeria,5
CT,F,1915,Yvette,5
CT,F,1916,Mary,1078
CT,F,1916,Helen,698
CT,F,1916,Anna,421
CT,F,1916,Margaret,363
CT,F,1916,Dorothy,343
CT,F,1916,Rose,318
CT,F,1916,Elizabeth,295
CT,F,1916,Ruth,286
CT,F,1916,Josephine,250
CT,F,1916,Frances,238
CT,F,1916,Lillian,199
CT,F,1916,Florence,198
CT,F,1916,Marion,172
CT,F,1916,Ann,170
CT,F,1916,Catherine,169
CT,F,1916,Eleanor,162
CT,F,1916,Alice,157
CT,F,1916,Mildred,157
CT,F,1916,Evelyn,150
CT,F,1916,Marie,143
CT,F,1916,Anne,142
CT,F,1916,Doris,135
CT,F,1916,Jennie,126
CT,F,1916,Louise,126
CT,F,1916,Virginia,126
CT,F,1916,Irene,125
CT,F,1916,Grace,120
CT,F,1916,Sophie,113
CT,F,1916,Edith,110
CT,F,1916,Julia,109
CT,F,1916,Gertrude,108
CT,F,1916,Stella,105
CT,F,1916,Ethel,95
CT,F,1916,Beatrice,94
CT,F,1916,Elsie,92
CT,F,1916,Jean,92
CT,F,1916,Lucy,91
CT,F,1916,Katherine,89
CT,F,1916,Marjorie,89
CT,F,1916,Pauline,88
CT,F,1916,Rita,88
CT,F,1916,Barbara,85
CT,F,1916,Esther,83
CT,F,1916,Edna,81
CT,F,1916,Jane,79
CT,F,1916,Gladys,77
CT,F,1916,Bertha,73
CT,F,1916,Theresa,71
CT,F,1916,Antoinette,70
CT,F,1916,Olga,69
CT,F,1916,Genevieve,68
CT,F,1916,Bernice,63
CT,F,1916,Lena,62
CT,F,1916,Emma,61
CT,F,1916,Martha,61
CT,F,1916,Agnes,60
CT,F,1916,Viola,52
CT,F,1916,Charlotte,51
CT,F,1916,Nellie,51
CT,F,1916,Betty,50
CT,F,1916,Laura,50
CT,F,1916,Sylvia,50
CT,F,1916,Hazel,49
CT,F,1916,Eva,48
CT,F,1916,Kathryn,44
CT,F,1916,Lucille,43
CT,F,1916,Nancy,42
CT,F,1916,Emily,41
CT,F,1916,Ida,41
CT,F,1916,Loretta,41
CT,F,1916,Muriel,41
CT,F,1916,Phyllis,40
CT,F,1916,Shirley,40
CT,F,1916,Adeline,39
CT,F,1916,Angelina,38
CT,F,1916,Victoria,38
CT,F,1916,Winifred,38
CT,F,1916,Clara,37
CT,F,1916,Constance,37
CT,F,1916,Estelle,37
CT,F,1916,Harriet,37
CT,F,1916,Madeline,35
CT,F,1916,Marian,35
CT,F,1916,Anita,34
CT,F,1916,Caroline,34
CT,F,1916,Amelia,33
CT,F,1916,Ellen,33
CT,F,1916,Geraldine,33
CT,F,1916,Pearl,32
CT,F,1916,Lois,31
CT,F,1916,Marguerite,31
CT,F,1916,Thelma,31
CT,F,1916,Olive,30
CT,F,1916,Sarah,30
CT,F,1916,Vera,30
CT,F,1916,Wanda,29
CT,F,1916,Adele,28
CT,F,1916,Angeline,27
CT,F,1916,Carmela,27
CT,F,1916,Claire,27
CT,F,1916,Dorothea,27
CT,F,1916,Eileen,27
CT,F,1916,Henrietta,27
CT,F,1916,Veronica,27
CT,F,1916,Eunice,26
CT,F,1916,Janet,26
CT,F,1916,Vivian,26
CT,F,1916,Elinor,25
CT,F,1916,Mae,25
CT,F,1916,Natalie,25
CT,F,1916,Philomena,25
CT,F,1916,Angela,24
CT,F,1916,Blanche,24
CT,F,1916,Carolyn,24
CT,F,1916,Celia,24
CT,F,1916,Christine,24
CT,F,1916,Concetta,24
CT,F,1916,Isabelle,24
CT,F,1916,Jeanette,24
CT,F,1916,Regina,24
CT,F,1916,Minnie,23
CT,F,1916,Teresa,23
CT,F,1916,Cecelia,22
CT,F,1916,Leona,22
CT,F,1916,Norma,22
CT,F,1916,Bessie,21
CT,F,1916,Sally,21
CT,F,1916,Susan,21
CT,F,1916,Violet,21
CT,F,1916,Kathleen,20
CT,F,1916,Mabel,20
CT,F,1916,Patricia,20
CT,F,1916,Alma,19
CT,F,1916,Carmella,19
CT,F,1916,Maria,19
CT,F,1916,Matilda,19
CT,F,1916,Wilma,19
CT,F,1916,Helene,18
CT,F,1916,Isabel,18
CT,F,1916,Jeannette,18
CT,F,1916,Joan,18
CT,F,1916,Stephanie,18
CT,F,1916,Susie,18
CT,F,1916,Helena,17
CT,F,1916,May,17
CT,F,1916,Miriam,17
CT,F,1916,Alberta,16
CT,F,1916,Annette,16
CT,F,1916,Annie,16
CT,F,1916,Arlene,16
CT,F,1916,Ella,16
CT,F,1916,Hilda,16
CT,F,1916,June,16
CT,F,1916,Lydia,16
CT,F,1916,Jessie,15
CT,F,1916,Rosemary,15
CT,F,1916,Sadie,15
CT,F,1916,Verna,15
CT,F,1916,Yolanda,15
CT,F,1916,Arline,14
CT,F,1916,Carmel,14
CT,F,1916,Rosalie,14
CT,F,1916,Ada,13
CT,F,1916,Elvira,13
CT,F,1916,Fannie,13
CT,F,1916,Joyce,13
CT,F,1916,Mollie,13
CT,F,1916,Myrtle,13
CT,F,1916,Adelaide,12
CT,F,1916,Carol,12
CT,F,1916,Hedwig,12
CT,F,1916,Ruby,12
CT,F,1916,Sara,12
CT,F,1916,Sue,12
CT,F,1916,Cecilia,11
CT,F,1916,Dora,11
CT,F,1916,Eleanore,11
CT,F,1916,Inez,11
CT,F,1916,Irma,11
CT,F,1916,Jeanne,11
CT,F,1916,Lucia,11
CT,F,1916,Monica,11
CT,F,1916,Nora,11
CT,F,1916,Roberta,11
CT,F,1916,Amy,10
CT,F,1916,Elaine,10
CT,F,1916,Ernestine,10
CT,F,1916,Katharine,10
CT,F,1916,Lorraine,10
CT,F,1916,Molly,10
CT,F,1916,Yvonne,10
CT,F,1916,Beverly,9
CT,F,1916,Carmelina,9
CT,F,1916,Cora,9
CT,F,1916,Edythe,9
CT,F,1916,Eugenia,9
CT,F,1916,Fanny,9
CT,F,1916,Gwendolyn,9
CT,F,1916,Harriett,9
CT,F,1916,Luella,9
CT,F,1916,Peggy,9
CT,F,1916,Rosalind,9
CT,F,1916,Tessie,9
CT,F,1916,Tillie,9
CT,F,1916,Albina,8
CT,F,1916,Bernadette,8
CT,F,1916,Carrie,8
CT,F,1916,Connie,8
CT,F,1916,Dolores,8
CT,F,1916,Faye,8
CT,F,1916,Frieda,8
CT,F,1916,Lottie,8
CT,F,1916,Marcella,8
CT,F,1916,Margery,8
CT,F,1916,Rhoda,8
CT,F,1916,Selma,8
CT,F,1916,Stasia,8
CT,F,1916,Ursula,8
CT,F,1916,Althea,7
CT,F,1916,Audrey,7
CT,F,1916,Eve,7
CT,F,1916,Filomena,7
CT,F,1916,Gilda,7
CT,F,1916,Hannah,7
CT,F,1916,Janice,7
CT,F,1916,Julie,7
CT,F,1916,Justine,7
CT,F,1916,Lauretta,7
CT,F,1916,Lenore,7
CT,F,1916,Madeleine,7
CT,F,1916,Millie,7
CT,F,1916,Priscilla,7
CT,F,1916,Rhea,7
CT,F,1916,Rosa,7
CT,F,1916,Sophia,7
CT,F,1916,Stacia,7
CT,F,1916,Belle,6
CT,F,1916,Isabella,6
CT,F,1916,Kathrine,6
CT,F,1916,Lila,6
CT,F,1916,Madelyn,6
CT,F,1916,Marcia,6
CT,F,1916,Michelina,6
CT,F,1916,Naomi,6
CT,F,1916,Nina,6
CT,F,1916,Pasqualina,6
CT,F,1916,Alfreda,5
CT,F,1916,Alyce,5
CT,F,1916,Antonette,5
CT,F,1916,Berenice,5
CT,F,1916,Christina,5
CT,F,1916,Clare,5
CT,F,1916,Eloise,5
CT,F,1916,Fay,5
CT,F,1916,Fern,5
CT,F,1916,Flora,5
CT,F,1916,Freda,5
CT,F,1916,Georgia,5
CT,F,1916,Hope,5
CT,F,1916,Juliette,5
CT,F,1916,Leah,5
CT,F,1916,Marilyn,5
CT,F,1916,Maryann,5
CT,F,1916,Paula,5
CT,F,1916,Rachel,5
CT,F,1916,Rebecca,5
CT,F,1916,Rena,5
CT,F,1916,Rosina,5
CT,F,1916,Valerie,5
CT,F,1917,Mary,1138
CT,F,1917,Helen,792
CT,F,1917,Anna,408
CT,F,1917,Dorothy,395
CT,F,1917,Margaret,361
CT,F,1917,Elizabeth,347
CT,F,1917,Ruth,324
CT,F,1917,Rose,316
CT,F,1917,Josephine,260
CT,F,1917,Frances,252
CT,F,1917,Florence,219
CT,F,1917,Alice,212
CT,F,1917,Lillian,211
CT,F,1917,Eleanor,191
CT,F,1917,Marion,188
CT,F,1917,Catherine,187
CT,F,1917,Mildred,180
CT,F,1917,Evelyn,176
CT,F,1917,Anne,165
CT,F,1917,Doris,150
CT,F,1917,Jennie,150
CT,F,1917,Marie,147
CT,F,1917,Irene,144
CT,F,1917,Virginia,142
CT,F,1917,Julia,139
CT,F,1917,Rita,137
CT,F,1917,Gertrude,135
CT,F,1917,Louise,134
CT,F,1917,Edith,132
CT,F,1917,Marjorie,132
CT,F,1917,Sophie,129
CT,F,1917,Beatrice,127
CT,F,1917,Ann,125
CT,F,1917,Stella,123
CT,F,1917,Barbara,122
CT,F,1917,Grace,119
CT,F,1917,Jean,114
CT,F,1917,Katherine,109
CT,F,1917,Theresa,101
CT,F,1917,Ethel,99
CT,F,1917,Agnes,93
CT,F,1917,Pauline,90
CT,F,1917,Lucy,86
CT,F,1917,Bernice,82
CT,F,1917,Lena,81
CT,F,1917,Edna,80
CT,F,1917,Elsie,79
CT,F,1917,Charlotte,78
CT,F,1917,Genevieve,77
CT,F,1917,Gladys,77
CT,F,1917,Jane,75
CT,F,1917,Olga,71
CT,F,1917,Esther,69
CT,F,1917,Phyllis,69
CT,F,1917,Nellie,66
CT,F,1917,Bertha,63
CT,F,1917,Harriet,63
CT,F,1917,Martha,62
CT,F,1917,Hazel,61
CT,F,1917,Sylvia,61
CT,F,1917,Betty,60
CT,F,1917,Emma,59
CT,F,1917,Ida,57
CT,F,1917,Antoinette,55
CT,F,1917,Lucille,54
CT,F,1917,Marguerite,53
CT,F,1917,Victoria,52
CT,F,1917,Eva,50
CT,F,1917,Muriel,50
CT,F,1917,Veronica,48
CT,F,1917,Clara,46
CT,F,1917,Nancy,46
CT,F,1917,Christine,45
CT,F,1917,Amelia,44
CT,F,1917,Emily,44
CT,F,1917,Vera,44
CT,F,1917,Shirley,42
CT,F,1917,Blanche,41
CT,F,1917,Laura,40
CT,F,1917,Lois,40
CT,F,1917,Madeline,40
CT,F,1917,Janet,39
CT,F,1917,Thelma,39
CT,F,1917,Loretta,38
CT,F,1917,Viola,38
CT,F,1917,Claire,37
CT,F,1917,Ellen,36
CT,F,1917,Kathryn,36
CT,F,1917,Sarah,36
CT,F,1917,Angeline,35
CT,F,1917,Eileen,35
CT,F,1917,Angelina,33
CT,F,1917,Estelle,33
CT,F,1917,Marian,32
CT,F,1917,Adeline,31
CT,F,1917,Anita,31
CT,F,1917,Helene,31
CT,F,1917,Adele,30
CT,F,1917,Kathleen,30
CT,F,1917,Winifred,30
CT,F,1917,Olive,29
CT,F,1917,Carmella,28
CT,F,1917,Joan,28
CT,F,1917,Myrtle,28
CT,F,1917,Wanda,28
CT,F,1917,Concetta,27
CT,F,1917,Geraldine,27
CT,F,1917,Hilda,27
CT,F,1917,Susan,27
CT,F,1917,Teresa,27
CT,F,1917,Vivian,27
CT,F,1917,Alma,26
CT,F,1917,Angela,26
CT,F,1917,Caroline,25
CT,F,1917,Cecelia,25
CT,F,1917,Constance,25
CT,F,1917,Eunice,25
CT,F,1917,Jeannette,25
CT,F,1917,Norma,25
CT,F,1917,Carmela,24
CT,F,1917,Arline,23
CT,F,1917,Jeanette,23
CT,F,1917,Violet,23
CT,F,1917,Mabel,22
CT,F,1917,Sally,22
CT,F,1917,Bessie,21
CT,F,1917,Matilda,21
CT,F,1917,Minnie,21
CT,F,1917,Natalie,21
CT,F,1917,Regina,21
CT,F,1917,Carolyn,20
CT,F,1917,Celia,20
CT,F,1917,Edythe,20
CT,F,1917,June,20
CT,F,1917,Pearl,20
CT,F,1917,Stephanie,20
CT,F,1917,Dorothea,19
CT,F,1917,Lorraine,19
CT,F,1917,Mae,19
CT,F,1917,Patricia,19
CT,F,1917,Yolanda,19
CT,F,1917,Ella,18
CT,F,1917,Jessie,18
CT,F,1917,Maria,18
CT,F,1917,Elinor,17
CT,F,1917,Fannie,17
CT,F,1917,Henrietta,17
CT,F,1917,Isabelle,17
CT,F,1917,Miriam,17
CT,F,1917,Elvira,16
CT,F,1917,Freda,16
CT,F,1917,Leona,16
CT,F,1917,Lottie,16
CT,F,1917,May,16
CT,F,1917,Mollie,16
CT,F,1917,Rosemary,16
CT,F,1917,Arlene,15
CT,F,1917,Audrey,15
CT,F,1917,Irma,15
CT,F,1917,Tessie,15
CT,F,1917,Annette,14
CT,F,1917,Inez,14
CT,F,1917,Julie,14
CT,F,1917,Philomena,14
CT,F,1917,Ada,13
CT,F,1917,Carol,13
CT,F,1917,Dora,13
CT,F,1917,Flora,13
CT,F,1917,Jeanne,13
CT,F,1917,Lydia,13
CT,F,1917,Sophia,13
CT,F,1917,Susie,13
CT,F,1917,Annie,12
CT,F,1917,Elaine,12
CT,F,1917,Hedwig,12
CT,F,1917,Selma,12
CT,F,1917,Sue,12
CT,F,1917,Alberta,11
CT,F,1917,Althea,11
CT,F,1917,Cecile,11
CT,F,1917,Connie,11
CT,F,1917,Gloria,11
CT,F,1917,Molly,11
CT,F,1917,Nora,11
CT,F,1917,Rena,11
CT,F,1917,Roberta,11
CT,F,1917,Alyce,10
CT,F,1917,Amy,10
CT,F,1917,Carmelina,10
CT,F,1917,Carrie,10
CT,F,1917,Janice,10
CT,F,1917,Millie,10
CT,F,1917,Nettie,10
CT,F,1917,Rebecca,10
CT,F,1917,Rosalie,10
CT,F,1917,Ruby,10
CT,F,1917,Sadie,10
CT,F,1917,Verna,10
CT,F,1917,Adelaide,9
CT,F,1917,Augusta,9
CT,F,1917,Beverly,9
CT,F,1917,Cecilia,9
CT,F,1917,Cora,9
CT,F,1917,Eleanore,9
CT,F,1917,Elisabeth,9
CT,F,1917,Eugenia,9
CT,F,1917,Joseph,9
CT,F,1917,Leah,9
CT,F,1917,Lucia,9
CT,F,1917,Wilma,9
CT,F,1917,Yvonne,9
CT,F,1917,Alfreda,8
CT,F,1917,Belle,8
CT,F,1917,Carmel,8
CT,F,1917,Cornelia,8
CT,F,1917,Dolores,8
CT,F,1917,Elsa,8
CT,F,1917,Erma,8
CT,F,1917,Fay,8
CT,F,1917,Filomena,8
CT,F,1917,Frieda,8
CT,F,1917,Harriett,8
CT,F,1917,Katharine,8
CT,F,1917,Mamie,8
CT,F,1917,Marcia,8
CT,F,1917,Rhoda,8
CT,F,1917,Rosa,8
CT,F,1917,Stacia,8
CT,F,1917,Tillie,8
CT,F,1917,Albina,7
CT,F,1917,Anastasia,7
CT,F,1917,Antonette,7
CT,F,1917,Concettina,7
CT,F,1917,Ernestine,7
CT,F,1917,Georgia,7
CT,F,1917,Isabel,7
CT,F,1917,Joyce,7
CT,F,1917,Madeleine,7
CT,F,1917,Peggy,7
CT,F,1917,Priscilla,7
CT,F,1917,Santina,7
CT,F,1917,Sara,7
CT,F,1917,Stephania,7
CT,F,1917,Bette,6
CT,F,1917,Beulah,6
CT,F,1917,Della,6
CT,F,1917,Etta,6
CT,F,1917,Felicia,6
CT,F,1917,Gwendolyn,6
CT,F,1917,Helena,6
CT,F,1917,Lauretta,6
CT,F,1917,Lenore,6
CT,F,1917,Lilyan,6
CT,F,1917,Maryann,6
CT,F,1917,Naomi,6
CT,F,1917,Nina,6
CT,F,1917,Rachel,6
CT,F,1917,Rosalind,6
CT,F,1917,Valerie,6
CT,F,1917,Yetta,6
CT,F,1917,Clementina,5
CT,F,1917,Daisy,5
CT,F,1917,Delia,5
CT,F,1917,Diane,5
CT,F,1917,Eve,5
CT,F,1917,Germaine,5
CT,F,1917,Hannah,5
CT,F,1917,Jacqueline,5
CT,F,1917,Lola,5
CT,F,1917,Mafalda,5
CT,F,1917,Margery,5
CT,F,1917,Michelina,5
CT,F,1917,Millicent,5
CT,F,1917,Monica,5
CT,F,1917,Phoebe,5
CT,F,1917,Velma,5
CT,F,1918,Mary,1119
CT,F,1918,Helen,833
CT,F,1918,Anna,425
CT,F,1918,Dorothy,416
CT,F,1918,Margaret,383
CT,F,1918,Ruth,316
CT,F,1918,Elizabeth,302
CT,F,1918,Rose,292
CT,F,1918,Josephine,281
CT,F,1918,Frances,267
CT,F,1918,Evelyn,205
CT,F,1918,Florence,204
CT,F,1918,Lillian,196
CT,F,1918,Mildred,195
CT,F,1918,Marie,185
CT,F,1918,Eleanor,180
CT,F,1918,Alice,177
CT,F,1918,Marion,175
CT,F,1918,Ann,165
CT,F,1918,Doris,165
CT,F,1918,Anne,160
CT,F,1918,Virginia,158
CT,F,1918,Catherine,157
CT,F,1918,Irene,157
CT,F,1918,Sophie,153
CT,F,1918,Jennie,138
CT,F,1918,Barbara,136
CT,F,1918,Edith,135
CT,F,1918,Julia,135
CT,F,1918,Jean,133
CT,F,1918,Marjorie,123
CT,F,1918,Gertrude,121
CT,F,1918,Grace,121
CT,F,1918,Rita,119
CT,F,1918,Agnes,117
CT,F,1918,Louise,112
CT,F,1918,Ethel,111
CT,F,1918,Stella,106
CT,F,1918,Lucy,103
CT,F,1918,Pauline,93
CT,F,1918,Beatrice,90
CT,F,1918,Katherine,89
CT,F,1918,Esther,85
CT,F,1918,Theresa,84
CT,F,1918,Gladys,82
CT,F,1918,Shirley,81
CT,F,1918,Elsie,78
CT,F,1918,Jane,78
CT,F,1918,Bertha,77
CT,F,1918,Genevieve,77
CT,F,1918,Nellie,73
CT,F,1918,Antoinette,72
CT,F,1918,Edna,72
CT,F,1918,Sylvia,72
CT,F,1918,Olga,69
CT,F,1918,Betty,68
CT,F,1918,Lorraine,67
CT,F,1918,Lena,64
CT,F,1918,Charlotte,62
CT,F,1918,Ida,60
CT,F,1918,Phyllis,59
CT,F,1918,Emma,58
CT,F,1918,Laura,58
CT,F,1918,Marguerite,57
CT,F,1918,Bernice,56
CT,F,1918,Lucille,56
CT,F,1918,Lois,55
CT,F,1918,Nancy,54
CT,F,1918,Veronica,54
CT,F,1918,Harriet,53
CT,F,1918,Madeline,53
CT,F,1918,Emily,52
CT,F,1918,Victoria,52
CT,F,1918,Angelina,50
CT,F,1918,Hazel,49
CT,F,1918,Martha,49
CT,F,1918,Muriel,47
CT,F,1918,Marian,45
CT,F,1918,Eva,42
CT,F,1918,Clara,41
CT,F,1918,Pearl,39
CT,F,1918,Viola,39
CT,F,1918,Angeline,38
CT,F,1918,Vivian,38
CT,F,1918,Blanche,37
CT,F,1918,Claire,37
CT,F,1918,Ellen,37
CT,F,1918,Janet,37
CT,F,1918,Wanda,36
CT,F,1918,Vera,35
CT,F,1918,Loretta,34
CT,F,1918,Amelia,33
CT,F,1918,Estelle,33
CT,F,1918,Mae,33
CT,F,1918,Myrtle,33
CT,F,1918,Norma,33
CT,F,1918,Eunice,32
CT,F,1918,Patricia,32
CT,F,1918,Concetta,31
CT,F,1918,Alma,30
CT,F,1918,Constance,30
CT,F,1918,Jeannette,30
CT,F,1918,Miriam,30
CT,F,1918,Sally,30
CT,F,1918,Joan,29
CT,F,1918,Kathryn,29
CT,F,1918,Olive,28
CT,F,1918,Sarah,28
CT,F,1918,Caroline,27
CT,F,1918,Regina,27
CT,F,1918,Violet,27
CT,F,1918,Kathleen,26
CT,F,1918,Maria,26
CT,F,1918,Adele,25
CT,F,1918,Carmela,25
CT,F,1918,Christine,25
CT,F,1918,Eileen,25
CT,F,1918,Fannie,25
CT,F,1918,Geraldine,25
CT,F,1918,Annie,24
CT,F,1918,Bessie,24
CT,F,1918,Celia,24
CT,F,1918,Minnie,24
CT,F,1918,Thelma,24
CT,F,1918,Winifred,24
CT,F,1918,Carolyn,23
CT,F,1918,Cecelia,23
CT,F,1918,Helene,23
CT,F,1918,Anita,22
CT,F,1918,Arline,22
CT,F,1918,Carmella,22
CT,F,1918,Jeanette,22
CT,F,1918,June,22
CT,F,1918,Leona,22
CT,F,1918,Lydia,22
CT,F,1918,Rosemary,22
CT,F,1918,Stephanie,22
CT,F,1918,Susan,22
CT,F,1918,Angela,21
CT,F,1918,Arlene,21
CT,F,1918,Hedwig,21
CT,F,1918,Natalie,21
CT,F,1918,Philomena,21
CT,F,1918,Jeanne,20
CT,F,1918,Mabel,20
CT,F,1918,Adeline,19
CT,F,1918,Annette,19
CT,F,1918,Jessie,19
CT,F,1918,Sadie,19
CT,F,1918,Teresa,19
CT,F,1918,Flora,18
CT,F,1918,Rosalie,18
CT,F,1918,Yolanda,17
CT,F,1918,Audrey,16
CT,F,1918,Ella,16
CT,F,1918,Frieda,16
CT,F,1918,Henrietta,16
CT,F,1918,Mollie,16
CT,F,1918,Priscilla,16
CT,F,1918,Inez,15
CT,F,1918,Nora,15
CT,F,1918,Sophia,15
CT,F,1918,Tessie,15
CT,F,1918,Alberta,14
CT,F,1918,Albina,14
CT,F,1918,Cecilia,14
CT,F,1918,Dorothea,14
CT,F,1918,Elinor,14
CT,F,1918,Harriett,14
CT,F,1918,Hilda,14
CT,F,1918,Matilda,14
CT,F,1918,Rena,14
CT,F,1918,Alyce,13
CT,F,1918,Carmel,13
CT,F,1918,Edythe,13
CT,F,1918,Eleanore,13
CT,F,1918,Freda,13
CT,F,1918,Sara,13
CT,F,1918,Bella,12
CT,F,1918,Dolores,12
CT,F,1918,Dora,12
CT,F,1918,Isabelle,12
CT,F,1918,Millicent,12
CT,F,1918,Rachel,12
CT,F,1918,Adelaide,11
CT,F,1918,Bernadette,11
CT,F,1918,Connie,11
CT,F,1918,Gloria,11
CT,F,1918,Helena,11
CT,F,1918,Irma,11
CT,F,1918,Isabel,11
CT,F,1918,Madelyn,11
CT,F,1918,Nettie,11
CT,F,1918,Peggy,11
CT,F,1918,Roberta,11
CT,F,1918,Stacia,11
CT,F,1918,Althea,10
CT,F,1918,Carol,10
CT,F,1918,Cecile,10
CT,F,1918,Elaine,10
CT,F,1918,Janice,10
CT,F,1918,Lottie,10
CT,F,1918,Marcia,10
CT,F,1918,May,10
CT,F,1918,Susie,10
CT,F,1918,Yvonne,10
CT,F,1918,Beulah,9
CT,F,1918,Elvira,9
CT,F,1918,Erma,9
CT,F,1918,Joyce,9
CT,F,1918,Margery,9
CT,F,1918,Selma,9
CT,F,1918,Stasia,9
CT,F,1918,Ada,8
CT,F,1918,Anastasia,8
CT,F,1918,Camille,8
CT,F,1918,Elisabeth,8
CT,F,1918,Eloise,8
CT,F,1918,Eugenia,8
CT,F,1918,Filomena,8
CT,F,1918,Judith,8
CT,F,1918,Leah,8
CT,F,1918,Lily,8
CT,F,1918,Rhoda,8
CT,F,1918,Valeria,8
CT,F,1918,Wilma,8
CT,F,1918,Angie,7
CT,F,1918,Arlyne,7
CT,F,1918,Bette,7
CT,F,1918,Diana,7
CT,F,1918,Etta,7
CT,F,1918,Georgette,7
CT,F,1918,Harriette,7
CT,F,1918,Lauretta,7
CT,F,1918,Maude,7
CT,F,1918,Nina,7
CT,F,1918,Amy,6
CT,F,1918,Augusta,6
CT,F,1918,Bridget,6
CT,F,1918,Carmelina,6
CT,F,1918,Jenny,6
CT,F,1918,John,6
CT,F,1918,Katharine,6
CT,F,1918,Lee,6
CT,F,1918,Lenore,6
CT,F,1918,Louisa,6
CT,F,1918,Lucia,6
CT,F,1918,Mafalda,6
CT,F,1918,Marcella,6
CT,F,1918,Molly,6
CT,F,1918,Roslyn,6
CT,F,1918,Ruby,6
CT,F,1918,Sue,6
CT,F,1918,Verna,6
CT,F,1918,Alda,5
CT,F,1918,Antonette,5
CT,F,1918,Clare,5
CT,F,1918,Clarice,5
CT,F,1918,Clementine,5
CT,F,1918,Concettina,5
CT,F,1918,Delia,5
CT,F,1918,Elena,5
CT,F,1918,Evangeline,5
CT,F,1918,Faith,5
CT,F,1918,Fanny,5
CT,F,1918,Gwendolyn,5
CT,F,1918,Isabell,5
CT,F,1918,Leonora,5
CT,F,1918,Lilyan,5
CT,F,1918,Luella,5
CT,F,1918,Maryann,5
CT,F,1918,Maureen,5
CT,F,1918,Millie,5
CT,F,1918,Nell,5
CT,F,1918,Palma,5
CT,F,1918,Raffaela,5
CT,F,1918,Rebecca,5
CT,F,1918,Susanne,5
CT,F,1918,Wilhelmina,5
CT,F,1918,Yvette,5
CT,F,1919,Mary,969
CT,F,1919,Helen,727
CT,F,1919,Dorothy,434
CT,F,1919,Margaret,378
CT,F,1919,Anna,361
CT,F,1919,Elizabeth,287
CT,F,1919,Ruth,281
CT,F,1919,Rose,264
CT,F,1919,Josephine,249
CT,F,1919,Frances,237
CT,F,1919,Florence,214
CT,F,1919,Eleanor,197
CT,F,1919,Alice,182
CT,F,1919,Marion,181
CT,F,1919,Mildred,175
CT,F,1919,Doris,168
CT,F,1919,Lillian,164
CT,F,1919,Virginia,162
CT,F,1919,Irene,158
CT,F,1919,Evelyn,156
CT,F,1919,Ann,154
CT,F,1919,Catherine,151
CT,F,1919,Marie,142
CT,F,1919,Louise,134
CT,F,1919,Jennie,126
CT,F,1919,Rita,124
CT,F,1919,Jean,123
CT,F,1919,Julia,122
CT,F,1919,Marjorie,122
CT,F,1919,Anne,119
CT,F,1919,Gertrude,119
CT,F,1919,Grace,117
CT,F,1919,Barbara,114
CT,F,1919,Sophie,106
CT,F,1919,Edith,103
CT,F,1919,Stella,97
CT,F,1919,Esther,91
CT,F,1919,Pauline,91
CT,F,1919,Shirley,90
CT,F,1919,Beatrice,89
CT,F,1919,Agnes,88
CT,F,1919,Jane,87
CT,F,1919,Lucy,87
CT,F,1919,Theresa,87
CT,F,1919,Ethel,86
CT,F,1919,Gladys,85
CT,F,1919,Katherine,82
CT,F,1919,Edna,81
CT,F,1919,Genevieve,80
CT,F,1919,Bertha,74
CT,F,1919,Bernice,72
CT,F,1919,Elsie,69
CT,F,1919,Antoinette,67
CT,F,1919,Nellie,67
CT,F,1919,Betty,66
CT,F,1919,Martha,65
CT,F,1919,Olga,64
CT,F,1919,Lena,61
CT,F,1919,Sylvia,61
CT,F,1919,Phyllis,57
CT,F,1919,Charlotte,54
CT,F,1919,Clara,54
CT,F,1919,Emma,52
CT,F,1919,Emily,51
CT,F,1919,Lorraine,51
CT,F,1919,Hazel,47
CT,F,1919,Muriel,47
CT,F,1919,Angelina,45
CT,F,1919,Nancy,45
CT,F,1919,Lucille,43
CT,F,1919,Adeline,42
CT,F,1919,Marian,42
CT,F,1919,Harriet,41
CT,F,1919,Lois,41
CT,F,1919,Viola,41
CT,F,1919,Eileen,40
CT,F,1919,Madeline,40
CT,F,1919,Ida,39
CT,F,1919,Caroline,38
CT,F,1919,Laura,38
CT,F,1919,Veronica,38
CT,F,1919,Ellen,37
CT,F,1919,Eva,37
CT,F,1919,Janet,37
CT,F,1919,June,37
CT,F,1919,Kathryn,37
CT,F,1919,Victoria,37
CT,F,1919,Norma,36
CT,F,1919,Loretta,35
CT,F,1919,Marguerite,35
CT,F,1919,Constance,34
CT,F,1919,Amelia,33
CT,F,1919,Claire,33
CT,F,1919,Concetta,33
CT,F,1919,Patricia,33
CT,F,1919,Vivian,33
CT,F,1919,Angeline,31
CT,F,1919,Christine,31
CT,F,1919,Jeanette,31
CT,F,1919,Wanda,31
CT,F,1919,Geraldine,30
CT,F,1919,Sarah,30
CT,F,1919,Anita,29
CT,F,1919,Blanche,29
CT,F,1919,Pearl,29
CT,F,1919,Thelma,29
CT,F,1919,Jeanne,28
CT,F,1919,Olive,28
CT,F,1919,Vera,28
CT,F,1919,Adele,27
CT,F,1919,Annette,27
CT,F,1919,Carmela,27
CT,F,1919,Alma,25
CT,F,1919,Dorothea,25
CT,F,1919,Kathleen,25
CT,F,1919,Elaine,24
CT,F,1919,Ella,24
CT,F,1919,Mae,24
CT,F,1919,Arline,23
CT,F,1919,Cecelia,23
CT,F,1919,Natalie,23
CT,F,1919,Regina,23
CT,F,1919,Violet,23
CT,F,1919,Jeannette,22
CT,F,1919,Rosalie,22
CT,F,1919,Elinor,21
CT,F,1919,Myrtle,21
CT,F,1919,Philomena,21
CT,F,1919,Stephanie,21
CT,F,1919,Angela,20
CT,F,1919,Carmella,20
CT,F,1919,Carolyn,20
CT,F,1919,Joan,20
CT,F,1919,Sally,20
CT,F,1919,Eunice,19
CT,F,1919,Jessie,19
CT,F,1919,Teresa,19
CT,F,1919,Dora,18
CT,F,1919,Fannie,18
CT,F,1919,Isabelle,18
CT,F,1919,Minnie,18
CT,F,1919,Susan,18
CT,F,1919,Arlene,17
CT,F,1919,Celia,17
CT,F,1919,Tessie,17
CT,F,1919,Estelle,16
CT,F,1919,Henrietta,16
CT,F,1919,Irma,16
CT,F,1919,Janice,16
CT,F,1919,Sara,16
CT,F,1919,Sophia,16
CT,F,1919,Annie,15
CT,F,1919,Helene,15
CT,F,1919,Hilda,15
CT,F,1919,Leona,15
CT,F,1919,Lydia,15
CT,F,1919,Mabel,15
CT,F,1919,Maria,15
CT,F,1919,Bessie,14
CT,F,1919,Cecilia,14
CT,F,1919,Flora,14
CT,F,1919,Isabel,14
CT,F,1919,May,14
CT,F,1919,Priscilla,14
CT,F,1919,Rosemary,14
CT,F,1919,Winifred,14
CT,F,1919,Adelaide,13
CT,F,1919,Alberta,13
CT,F,1919,Eleanore,13
CT,F,1919,Freda,13
CT,F,1919,Miriam,13
CT,F,1919,Rachel,13
CT,F,1919,Sadie,13
CT,F,1919,Ada,12
CT,F,1919,Albina,12
CT,F,1919,Audrey,12
CT,F,1919,Beverly,12
CT,F,1919,Connie,12
CT,F,1919,Amy,11
CT,F,1919,Bella,11
CT,F,1919,Carol,11
CT,F,1919,Justine,11
CT,F,1919,Lottie,11
CT,F,1919,Matilda,11
CT,F,1919,Nora,11
CT,F,1919,Selma,11
CT,F,1919,Yolanda,11
CT,F,1919,Carmel,10
CT,F,1919,Dolores,10
CT,F,1919,Ernestine,10
CT,F,1919,Eugenia,10
CT,F,1919,Frieda,10
CT,F,1919,Marcia,10
CT,F,1919,Mollie,10
CT,F,1919,Roberta,10
CT,F,1919,Santina,10
CT,F,1919,Stacia,10
CT,F,1919,Susie,10
CT,F,1919,Cecile,9
CT,F,1919,Edythe,9
CT,F,1919,Elisabeth,9
CT,F,1919,Filomena,9
CT,F,1919,Gloria,9
CT,F,1919,Joyce,9
CT,F,1919,Julie,9
CT,F,1919,Madelyn,9
CT,F,1919,Nina,9
CT,F,1919,Wilma,9
CT,F,1919,Yvonne,9
CT,F,1919,Clare,8
CT,F,1919,Harriett,8
CT,F,1919,Hope,8
CT,F,1919,Lenore,8
CT,F,1919,Lola,8
CT,F,1919,Margery,8
CT,F,1919,Pasqualina,8
CT,F,1919,Rena,8
CT,F,1919,Rhoda,8
CT,F,1919,Beulah,7
CT,F,1919,Hannah,7
CT,F,1919,Hedwig,7
CT,F,1919,Helena,7
CT,F,1919,Jacqueline,7
CT,F,1919,Leah,7
CT,F,1919,Naomi,7
CT,F,1919,Nettie,7
CT,F,1919,Rebecca,7
CT,F,1919,Verna,7
CT,F,1919,Anastasia,6
CT,F,1919,Carmelina,6
CT,F,1919,Concettina,6
CT,F,1919,Cora,6
CT,F,1919,Cornelia,6
CT,F,1919,Edwina,6
CT,F,1919,Elvira,6
CT,F,1919,Enid,6
CT,F,1919,Fanny,6
CT,F,1919,Freida,6
CT,F,1919,Harriette,6
CT,F,1919,Marcella,6
CT,F,1919,Marilyn,6
CT,F,1919,Millie,6
CT,F,1919,Molly,6
CT,F,1919,Steffie,6
CT,F,1919,Tillie,6
CT,F,1919,William,6
CT,F,1919,Adella,5
CT,F,1919,Alda,5
CT,F,1919,Alicia,5
CT,F,1919,Althea,5
CT,F,1919,Belle,5
CT,F,1919,Bernadette,5
CT,F,1919,Clementine,5
CT,F,1919,Daisy,5
CT,F,1919,Delia,5
CT,F,1919,Della,5
CT,F,1919,Eloise,5
CT,F,1919,Emilie,5
CT,F,1919,Erma,5
CT,F,1919,Eve,5
CT,F,1919,Faith,5
CT,F,1919,Felicia,5
CT,F,1919,Goldie,5
CT,F,1919,Isabella,5
CT,F,1919,Iva,5
CT,F,1919,Joanna,5
CT,F,1919,Juanita,5
CT,F,1919,Katharine,5
CT,F,1919,Maxine,5
CT,F,1919,Paula,5
CT,F,1919,Ruby,5
CT,F,1919,Sonia,5
CT,F,1919,Stasia,5
CT,F,1919,Valeria,5
CT,F,1920,Mary,970
CT,F,1920,Helen,706
CT,F,1920,Dorothy,455
CT,F,1920,Margaret,354
CT,F,1920,Anna,307
CT,F,1920,Ruth,298
CT,F,1920,Elizabeth,294
CT,F,1920,Frances,244
CT,F,1920,Rose,243
CT,F,1920,Josephine,227
CT,F,1920,Eleanor,213
CT,F,1920,Florence,209
CT,F,1920,Doris,205
CT,F,1920,Evelyn,192
CT,F,1920,Marion,186
CT,F,1920,Alice,183
CT,F,1920,Mildred,183
CT,F,1920,Virginia,175
CT,F,1920,Irene,169
CT,F,1920,Barbara,164
CT,F,1920,Marie,164
CT,F,1920,Lillian,163
CT,F,1920,Catherine,148
CT,F,1920,Ann,137
CT,F,1920,Jean,137
CT,F,1920,Julia,137
CT,F,1920,Gertrude,126
CT,F,1920,Louise,123
CT,F,1920,Rita,122
CT,F,1920,Shirley,121
CT,F,1920,Marjorie,120
CT,F,1920,Anne,118
CT,F,1920,Jennie,114
CT,F,1920,Jane,112
CT,F,1920,Sophie,109
CT,F,1920,Edith,106
CT,F,1920,Grace,106
CT,F,1920,Gladys,92
CT,F,1920,Agnes,89
CT,F,1920,Beatrice,87
CT,F,1920,Lucy,85
CT,F,1920,Theresa,85
CT,F,1920,Esther,84
CT,F,1920,Ethel,81
CT,F,1920,Pauline,81
CT,F,1920,Katherine,80
CT,F,1920,Stella,80
CT,F,1920,Olga,79
CT,F,1920,Elsie,78
CT,F,1920,Betty,77
CT,F,1920,Genevieve,75
CT,F,1920,Lena,71
CT,F,1920,Nellie,69
CT,F,1920,Angelina,65
CT,F,1920,Bernice,64
CT,F,1920,Edna,64
CT,F,1920,Bertha,62
CT,F,1920,Phyllis,61
CT,F,1920,Muriel,58
CT,F,1920,Antoinette,57
CT,F,1920,Nancy,56
CT,F,1920,Charlotte,55
CT,F,1920,Martha,55
CT,F,1920,Sylvia,54
CT,F,1920,Eileen,51
CT,F,1920,Harriet,51
CT,F,1920,Eva,50
CT,F,1920,Lucille,49
CT,F,1920,Lois,46
CT,F,1920,Norma,46
CT,F,1920,Veronica,46
CT,F,1920,Marian,44
CT,F,1920,Janet,43
CT,F,1920,Marguerite,43
CT,F,1920,Wanda,43
CT,F,1920,Madeline,42
CT,F,1920,Caroline,41
CT,F,1920,Ida,41
CT,F,1920,Viola,41
CT,F,1920,Emily,40
CT,F,1920,Adeline,39
CT,F,1920,Angeline,39
CT,F,1920,Carmella,38
CT,F,1920,Laura,38
CT,F,1920,Amelia,37
CT,F,1920,Constance,37
CT,F,1920,Emma,37
CT,F,1920,Jeanette,37
CT,F,1920,Estelle,36
CT,F,1920,Jeanne,36
CT,F,1920,Lorraine,36
CT,F,1920,Hazel,35
CT,F,1920,Kathleen,35
CT,F,1920,Kathryn,35
CT,F,1920,Claire,34
CT,F,1920,Victoria,33
CT,F,1920,Blanche,32
CT,F,1920,Clara,32
CT,F,1920,Anita,31
CT,F,1920,Patricia,31
CT,F,1920,Pearl,31
CT,F,1920,Sarah,31
CT,F,1920,Vivian,31
CT,F,1920,Elaine,30
CT,F,1920,Geraldine,30
CT,F,1920,Arlene,29
CT,F,1920,Vera,29
CT,F,1920,Violet,29
CT,F,1920,Adele,28
CT,F,1920,Carmela,28
CT,F,1920,Joan,28
CT,F,1920,Ellen,27
CT,F,1920,Maria,27
CT,F,1920,Natalie,27
CT,F,1920,Eunice,26
CT,F,1920,Loretta,26
CT,F,1920,Mae,26
CT,F,1920,Carolyn,25
CT,F,1920,June,25
CT,F,1920,Winifred,25
CT,F,1920,Cecilia,24
CT,F,1920,Arline,23
CT,F,1920,Concetta,23
CT,F,1920,Miriam,23
CT,F,1920,Elinor,22
CT,F,1920,Thelma,22
CT,F,1920,Audrey,21
CT,F,1920,Christine,21
CT,F,1920,Helene,21
CT,F,1920,Minnie,21
CT,F,1920,Philomena,21
CT,F,1920,Priscilla,21
CT,F,1920,Regina,21
CT,F,1920,Susan,21
CT,F,1920,Alma,20
CT,F,1920,Annette,20
CT,F,1920,Ella,20
CT,F,1920,Mabel,20
CT,F,1920,Teresa,20
CT,F,1920,Bessie,19
CT,F,1920,Dolores,19
CT,F,1920,Jeannette,19
CT,F,1920,Annie,18
CT,F,1920,Cecelia,18
CT,F,1920,Celia,18
CT,F,1920,Dorothea,18
CT,F,1920,Leona,18
CT,F,1920,Carmel,17
CT,F,1920,Irma,17
CT,F,1920,Isabelle,17
CT,F,1920,Alyce,16
CT,F,1920,Hilda,16
CT,F,1920,Lottie,16
CT,F,1920,Lydia,16
CT,F,1920,Olive,16
CT,F,1920,Rosalie,16
CT,F,1920,Angela,15
CT,F,1920,Beverly,15
CT,F,1920,Elvira,15
CT,F,1920,Jessie,15
CT,F,1920,Matilda,15
CT,F,1920,Myrtle,15
CT,F,1920,Freda,14
CT,F,1920,Joyce,14
CT,F,1920,Justine,14
CT,F,1920,Rosemary,14
CT,F,1920,Selma,14
CT,F,1920,Tessie,14
CT,F,1920,Dora,13
CT,F,1920,Eleanore,13
CT,F,1920,Henrietta,13
CT,F,1920,Marcia,13
CT,F,1920,Margery,13
CT,F,1920,Nora,13
CT,F,1920,Sally,13
CT,F,1920,Sara,13
CT,F,1920,Stephanie,13
CT,F,1920,Carol,12
CT,F,1920,Eugenia,12
CT,F,1920,Yolanda,12
CT,F,1920,Yvonne,12
CT,F,1920,Ada,11
CT,F,1920,Adelaide,11
CT,F,1920,Alberta,11
CT,F,1920,Cynthia,11
CT,F,1920,Fannie,11
CT,F,1920,Gloria,11
CT,F,1920,Jenny,11
CT,F,1920,Judith,11
CT,F,1920,Madelyn,11
CT,F,1920,Verna,11
CT,F,1920,Cecile,10
CT,F,1920,Filomena,10
CT,F,1920,Hope,10
CT,F,1920,Leah,10
CT,F,1920,Nina,10
CT,F,1920,Rena,10
CT,F,1920,Roberta,10
CT,F,1920,Ruby,10
CT,F,1920,Anastasia,9
CT,F,1920,Flora,9
CT,F,1920,Helena,9
CT,F,1920,Jacqueline,9
CT,F,1920,Peggy,9
CT,F,1920,Rebecca,9
CT,F,1920,Sadie,9
CT,F,1920,Susie,9
CT,F,1920,Beulah,8
CT,F,1920,Carrie,8
CT,F,1920,Clarice,8
CT,F,1920,Corinne,8
CT,F,1920,Hannah,8
CT,F,1920,Isabel,8
CT,F,1920,Janice,8
CT,F,1920,Juliette,8
CT,F,1920,Leila,8
CT,F,1920,Marcella,8
CT,F,1920,Rachel,8
CT,F,1920,Stacia,8
CT,F,1920,Vincenza,8
CT,F,1920,Wilma,8
CT,F,1920,Albina,7
CT,F,1920,Annamae,7
CT,F,1920,Bella,7
CT,F,1920,Christina,7
CT,F,1920,Edythe,7
CT,F,1920,Elsa,7
CT,F,1920,Fanny,7
CT,F,1920,Felicia,7
CT,F,1920,John,7
CT,F,1920,Lenore,7
CT,F,1920,Mafalda,7
CT,F,1920,Mollie,7
CT,F,1920,Santina,7
CT,F,1920,Sophia,7
CT,F,1920,Suzanne,7
CT,F,1920,Theodora,7
CT,F,1920,Althea,6
CT,F,1920,Ernestine,6
CT,F,1920,Eve,6
CT,F,1920,Gilda,6
CT,F,1920,Harriett,6
CT,F,1920,Hedwig,6
CT,F,1920,Katharine,6
CT,F,1920,Lila,6
CT,F,1920,Linda,6
CT,F,1920,Olympia,6
CT,F,1920,Roslyn,6
CT,F,1920,Valeria,6
CT,F,1920,Antonette,5
CT,F,1920,Bette,5
CT,F,1920,Bridget,5
CT,F,1920,Camille,5
CT,F,1920,Clementina,5
CT,F,1920,Connie,5
CT,F,1920,Diana,5
CT,F,1920,Dorcas,5
CT,F,1920,Elnora,5
CT,F,1920,Eloise,5
CT,F,1920,Fay,5
CT,F,1920,Isabella,5
CT,F,1920,Jayne,5
CT,F,1920,Johanna,5
CT,F,1920,Louisa,5
CT,F,1920,Lucia,5
CT,F,1920,Madaline,5
CT,F,1920,Paula,5
CT,F,1920,Rae,5
CT,F,1920,Rosella,5
CT,F,1920,Rosina,5
CT,F,1920,Sue,5
CT,F,1920,Ursula,5
CT,F,1920,Velma,5
CT,F,1921,Mary,1010
CT,F,1921,Helen,640
CT,F,1921,Dorothy,443
CT,F,1921,Margaret,336
CT,F,1921,Anna,305
CT,F,1921,Ruth,302
CT,F,1921,Elizabeth,280
CT,F,1921,Frances,250
CT,F,1921,Rose,244
CT,F,1921,Josephine,239
CT,F,1921,Evelyn,204
CT,F,1921,Florence,195
CT,F,1921,Alice,192
CT,F,1921,Eleanor,192
CT,F,1921,Marion,190
CT,F,1921,Doris,188
CT,F,1921,Virginia,187
CT,F,1921,Mildred,186
CT,F,1921,Lillian,183
CT,F,1921,Irene,179
CT,F,1921,Shirley,175
CT,F,1921,Barbara,173
CT,F,1921,Catherine,160
CT,F,1921,Jean,158
CT,F,1921,Marjorie,154
CT,F,1921,Marie,145
CT,F,1921,Louise,125
CT,F,1921,Rita,125
CT,F,1921,Grace,124
CT,F,1921,Ann,122
CT,F,1921,Anne,118
CT,F,1921,Beatrice,116
CT,F,1921,Gertrude,111
CT,F,1921,Julia,106
CT,F,1921,Jane,99
CT,F,1921,Jennie,98
CT,F,1921,Edith,97
CT,F,1921,Sophie,91
CT,F,1921,Theresa,90
CT,F,1921,Betty,89
CT,F,1921,Pauline,89
CT,F,1921,Ethel,85
CT,F,1921,Phyllis,81
CT,F,1921,Katherine,77
CT,F,1921,Lucy,77
CT,F,1921,Genevieve,75
CT,F,1921,Stella,74
CT,F,1921,Gladys,73
CT,F,1921,Antoinette,71
CT,F,1921,Agnes,69
CT,F,1921,Edna,69
CT,F,1921,Lena,69
CT,F,1921,Clara,68
CT,F,1921,Muriel,67
CT,F,1921,Elsie,66
CT,F,1921,Olga,65
CT,F,1921,Bernice,61
CT,F,1921,Nancy,61
CT,F,1921,Emily,58
CT,F,1921,Lois,58
CT,F,1921,Lucille,58
CT,F,1921,Martha,57
CT,F,1921,Charlotte,56
CT,F,1921,Esther,56
CT,F,1921,Claire,55
CT,F,1921,Harriet,55
CT,F,1921,Sylvia,53
CT,F,1921,Laura,52
CT,F,1921,Gloria,49
CT,F,1921,Marguerite,49
CT,F,1921,Norma,49
CT,F,1921,Angelina,48
CT,F,1921,Bertha,48
CT,F,1921,Janet,48
CT,F,1921,Loretta,48
CT,F,1921,Lorraine,47
CT,F,1921,Eva,44
CT,F,1921,Viola,43
CT,F,1921,Wanda,43
CT,F,1921,Jeanette,42
CT,F,1921,Constance,40
CT,F,1921,Eileen,40
CT,F,1921,Ida,40
CT,F,1921,Madeline,39
CT,F,1921,Veronica,39
CT,F,1921,June,38
CT,F,1921,Patricia,38
CT,F,1921,Victoria,38
CT,F,1921,Angeline,37
CT,F,1921,Anita,37
CT,F,1921,Vivian,37
CT,F,1921,Kathleen,36
CT,F,1921,Marian,36
CT,F,1921,Arline,35
CT,F,1921,Nellie,35
CT,F,1921,Amelia,34
CT,F,1921,Adeline,32
CT,F,1921,Annette,32
CT,F,1921,Caroline,32
CT,F,1921,Emma,32
CT,F,1921,Jeanne,32
CT,F,1921,Jeannette,31
CT,F,1921,Kathryn,31
CT,F,1921,Thelma,31
CT,F,1921,Carmella,30
CT,F,1921,Pearl,30
CT,F,1921,Alma,29
CT,F,1921,Carmela,29
CT,F,1921,Geraldine,29
CT,F,1921,Hazel,29
CT,F,1921,Regina,29
CT,F,1921,Elaine,28
CT,F,1921,Arlene,27
CT,F,1921,Christine,27
CT,F,1921,Concetta,27
CT,F,1921,Vera,27
CT,F,1921,Ella,26
CT,F,1921,Eunice,26
CT,F,1921,Teresa,26
CT,F,1921,Winifred,26
CT,F,1921,Adele,25
CT,F,1921,Joan,25
CT,F,1921,Sarah,25
CT,F,1921,Violet,25
CT,F,1921,Angela,24
CT,F,1921,Blanche,24
CT,F,1921,Carolyn,24
CT,F,1921,Estelle,24
CT,F,1921,Leona,23
CT,F,1921,Mabel,23
CT,F,1921,Miriam,23
CT,F,1921,Rosemary,23
CT,F,1921,Dorothea,22
CT,F,1921,Ellen,22
CT,F,1921,Hilda,22
CT,F,1921,Jessie,22
CT,F,1921,Mae,22
CT,F,1921,Olive,22
CT,F,1921,Audrey,21
CT,F,1921,Beverly,20
CT,F,1921,Cecelia,20
CT,F,1921,Annie,19
CT,F,1921,Carol,19
CT,F,1921,Celia,19
CT,F,1921,Dolores,19
CT,F,1921,Matilda,19
CT,F,1921,Philomena,19
CT,F,1921,Sadie,18
CT,F,1921,Elinor,17
CT,F,1921,Natalie,17
CT,F,1921,Stephanie,17
CT,F,1921,Isabel,16
CT,F,1921,Maria,16
CT,F,1921,Susan,16
CT,F,1921,Dora,15
CT,F,1921,Helene,15
CT,F,1921,Minnie,15
CT,F,1921,Myrtle,15
CT,F,1921,Rosalie,15
CT,F,1921,Ruby,15
CT,F,1921,Yolanda,15
CT,F,1921,Alyce,14
CT,F,1921,Carmel,14
CT,F,1921,Eugenia,14
CT,F,1921,Irma,14
CT,F,1921,Isabelle,14
CT,F,1921,Jacqueline,14
CT,F,1921,Marcella,14
CT,F,1921,May,14
CT,F,1921,Priscilla,14
CT,F,1921,Roberta,14
CT,F,1921,Eleanore,13
CT,F,1921,Elvira,13
CT,F,1921,Fannie,13
CT,F,1921,Ada,12
CT,F,1921,Alberta,12
CT,F,1921,Flora,12
CT,F,1921,Hedwig,12
CT,F,1921,Joyce,12
CT,F,1921,Lydia,12
CT,F,1921,Susie,12
CT,F,1921,Albina,11
CT,F,1921,Bette,11
CT,F,1921,Carmelina,11
CT,F,1921,Gilda,11
CT,F,1921,Henrietta,11
CT,F,1921,Hope,11
CT,F,1921,Madelyn,11
CT,F,1921,Marilyn,11
CT,F,1921,Tessie,11
CT,F,1921,Bessie,10
CT,F,1921,Janice,10
CT,F,1921,Margery,10
CT,F,1921,Rhoda,10
CT,F,1921,Cecile,9
CT,F,1921,Julie,9
CT,F,1921,Lottie,9
CT,F,1921,Molly,9
CT,F,1921,Sally,9
CT,F,1921,Selma,9
CT,F,1921,Stacia,9
CT,F,1921,Adelaide,8
CT,F,1921,Carmen,8
CT,F,1921,Ernestine,8
CT,F,1921,Georgia,8
CT,F,1921,Inez,8
CT,F,1921,Nora,8
CT,F,1921,Rachel,8
CT,F,1921,Sophia,8
CT,F,1921,Amy,7
CT,F,1921,Anastasia,7
CT,F,1921,Cecilia,7
CT,F,1921,Connie,7
CT,F,1921,Corinne,7
CT,F,1921,Eleanora,7
CT,F,1921,Fanny,7
CT,F,1921,Margie,7
CT,F,1921,Nettie,7
CT,F,1921,Rena,7
CT,F,1921,Rosalind,7
CT,F,1921,Vincenza,7
CT,F,1921,Annamae,6
CT,F,1921,Bernadette,6
CT,F,1921,Cora,6
CT,F,1921,Edythe,6
CT,F,1921,Freda,6
CT,F,1921,Harriett,6
CT,F,1921,Helena,6
CT,F,1921,Joanne,6
CT,F,1921,Joseph,6
CT,F,1921,Marcia,6
CT,F,1921,Millicent,6
CT,F,1921,Millie,6
CT,F,1921,Monica,6
CT,F,1921,Myra,6
CT,F,1921,Naomi,6
CT,F,1921,Nina,6
CT,F,1921,Palma,6
CT,F,1921,Rebecca,6
CT,F,1921,Rosa,6
CT,F,1921,Sabina,6
CT,F,1921,Therese,6
CT,F,1921,Valerie,6
CT,F,1921,Yvonne,6
CT,F,1921,Alfreda,5
CT,F,1921,Alvina,5
CT,F,1921,Annabelle,5
CT,F,1921,Beulah,5
CT,F,1921,Camille,5
CT,F,1921,Diana,5
CT,F,1921,Elena,5
CT,F,1921,Etta,5
CT,F,1921,Faith,5
CT,F,1921,Fern,5
CT,F,1921,Filomena,5
CT,F,1921,George,5
CT,F,1921,Georgiana,5
CT,F,1921,Goldie,5
CT,F,1921,Isabell,5
CT,F,1921,Jenny,5
CT,F,1921,Juanita,5
CT,F,1921,Lucia,5
CT,F,1921,Luella,5
CT,F,1921,Maxine,5
CT,F,1921,Santina,5
CT,F,1921,Sara,5
CT,F,1921,Stasia,5
CT,F,1921,Suzanne,5
CT,F,1922,Mary,836
CT,F,1922,Helen,576
CT,F,1922,Dorothy,412
CT,F,1922,Margaret,360
CT,F,1922,Ruth,299
CT,F,1922,Anna,267
CT,F,1922,Elizabeth,265
CT,F,1922,Rose,256
CT,F,1922,Frances,224
CT,F,1922,Doris,205
CT,F,1922,Josephine,205
CT,F,1922,Shirley,196
CT,F,1922,Florence,185
CT,F,1922,Virginia,176
CT,F,1922,Marion,174
CT,F,1922,Mildred,172
CT,F,1922,Irene,171
CT,F,1922,Barbara,170
CT,F,1922,Evelyn,170
CT,F,1922,Lillian,165
CT,F,1922,Alice,164
CT,F,1922,Eleanor,164
CT,F,1922,Marie,164
CT,F,1922,Jean,161
CT,F,1922,Ann,139
CT,F,1922,Anne,128
CT,F,1922,Marjorie,124
CT,F,1922,Rita,121
CT,F,1922,Catherine,120
CT,F,1922,Louise,117
CT,F,1922,Grace,110
CT,F,1922,Betty,100
CT,F,1922,Edith,100
CT,F,1922,Jane,93
CT,F,1922,Jennie,91
CT,F,1922,Pauline,90
CT,F,1922,Gloria,88
CT,F,1922,Lucy,87
CT,F,1922,Beatrice,86
CT,F,1922,Julia,85
CT,F,1922,Theresa,83
CT,F,1922,Gertrude,81
CT,F,1922,Katherine,78
CT,F,1922,Phyllis,76
CT,F,1922,Genevieve,72
CT,F,1922,Bernice,71
CT,F,1922,Gladys,70
CT,F,1922,Sophie,70
CT,F,1922,Stella,70
CT,F,1922,Ethel,67
CT,F,1922,Agnes,66
CT,F,1922,Elsie,63
CT,F,1922,Muriel,61
CT,F,1922,Nancy,60
CT,F,1922,Charlotte,58
CT,F,1922,Constance,57
CT,F,1922,Lucille,56
CT,F,1922,Martha,56
CT,F,1922,Norma,56
CT,F,1922,Bertha,53
CT,F,1922,Lois,53
CT,F,1922,Lorraine,52
CT,F,1922,Antoinette,51
CT,F,1922,Edna,50
CT,F,1922,Laura,50
CT,F,1922,Sylvia,49
CT,F,1922,Lena,48
CT,F,1922,Janet,47
CT,F,1922,Angelina,46
CT,F,1922,Victoria,46
CT,F,1922,Eileen,45
CT,F,1922,Ida,45
CT,F,1922,Olga,45
CT,F,1922,Esther,44
CT,F,1922,Jeanne,44
CT,F,1922,Marguerite,44
CT,F,1922,Viola,43
CT,F,1922,Clara,42
CT,F,1922,Loretta,42
CT,F,1922,June,41
CT,F,1922,Pearl,39
CT,F,1922,Veronica,39
CT,F,1922,Emma,38
CT,F,1922,Claire,37
CT,F,1922,Eunice,36
CT,F,1922,Patricia,36
CT,F,1922,Wanda,36
CT,F,1922,Amelia,34
CT,F,1922,Emily,34
CT,F,1922,Geraldine,34
CT,F,1922,Hazel,34
CT,F,1922,Kathryn,34
CT,F,1922,Jeanette,33
CT,F,1922,Madeline,33
CT,F,1922,Elaine,32
CT,F,1922,Harriet,32
CT,F,1922,Thelma,32
CT,F,1922,Carolyn,31
CT,F,1922,Joan,31
CT,F,1922,Concetta,30
CT,F,1922,Estelle,29
CT,F,1922,Mae,29
CT,F,1922,Marian,28
CT,F,1922,Sarah,28
CT,F,1922,Anita,27
CT,F,1922,Carmella,27
CT,F,1922,Carmela,26
CT,F,1922,Carol,26
CT,F,1922,Eva,26
CT,F,1922,Rosemary,26
CT,F,1922,Vivian,26
CT,F,1922,Winifred,26
CT,F,1922,Helene,25
CT,F,1922,Olive,25
CT,F,1922,Violet,25
CT,F,1922,Angeline,24
CT,F,1922,Jeannette,24
CT,F,1922,Kathleen,24
CT,F,1922,Nellie,24
CT,F,1922,Susan,24
CT,F,1922,Adeline,23
CT,F,1922,Arlene,23
CT,F,1922,Cecelia,23
CT,F,1922,Ellen,22
CT,F,1922,May,22
CT,F,1922,Audrey,21
CT,F,1922,Cecilia,21
CT,F,1922,Natalie,21
CT,F,1922,Philomena,21
CT,F,1922,Angela,20
CT,F,1922,Arline,20
CT,F,1922,Blanche,20
CT,F,1922,Caroline,20
CT,F,1922,Christine,20
CT,F,1922,Lydia,20
CT,F,1922,Vera,20
CT,F,1922,Hilda,19
CT,F,1922,Flora,18
CT,F,1922,Jacqueline,18
CT,F,1922,Miriam,18
CT,F,1922,Regina,18
CT,F,1922,Sally,18
CT,F,1922,Adele,17
CT,F,1922,Celia,17
CT,F,1922,Jessie,17
CT,F,1922,Joyce,17
CT,F,1922,Leona,17
CT,F,1922,Maria,17
CT,F,1922,Myrtle,17
CT,F,1922,Teresa,17
CT,F,1922,Bessie,16
CT,F,1922,Isabel,16
CT,F,1922,Mabel,16
CT,F,1922,Minnie,16
CT,F,1922,Yolanda,16
CT,F,1922,Dorothea,15
CT,F,1922,Eleanore,15
CT,F,1922,Susie,15
CT,F,1922,Alyce,14
CT,F,1922,Annie,14
CT,F,1922,Dora,14
CT,F,1922,Henrietta,14
CT,F,1922,Isabelle,14
CT,F,1922,Marilyn,14
CT,F,1922,Alma,13
CT,F,1922,Elinor,13
CT,F,1922,Annette,12
CT,F,1922,Cecile,12
CT,F,1922,Fannie,12
CT,F,1922,Irma,12
CT,F,1922,Stephanie,12
CT,F,1922,Carmelina,11
CT,F,1922,Ella,11
CT,F,1922,Leah,11
CT,F,1922,Matilda,11
CT,F,1922,Nina,11
CT,F,1922,Yvonne,11
CT,F,1922,Adelaide,10
CT,F,1922,Beverly,10
CT,F,1922,Carmel,10
CT,F,1922,Rachel,10
CT,F,1922,Rhoda,10
CT,F,1922,Roberta,10
CT,F,1922,Ada,9
CT,F,1922,Alberta,9
CT,F,1922,Carrie,9
CT,F,1922,Filomena,9
CT,F,1922,Hedwig,9
CT,F,1922,Jenny,9
CT,F,1922,Judith,9
CT,F,1922,Madelyn,9
CT,F,1922,Margery,9
CT,F,1922,Priscilla,9
CT,F,1922,Rosalie,9
CT,F,1922,Roslyn,9
CT,F,1922,Corinne,8
CT,F,1922,Dolores,8
CT,F,1922,Frieda,8
CT,F,1922,Harriett,8
CT,F,1922,Hope,8
CT,F,1922,Janice,8
CT,F,1922,Marcia,8
CT,F,1922,Peggy,8
CT,F,1922,Ruby,8
CT,F,1922,Sadie,8
CT,F,1922,Santina,8
CT,F,1922,Sara,8
CT,F,1922,Selma,8
CT,F,1922,Stasia,8
CT,F,1922,Suzanne,8
CT,F,1922,Wilma,8
CT,F,1922,Connie,7
CT,F,1922,Eugenia,7
CT,F,1922,Faith,7
CT,F,1922,Fanny,7
CT,F,1922,Lee,7
CT,F,1922,Maureen,7
CT,F,1922,Naomi,7
CT,F,1922,Vincenza,7
CT,F,1922,Althea,6
CT,F,1922,Amy,6
CT,F,1922,Antonette,6
CT,F,1922,Bernadette,6
CT,F,1922,Cora,6
CT,F,1922,Elvira,6
CT,F,1922,Helena,6
CT,F,1922,Inez,6
CT,F,1922,Julie,6
CT,F,1922,Lottie,6
CT,F,1922,Michelina,6
CT,F,1922,Millicent,6
CT,F,1922,Molly,6
CT,F,1922,Monica,6
CT,F,1922,Nora,6
CT,F,1922,Robert,6
CT,F,1922,Rosalind,6
CT,F,1922,Sophia,6
CT,F,1922,Theodora,6
CT,F,1922,Therese,6
CT,F,1922,Albina,5
CT,F,1922,Anastasia,5
CT,F,1922,Avis,5
CT,F,1922,Bette,5
CT,F,1922,Clare,5
CT,F,1922,Clarice,5
CT,F,1922,Daisy,5
CT,F,1922,Edwina,5
CT,F,1922,Elda,5
CT,F,1922,Elena,5
CT,F,1922,Elvera,5
CT,F,1922,Emilie,5
CT,F,1922,Erma,5
CT,F,1922,Ernestine,5
CT,F,1922,Georgia,5
CT,F,1922,Goldie,5
CT,F,1922,Isabell,5
CT,F,1922,Isabella,5
CT,F,1922,Leonora,5
CT,F,1922,Lucia,5
CT,F,1922,Madeleine,5
CT,F,1922,Marjory,5
CT,F,1922,Millie,5
CT,F,1922,Palma,5
CT,F,1922,Sonia,5
CT,F,1922,Stacia,5
CT,F,1922,Tina,5
CT,F,1922,Velma,5
CT,F,1922,Verna,5
CT,F,1923,Mary,863
CT,F,1923,Helen,558
CT,F,1923,Dorothy,435
CT,F,1923,Margaret,332
CT,F,1923,Ruth,283
CT,F,1923,Elizabeth,247
CT,F,1923,Anna,238
CT,F,1923,Rose,238
CT,F,1923,Frances,226
CT,F,1923,Shirley,216
CT,F,1923,Doris,194
CT,F,1923,Barbara,193
CT,F,1923,Josephine,192
CT,F,1923,Virginia,186
CT,F,1923,Florence,185
CT,F,1923,Marion,177
CT,F,1923,Eleanor,174
CT,F,1923,Irene,174
CT,F,1923,Evelyn,168
CT,F,1923,Lillian,168
CT,F,1923,Marie,156
CT,F,1923,Mildred,156
CT,F,1923,Alice,150
CT,F,1923,Jean,144
CT,F,1923,Marjorie,136
CT,F,1923,Ann,128
CT,F,1923,Catherine,128
CT,F,1923,Jane,126
CT,F,1923,Rita,121
CT,F,1923,Louise,118
CT,F,1923,Betty,115
CT,F,1923,Anne,113
CT,F,1923,Gloria,113
CT,F,1923,Jennie,98
CT,F,1923,Beatrice,93
CT,F,1923,Grace,93
CT,F,1923,Gertrude,90
CT,F,1923,Edith,86
CT,F,1923,Julia,81
CT,F,1923,Sophie,80
CT,F,1923,Nancy,76
CT,F,1923,Phyllis,75
CT,F,1923,Elsie,74
CT,F,1923,Lucy,73
CT,F,1923,Ethel,71
CT,F,1923,Agnes,70
CT,F,1923,Gladys,68
CT,F,1923,Antoinette,67
CT,F,1923,Katherine,67
CT,F,1923,Lois,67
CT,F,1923,Pauline,66
CT,F,1923,Theresa,65
CT,F,1923,Muriel,63
CT,F,1923,Patricia,61
CT,F,1923,Genevieve,60
CT,F,1923,Eileen,59
CT,F,1923,June,59
CT,F,1923,Lorraine,57
CT,F,1923,Bernice,56
CT,F,1923,Stella,56
CT,F,1923,Claire,55
CT,F,1923,Janet,54
CT,F,1923,Edna,52
CT,F,1923,Jeanne,51
CT,F,1923,Olga,50
CT,F,1923,Clara,49
CT,F,1923,Elaine,48
CT,F,1923,Norma,47
CT,F,1923,Viola,46
CT,F,1923,Carolyn,45
CT,F,1923,Loretta,45
CT,F,1923,Lucille,45
CT,F,1923,Angelina,44
CT,F,1923,Lena,43
CT,F,1923,Constance,42
CT,F,1923,Esther,42
CT,F,1923,Laura,41
CT,F,1923,Marian,41
CT,F,1923,Emma,40
CT,F,1923,Sylvia,40
CT,F,1923,Bertha,39
CT,F,1923,Charlotte,39
CT,F,1923,Kathleen,39
CT,F,1923,Martha,38
CT,F,1923,Emily,36
CT,F,1923,Hazel,35
CT,F,1923,Ida,35
CT,F,1923,Jeanette,35
CT,F,1923,Veronica,34
CT,F,1923,Marguerite,33
CT,F,1923,Angeline,32
CT,F,1923,Geraldine,32
CT,F,1923,Pearl,32
CT,F,1923,Vivian,32
CT,F,1923,Madeline,31
CT,F,1923,Nellie,31
CT,F,1923,Wanda,31
CT,F,1923,Ellen,30
CT,F,1923,Eva,30
CT,F,1923,Thelma,30
CT,F,1923,Victoria,29
CT,F,1923,Winifred,29
CT,F,1923,Anita,28
CT,F,1923,Christine,28
CT,F,1923,Kathryn,28
CT,F,1923,Beverly,27
CT,F,1923,Carmela,27
CT,F,1923,Joyce,27
CT,F,1923,Miriam,27
CT,F,1923,Audrey,26
CT,F,1923,Concetta,26
CT,F,1923,Harriet,26
CT,F,1923,Arlene,25
CT,F,1923,Caroline,25
CT,F,1923,Arline,24
CT,F,1923,Sarah,24
CT,F,1923,Vera,24
CT,F,1923,Amelia,23
CT,F,1923,Rosemary,23
CT,F,1923,Susan,23
CT,F,1923,Eunice,22
CT,F,1923,Adele,21
CT,F,1923,Alma,21
CT,F,1923,Hilda,21
CT,F,1923,Jeannette,21
CT,F,1923,Joan,21
CT,F,1923,Natalie,21
CT,F,1923,Teresa,21
CT,F,1923,Adeline,20
CT,F,1923,Annette,20
CT,F,1923,Blanche,20
CT,F,1923,Mae,20
CT,F,1923,Celia,19
CT,F,1923,Elinor,19
CT,F,1923,Isabelle,19
CT,F,1923,Marilyn,19
CT,F,1923,Priscilla,19
CT,F,1923,Sally,19
CT,F,1923,Angela,18
CT,F,1923,Dolores,18
CT,F,1923,Yolanda,18
CT,F,1923,Marcia,17
CT,F,1923,Regina,17
CT,F,1923,Carmella,16
CT,F,1923,Dorothea,16
CT,F,1923,Flora,16
CT,F,1923,Leona,16
CT,F,1923,Olive,16
CT,F,1923,Bette,15
CT,F,1923,Carol,15
CT,F,1923,Cecile,15
CT,F,1923,Cecilia,15
CT,F,1923,Helene,15
CT,F,1923,Violet,15
CT,F,1923,Filomena,14
CT,F,1923,Judith,14
CT,F,1923,Lydia,14
CT,F,1923,Philomena,14
CT,F,1923,Stephanie,14
CT,F,1923,Cecelia,13
CT,F,1923,Ella,13
CT,F,1923,Estelle,13
CT,F,1923,Hedwig,13
CT,F,1923,Irma,13
CT,F,1923,Isabel,13
CT,F,1923,Jessie,13
CT,F,1923,Myrtle,13
CT,F,1923,Carmel,12
CT,F,1923,Hope,12
CT,F,1923,Margery,12
CT,F,1923,May,12
CT,F,1923,Rachel,12
CT,F,1923,Eleanore,11
CT,F,1923,Faye,11
CT,F,1923,Inez,11
CT,F,1923,Jacqueline,11
CT,F,1923,Janice,11
CT,F,1923,Minnie,11
CT,F,1923,Roberta,11
CT,F,1923,Rosalie,11
CT,F,1923,Alyce,10
CT,F,1923,Annie,10
CT,F,1923,Dora,10
CT,F,1923,Frieda,10
CT,F,1923,Helena,10
CT,F,1923,Mabel,10
CT,F,1923,Sadie,10
CT,F,1923,Carmelina,9
CT,F,1923,Corinne,9
CT,F,1923,Faith,9
CT,F,1923,Fannie,9
CT,F,1923,Henrietta,9
CT,F,1923,John,9
CT,F,1923,Justine,9
CT,F,1923,Matilda,9
CT,F,1923,Stacia,9
CT,F,1923,Susie,9
CT,F,1923,Amy,8
CT,F,1923,Connie,8
CT,F,1923,Elvira,8
CT,F,1923,Eugenia,8
CT,F,1923,Nina,8
CT,F,1923,Ruby,8
CT,F,1923,Verna,8
CT,F,1923,Wilma,8
CT,F,1923,Ada,7
CT,F,1923,Alberta,7
CT,F,1923,Albina,7
CT,F,1923,Bessie,7
CT,F,1923,Camille,7
CT,F,1923,Edythe,7
CT,F,1923,Georgia,7
CT,F,1923,Georgianna,7
CT,F,1923,Harriett,7
CT,F,1923,Jenny,7
CT,F,1923,Johanna,7
CT,F,1923,Julie,7
CT,F,1923,Katharine,7
CT,F,1923,Lila,7
CT,F,1923,Madeleine,7
CT,F,1923,Madelyn,7
CT,F,1923,Maryjane,7
CT,F,1923,Rena,7
CT,F,1923,Rhoda,7
CT,F,1923,Yvonne,7
CT,F,1923,Althea,6
CT,F,1923,Bernadette,6
CT,F,1923,Carrie,6
CT,F,1923,Eve,6
CT,F,1923,Georgette,6
CT,F,1923,Gilda,6
CT,F,1923,Leah,6
CT,F,1923,Maria,6
CT,F,1923,Maryann,6
CT,F,1923,Naomi,6
CT,F,1923,Nettie,6
CT,F,1923,Santina,6
CT,F,1923,Selma,6
CT,F,1923,Annamae,5
CT,F,1923,Antonette,5
CT,F,1923,Carmen,5
CT,F,1923,Cora,5
CT,F,1923,Diana,5
CT,F,1923,Elena,5
CT,F,1923,Emilie,5
CT,F,1923,Erma,5
CT,F,1923,Fay,5
CT,F,1923,Geneva,5
CT,F,1923,Isabella,5
CT,F,1923,Jayne,5
CT,F,1923,Lenore,5
CT,F,1923,Marcella,5
CT,F,1923,Marianna,5
CT,F,1923,Merle,5
CT,F,1923,Palma,5
CT,F,1923,Rosalyn,5
CT,F,1923,Sabina,5
CT,F,1923,Shirlee,5
CT,F,1923,Tessie,5
CT,F,1923,Therese,5
CT,F,1924,Mary,760
CT,F,1924,Helen,529
CT,F,1924,Dorothy,424
CT,F,1924,Margaret,338
CT,F,1924,Shirley,271
CT,F,1924,Ruth,263
CT,F,1924,Frances,249
CT,F,1924,Elizabeth,242
CT,F,1924,Anna,240
CT,F,1924,Eleanor,218
CT,F,1924,Rose,217
CT,F,1924,Marie,202
CT,F,1924,Jean,201
CT,F,1924,Josephine,200
CT,F,1924,Evelyn,198
CT,F,1924,Doris,194
CT,F,1924,Barbara,192
CT,F,1924,Florence,186
CT,F,1924,Virginia,176
CT,F,1924,Irene,175
CT,F,1924,Marion,170
CT,F,1924,Lillian,164
CT,F,1924,Mildred,150
CT,F,1924,Jane,140
CT,F,1924,Ann,138
CT,F,1924,Alice,137
CT,F,1924,Rita,133
CT,F,1924,Gloria,132
CT,F,1924,Catherine,128
CT,F,1924,Marjorie,126
CT,F,1924,Betty,115
CT,F,1924,Anne,109
CT,F,1924,Grace,107
CT,F,1924,Phyllis,105
CT,F,1924,Jennie,104
CT,F,1924,Louise,101
CT,F,1924,Julia,91
CT,F,1924,Theresa,91
CT,F,1924,Lucy,84
CT,F,1924,Claire,79
CT,F,1924,Edith,79
CT,F,1924,Gertrude,79
CT,F,1924,Lois,79
CT,F,1924,Beatrice,71
CT,F,1924,Nancy,71
CT,F,1924,Muriel,70
CT,F,1924,Patricia,70
CT,F,1924,Agnes,69
CT,F,1924,Pauline,69
CT,F,1924,Edna,67
CT,F,1924,Antoinette,66
CT,F,1924,Janet,65
CT,F,1924,Sophie,64
CT,F,1924,Elsie,62
CT,F,1924,Gladys,62
CT,F,1924,Katherine,62
CT,F,1924,Bertha,61
CT,F,1924,Genevieve,61
CT,F,1924,Lucille,60
CT,F,1924,Norma,60
CT,F,1924,Stella,60
CT,F,1924,Lorraine,59
CT,F,1924,Bernice,55
CT,F,1924,Lena,53
CT,F,1924,Ethel,51
CT,F,1924,June,51
CT,F,1924,Laura,51
CT,F,1924,Olga,51
CT,F,1924,Esther,50
CT,F,1924,Charlotte,49
CT,F,1924,Martha,49
CT,F,1924,Elaine,48
CT,F,1924,Eileen,47
CT,F,1924,Marian,47
CT,F,1924,Constance,45
CT,F,1924,Madeline,42
CT,F,1924,Angelina,41
CT,F,1924,Jeanne,41
CT,F,1924,Marguerite,41
CT,F,1924,Emma,40
CT,F,1924,Rosemary,40
CT,F,1924,Clara,39
CT,F,1924,Geraldine,39
CT,F,1924,Pearl,39
CT,F,1924,Joan,38
CT,F,1924,Kathleen,38
CT,F,1924,Sylvia,38
CT,F,1924,Ida,37
CT,F,1924,Vera,37
CT,F,1924,Harriet,36
CT,F,1924,Hazel,36
CT,F,1924,Thelma,36
CT,F,1924,Emily,35
CT,F,1924,Nellie,34
CT,F,1924,Wanda,34
CT,F,1924,Carmella,33
CT,F,1924,Caroline,33
CT,F,1924,Joyce,33
CT,F,1924,Viola,32
CT,F,1924,Beverly,30
CT,F,1924,Ellen,30
CT,F,1924,Jeanette,30
CT,F,1924,Marilyn,30
CT,F,1924,Loretta,29
CT,F,1924,Carolyn,28
CT,F,1924,Miriam,28
CT,F,1924,Adeline,27
CT,F,1924,Amelia,27
CT,F,1924,Audrey,27
CT,F,1924,Dolores,27
CT,F,1924,Eva,27
CT,F,1924,Jeannette,27
CT,F,1924,Philomena,27
CT,F,1924,Arlene,26
CT,F,1924,Cecelia,26
CT,F,1924,Janice,26
CT,F,1924,Roberta,26
CT,F,1924,Veronica,26
CT,F,1924,Angeline,25
CT,F,1924,Anita,25
CT,F,1924,Christine,25
CT,F,1924,Concetta,25
CT,F,1924,Sarah,25
CT,F,1924,Violet,25
CT,F,1924,Vivian,25
CT,F,1924,Arline,24
CT,F,1924,Carol,24
CT,F,1924,Kathryn,24
CT,F,1924,Natalie,24
CT,F,1924,Blanche,23
CT,F,1924,Regina,23
CT,F,1924,Winifred,23
CT,F,1924,Eunice,22
CT,F,1924,Sally,22
CT,F,1924,Adele,21
CT,F,1924,Carmela,21
CT,F,1924,Susan,21
CT,F,1924,Estelle,20
CT,F,1924,Hilda,20
CT,F,1924,Lydia,20
CT,F,1924,Mabel,20
CT,F,1924,Priscilla,20
CT,F,1924,Teresa,20
CT,F,1924,Yolanda,20
CT,F,1924,Celia,19
CT,F,1924,Ella,18
CT,F,1924,Rosalie,18
CT,F,1924,Angela,17
CT,F,1924,Isabel,17
CT,F,1924,Annette,16
CT,F,1924,Elinor,16
CT,F,1924,Jacqueline,16
CT,F,1924,Leona,16
CT,F,1924,Myrtle,16
CT,F,1924,Olive,16
CT,F,1924,Victoria,16
CT,F,1924,Cecilia,15
CT,F,1924,Flora,15
CT,F,1924,Alma,13
CT,F,1924,Bessie,13
CT,F,1924,Bette,13
CT,F,1924,Connie,13
CT,F,1924,Isabelle,13
CT,F,1924,Mae,13
CT,F,1924,Sara,13
CT,F,1924,Selma,13
CT,F,1924,Stephanie,13
CT,F,1924,Alberta,12
CT,F,1924,Carmel,12
CT,F,1924,Eugenia,12
CT,F,1924,Jessie,12
CT,F,1924,Margery,12
CT,F,1924,Nora,12
CT,F,1924,Susie,12
CT,F,1924,Theodora,12
CT,F,1924,Irma,11
CT,F,1924,Rosemarie,11
CT,F,1924,Annie,10
CT,F,1924,Corinne,10
CT,F,1924,Dorothea,10
CT,F,1924,Eleanore,10
CT,F,1924,Elvira,10
CT,F,1924,Filomena,10
CT,F,1924,Georgia,10
CT,F,1924,Henrietta,10
CT,F,1924,Nina,10
CT,F,1924,Rachel,10
CT,F,1924,Rhoda,10
CT,F,1924,Ruby,10
CT,F,1924,Ada,9
CT,F,1924,Cecile,9
CT,F,1924,Ernestine,9
CT,F,1924,Helena,9
CT,F,1924,Julie,9
CT,F,1924,Madeleine,9
CT,F,1924,Minnie,9
CT,F,1924,Wilma,9
CT,F,1924,Yvonne,9
CT,F,1924,Althea,8
CT,F,1924,Corrine,8
CT,F,1924,Dora,8
CT,F,1924,Faith,8
CT,F,1924,Helene,8
CT,F,1924,Judith,8
CT,F,1924,May,8
CT,F,1924,Millicent,8
CT,F,1924,Tessie,8
CT,F,1924,Alyce,7
CT,F,1924,Bernadette,7
CT,F,1924,Fannie,7
CT,F,1924,Georgette,7
CT,F,1924,Hedwig,7
CT,F,1924,Isabella,7
CT,F,1924,Jayne,7
CT,F,1924,Marcia,7
CT,F,1924,Maria,7
CT,F,1924,Marianna,7
CT,F,1924,Maxine,7
CT,F,1924,Monica,7
CT,F,1924,Robert,7
CT,F,1924,Alfreda,6
CT,F,1924,Carmelina,6
CT,F,1924,Carrie,6
CT,F,1924,Claudia,6
CT,F,1924,Cynthia,6
CT,F,1924,Edythe,6
CT,F,1924,Elinore,6
CT,F,1924,Elisabeth,6
CT,F,1924,Elvera,6
CT,F,1924,Fern,6
CT,F,1924,Harriett,6
CT,F,1924,Inez,6
CT,F,1924,Jenny,6
CT,F,1924,Johanna,6
CT,F,1924,Lila,6
CT,F,1924,Mafalda,6
CT,F,1924,Molly,6
CT,F,1924,Nettie,6
CT,F,1924,Rena,6
CT,F,1924,Roslyn,6
CT,F,1924,Sadie,6
CT,F,1924,Stacia,6
CT,F,1924,Tina,6
CT,F,1924,Ursula,6
CT,F,1924,Albina,5
CT,F,1924,Amy,5
CT,F,1924,Anastasia,5
CT,F,1924,Arleen,5
CT,F,1924,Bella,5
CT,F,1924,Beulah,5
CT,F,1924,Clare,5
CT,F,1924,Dawn,5
CT,F,1924,Edwina,5
CT,F,1924,Elsa,5
CT,F,1924,Evangeline,5
CT,F,1924,Freda,5
CT,F,1924,Gwendolyn,5
CT,F,1924,Hannah,5
CT,F,1924,Hope,5
CT,F,1924,Justine,5
CT,F,1924,Kay,5
CT,F,1924,Leah,5
CT,F,1924,Lenora,5
CT,F,1924,Lenore,5
CT,F,1924,Lucia,5
CT,F,1924,Mamie,5
CT,F,1924,Marcella,5
CT,F,1924,Marjory,5
CT,F,1924,Maryjane,5
CT,F,1924,Matilda,5
CT,F,1924,Maureen,5
CT,F,1924,Palma,5
CT,F,1924,Ruthe,5
CT,F,1924,Vincenza,5
CT,F,1925,Mary,729
CT,F,1925,Helen,470
CT,F,1925,Dorothy,420
CT,F,1925,Margaret,286
CT,F,1925,Elizabeth,281
CT,F,1925,Ruth,250
CT,F,1925,Shirley,233
CT,F,1925,Anna,222
CT,F,1925,Barbara,221
CT,F,1925,Eleanor,213
CT,F,1925,Jean,212
CT,F,1925,Rose,212
CT,F,1925,Doris,200
CT,F,1925,Irene,191
CT,F,1925,Frances,188
CT,F,1925,Gloria,176
CT,F,1925,Marie,176
CT,F,1925,Florence,175
CT,F,1925,Josephine,172
CT,F,1925,Virginia,163
CT,F,1925,Marion,149
CT,F,1925,Mildred,145
CT,F,1925,Lillian,144
CT,F,1925,Evelyn,140
CT,F,1925,Alice,139
CT,F,1925,Betty,130
CT,F,1925,Ann,121
CT,F,1925,Rita,121
CT,F,1925,Marjorie,120
CT,F,1925,Jane,116
CT,F,1925,Catherine,114
CT,F,1925,Theresa,101
CT,F,1925,Louise,98
CT,F,1925,Anne,95
CT,F,1925,Phyllis,92
CT,F,1925,Lucille,89
CT,F,1925,Lorraine,85
CT,F,1925,Grace,84
CT,F,1925,Lois,81
CT,F,1925,Jennie,77
CT,F,1925,Pauline,76
CT,F,1925,Joan,75
CT,F,1925,Patricia,75
CT,F,1925,Nancy,74
CT,F,1925,Edith,70
CT,F,1925,Beatrice,68
CT,F,1925,Genevieve,64
CT,F,1925,Muriel,64
CT,F,1925,Janet,63
CT,F,1925,Antoinette,62
CT,F,1925,June,62
CT,F,1925,Lucy,62
CT,F,1925,Jeanne,61
CT,F,1925,Julia,61
CT,F,1925,Gladys,60
CT,F,1925,Sophie,60
CT,F,1925,Ethel,57
CT,F,1925,Gertrude,57
CT,F,1925,Katherine,56
CT,F,1925,Agnes,55
CT,F,1925,Marian,55
CT,F,1925,Stella,52
CT,F,1925,Bernice,49
CT,F,1925,Norma,49
CT,F,1925,Elsie,48
CT,F,1925,Elaine,47
CT,F,1925,Arlene,44
CT,F,1925,Eileen,44
CT,F,1925,Martha,44
CT,F,1925,Bertha,42
CT,F,1925,Esther,42
CT,F,1925,Charlotte,41
CT,F,1925,Harriet,41
CT,F,1925,Audrey,39
CT,F,1925,Constance,39
CT,F,1925,Angelina,38
CT,F,1925,Jeannette,38
CT,F,1925,Claire,37
CT,F,1925,Lena,37
CT,F,1925,Laura,36
CT,F,1925,Marguerite,36
CT,F,1925,Olga,36
CT,F,1925,Rosemary,36
CT,F,1925,Carmella,33
CT,F,1925,Emily,33
CT,F,1925,Eva,33
CT,F,1925,Clara,32
CT,F,1925,Edna,32
CT,F,1925,Thelma,32
CT,F,1925,Beverly,31
CT,F,1925,Geraldine,31
CT,F,1925,Priscilla,31
CT,F,1925,Sylvia,31
CT,F,1925,Teresa,31
CT,F,1925,Viola,31
CT,F,1925,Anita,30
CT,F,1925,Arline,30
CT,F,1925,Carmela,30
CT,F,1925,Eunice,30
CT,F,1925,Hazel,30
CT,F,1925,Vera,30
CT,F,1925,Kathleen,29
CT,F,1925,Madeline,29
CT,F,1925,Marilyn,29
CT,F,1925,Carolyn,28
CT,F,1925,Ida,28
CT,F,1925,Victoria,28
CT,F,1925,Caroline,27
CT,F,1925,Christine,27
CT,F,1925,Ellen,27
CT,F,1925,Joyce,27
CT,F,1925,Loretta,27
CT,F,1925,Carol,26
CT,F,1925,Concetta,25
CT,F,1925,Janice,25
CT,F,1925,Nellie,25
CT,F,1925,Sally,25
CT,F,1925,Veronica,25
CT,F,1925,Vivian,25
CT,F,1925,Jeanette,24
CT,F,1925,Angeline,23
CT,F,1925,Jacqueline,23
CT,F,1925,Adele,22
CT,F,1925,Amelia,22
CT,F,1925,Natalie,22
CT,F,1925,Regina,22
CT,F,1925,Susan,22
CT,F,1925,Violet,22
CT,F,1925,Wanda,22
CT,F,1925,Yolanda,22
CT,F,1925,Dolores,21
CT,F,1925,Blanche,20
CT,F,1925,Elinor,20
CT,F,1925,Kathryn,20
CT,F,1925,Winifred,20
CT,F,1925,Estelle,19
CT,F,1925,Pearl,19
CT,F,1925,Philomena,19
CT,F,1925,Adeline,18
CT,F,1925,Angela,18
CT,F,1925,Annette,18
CT,F,1925,Mae,18
CT,F,1925,Roberta,18
CT,F,1925,Cecilia,17
CT,F,1925,Celia,17
CT,F,1925,Emma,17
CT,F,1925,Henrietta,17
CT,F,1925,Mabel,17
CT,F,1925,Sarah,17
CT,F,1925,Helene,16
CT,F,1925,Isabel,16
CT,F,1925,Rosalie,16
CT,F,1925,Alma,15
CT,F,1925,Bessie,15
CT,F,1925,Eleanore,15
CT,F,1925,Lydia,15
CT,F,1925,Carmel,14
CT,F,1925,Cecelia,14
CT,F,1925,Dorothea,14
CT,F,1925,Irma,14
CT,F,1925,Maria,14
CT,F,1925,Miriam,14
CT,F,1925,Annie,13
CT,F,1925,Rosemarie,13
CT,F,1925,Verna,13
CT,F,1925,Dora,12
CT,F,1925,Hilda,12
CT,F,1925,Leona,12
CT,F,1925,Myrtle,12
CT,F,1925,Olive,12
CT,F,1925,Rena,12
CT,F,1925,Rhoda,12
CT,F,1925,Alberta,11
CT,F,1925,Ella,11
CT,F,1925,Jessie,11
CT,F,1925,Rachel,11
CT,F,1925,Judith,10
CT,F,1925,Adelaide,9
CT,F,1925,Corinne,9
CT,F,1925,Lenore,9
CT,F,1925,Madelyn,9
CT,F,1925,Peggy,9
CT,F,1925,Albina,8
CT,F,1925,Elvira,8
CT,F,1925,Fannie,8
CT,F,1925,Isabelle,8
CT,F,1925,Justine,8
CT,F,1925,Marcia,8
CT,F,1925,May,8
CT,F,1925,Millicent,8
CT,F,1925,Rosina,8
CT,F,1925,Ruby,8
CT,F,1925,Sara,8
CT,F,1925,Valerie,8
CT,F,1925,Wilma,8
CT,F,1925,Yvonne,8
CT,F,1925,Alyce,7
CT,F,1925,Bernadette,7
CT,F,1925,Bette,7
CT,F,1925,Cora,7
CT,F,1925,Edythe,7
CT,F,1925,Ernestine,7
CT,F,1925,Flora,7
CT,F,1925,Jacquelyn,7
CT,F,1925,John,7
CT,F,1925,Madeleine,7
CT,F,1925,Marcella,7
CT,F,1925,Nora,7
CT,F,1925,Rosa,7
CT,F,1925,Sadie,7
CT,F,1925,Selma,7
CT,F,1925,Sheila,7
CT,F,1925,Stephanie,7
CT,F,1925,Susie,7
CT,F,1925,Alda,6
CT,F,1925,Amy,6
CT,F,1925,Betsy,6
CT,F,1925,Carmelina,6
CT,F,1925,Cecile,6
CT,F,1925,Evangeline,6
CT,F,1925,Faith,6
CT,F,1925,Filomena,6
CT,F,1925,Georgette,6
CT,F,1925,Hope,6
CT,F,1925,Inez,6
CT,F,1925,Matilda,6
CT,F,1925,Mollie,6
CT,F,1925,Rosalind,6
CT,F,1925,Santina,6
CT,F,1925,Shirlee,6
CT,F,1925,Suzanne,6
CT,F,1925,William,6
CT,F,1925,Ada,5
CT,F,1925,Aldona,5
CT,F,1925,Alfreda,5
CT,F,1925,Angie,5
CT,F,1925,Annabelle,5
CT,F,1925,Antonette,5
CT,F,1925,Connie,5
CT,F,1925,Cynthia,5
CT,F,1925,Delia,5
CT,F,1925,Eloise,5
CT,F,1925,Francis,5
CT,F,1925,Freda,5
CT,F,1925,Gwendolyn,5
CT,F,1925,Helena,5
CT,F,1925,Jayne,5
CT,F,1925,Joy,5
CT,F,1925,Juanita,5
CT,F,1925,Leatrice,5
CT,F,1925,Lee,5
CT,F,1925,Lorna,5
CT,F,1925,Maude,5
CT,F,1925,Maxine,5
CT,F,1925,Minnie,5
CT,F,1925,Naomi,5
CT,F,1925,Noreen,5
CT,F,1925,Palma,5
CT,F,1925,Paula,5
CT,F,1925,Penelope,5
CT,F,1925,Robert,5
CT,F,1926,Mary,751
CT,F,1926,Dorothy,426
CT,F,1926,Helen,420
CT,F,1926,Shirley,288
CT,F,1926,Barbara,275
CT,F,1926,Ruth,245
CT,F,1926,Margaret,241
CT,F,1926,Jean,231
CT,F,1926,Elizabeth,228
CT,F,1926,Anna,214
CT,F,1926,Rose,197
CT,F,1926,Doris,196
CT,F,1926,Frances,191
CT,F,1926,Eleanor,189
CT,F,1926,Irene,183
CT,F,1926,Marie,174
CT,F,1926,Virginia,168
CT,F,1926,Theresa,165
CT,F,1926,Josephine,159
CT,F,1926,Florence,152
CT,F,1926,Gloria,151
CT,F,1926,Alice,144
CT,F,1926,Betty,138
CT,F,1926,Lillian,137
CT,F,1926,Rita,137
CT,F,1926,Marion,133
CT,F,1926,Mildred,130
CT,F,1926,Ann,126
CT,F,1926,Jane,122
CT,F,1926,Evelyn,117
CT,F,1926,Lois,112
CT,F,1926,Marjorie,107
CT,F,1926,Catherine,106
CT,F,1926,Lorraine,101
CT,F,1926,Phyllis,96
CT,F,1926,Louise,94
CT,F,1926,Anne,90
CT,F,1926,Patricia,90
CT,F,1926,Nancy,88
CT,F,1926,Grace,83
CT,F,1926,Jennie,80
CT,F,1926,Joan,78
CT,F,1926,Gertrude,77
CT,F,1926,June,74
CT,F,1926,Edith,73
CT,F,1926,Elaine,67
CT,F,1926,Gladys,67
CT,F,1926,Lucille,66
CT,F,1926,Antoinette,63
CT,F,1926,Jeanne,63
CT,F,1926,Beatrice,61
CT,F,1926,Norma,59
CT,F,1926,Katherine,58
CT,F,1926,Julia,57
CT,F,1926,Bernice,56
CT,F,1926,Lucy,56
CT,F,1926,Muriel,56
CT,F,1926,Claire,55
CT,F,1926,Elsie,55
CT,F,1926,Marilyn,55
CT,F,1926,Ethel,50
CT,F,1926,Kathleen,49
CT,F,1926,Joyce,47
CT,F,1926,Bertha,46
CT,F,1926,Pauline,45
CT,F,1926,Sylvia,45
CT,F,1926,Beverly,44
CT,F,1926,Stella,43
CT,F,1926,Edna,42
CT,F,1926,Genevieve,42
CT,F,1926,Sophie,42
CT,F,1926,Agnes,41
CT,F,1926,Dolores,41
CT,F,1926,Harriet,40
CT,F,1926,Marguerite,40
CT,F,1926,Martha,40
CT,F,1926,Laura,38
CT,F,1926,Arlene,37
CT,F,1926,Audrey,37
CT,F,1926,Eileen,37
CT,F,1926,Esther,37
CT,F,1926,Jacqueline,37
CT,F,1926,Janet,37
CT,F,1926,Marian,37
CT,F,1926,Angelina,35
CT,F,1926,Clara,35
CT,F,1926,Constance,35
CT,F,1926,Olga,35
CT,F,1926,Charlotte,34
CT,F,1926,Emily,34
CT,F,1926,Lena,33
CT,F,1926,Carolyn,32
CT,F,1926,Geraldine,31
CT,F,1926,Rosemary,31
CT,F,1926,Jeanette,30
CT,F,1926,Ellen,29
CT,F,1926,Eva,29
CT,F,1926,Teresa,29
CT,F,1926,Eunice,27
CT,F,1926,Pearl,27
CT,F,1926,Wanda,27
CT,F,1926,Blanche,26
CT,F,1926,Carmela,26
CT,F,1926,Carmella,26
CT,F,1926,Ida,26
CT,F,1926,Sally,26
CT,F,1926,Victoria,26
CT,F,1926,Arline,25
CT,F,1926,Caroline,25
CT,F,1926,Emma,25
CT,F,1926,Madeline,25
CT,F,1926,Rosalie,25
CT,F,1926,Therese,25
CT,F,1926,Viola,25
CT,F,1926,Kathryn,24
CT,F,1926,Thelma,24
CT,F,1926,Angeline,23
CT,F,1926,Carol,23
CT,F,1926,Janice,22
CT,F,1926,Loretta,22
CT,F,1926,Natalie,22
CT,F,1926,Sarah,22
CT,F,1926,Susan,22
CT,F,1926,Vivian,22
CT,F,1926,Amelia,21
CT,F,1926,Annette,21
CT,F,1926,Concetta,21
CT,F,1926,Priscilla,21
CT,F,1926,Regina,21
CT,F,1926,Christine,20
CT,F,1926,Estelle,20
CT,F,1926,Jeannette,20
CT,F,1926,Violet,20
CT,F,1926,Angela,19
CT,F,1926,Anita,19
CT,F,1926,Judith,19
CT,F,1926,Leona,19
CT,F,1926,Rosemarie,19
CT,F,1926,Vera,19
CT,F,1926,Alma,18
CT,F,1926,Cecelia,18
CT,F,1926,Philomena,18
CT,F,1926,Yolanda,18
CT,F,1926,Adeline,17
CT,F,1926,Adele,16
CT,F,1926,Alberta,16
CT,F,1926,Elinor,16
CT,F,1926,Hazel,16
CT,F,1926,Irma,16
CT,F,1926,Mabel,16
CT,F,1926,Veronica,16
CT,F,1926,Winifred,16
CT,F,1926,Dorothea,15
CT,F,1926,Roberta,15
CT,F,1926,Cecilia,14
CT,F,1926,Flora,14
CT,F,1926,Maria,14
CT,F,1926,Corinne,13
CT,F,1926,Elvira,13
CT,F,1926,Hilda,13
CT,F,1926,Olive,13
CT,F,1926,Althea,12
CT,F,1926,Cynthia,12
CT,F,1926,Isabel,12
CT,F,1926,Isabelle,12
CT,F,1926,Jessie,12
CT,F,1926,Marcia,12
CT,F,1926,Miriam,12
CT,F,1926,Suzanne,12
CT,F,1926,Bessie,11
CT,F,1926,Bette,11
CT,F,1926,Celia,11
CT,F,1926,Henrietta,11
CT,F,1926,John,11
CT,F,1926,Lydia,11
CT,F,1926,May,11
CT,F,1926,Nellie,11
CT,F,1926,Ada,10
CT,F,1926,Cecile,10
CT,F,1926,Connie,10
CT,F,1926,Diana,10
CT,F,1926,Eleanore,10
CT,F,1926,Gwendolyn,10
CT,F,1926,Lenore,10
CT,F,1926,Margery,10
CT,F,1926,Matilda,10
CT,F,1926,Myrtle,10
CT,F,1926,Peggy,10
CT,F,1926,Sara,10
CT,F,1926,Amy,9
CT,F,1926,Fannie,9
CT,F,1926,Harriett,9
CT,F,1926,Helene,9
CT,F,1926,Annie,8
CT,F,1926,Bernadette,8
CT,F,1926,Carmelina,8
CT,F,1926,Ella,8
CT,F,1926,Georgette,8
CT,F,1926,Joy,8
CT,F,1926,Lila,8
CT,F,1926,Mae,8
CT,F,1926,Molly,8
CT,F,1926,Rhoda,8
CT,F,1926,Stephanie,8
CT,F,1926,Faye,7
CT,F,1926,Filomena,7
CT,F,1926,Gene,7
CT,F,1926,Hope,7
CT,F,1926,Jenny,7
CT,F,1926,Joseph,7
CT,F,1926,Linda,7
CT,F,1926,Madelyn,7
CT,F,1926,Mamie,7
CT,F,1926,Maryjane,7
CT,F,1926,Millie,7
CT,F,1926,Minnie,7
CT,F,1926,Naomi,7
CT,F,1926,Selma,7
CT,F,1926,Yvonne,7
CT,F,1926,Albina,6
CT,F,1926,Antonette,6
CT,F,1926,Daisy,6
CT,F,1926,Elena,6
CT,F,1926,Elva,6
CT,F,1926,Faith,6
CT,F,1926,Lee,6
CT,F,1926,Marcella,6
CT,F,1926,Mollie,6
CT,F,1926,Nina,6
CT,F,1926,Palma,6
CT,F,1926,Rachel,6
CT,F,1926,Sue,6
CT,F,1926,Tessie,6
CT,F,1926,Vincenza,6
CT,F,1926,Wilma,6
CT,F,1926,Alyce,5
CT,F,1926,Beryl,5
CT,F,1926,Christina,5
CT,F,1926,Corrine,5
CT,F,1926,Edythe,5
CT,F,1926,Effie,5
CT,F,1926,Ernestine,5
CT,F,1926,Fanny,5
CT,F,1926,Georgia,5
CT,F,1926,Georgiana,5
CT,F,1926,Gilda,5
CT,F,1926,Hedwig,5
CT,F,1926,Joann,5
CT,F,1926,Joanne,5
CT,F,1926,Katharine,5
CT,F,1926,Lucia,5
CT,F,1926,Marjory,5
CT,F,1926,Maureen,5
CT,F,1926,Maxine,5
CT,F,1926,Millicent,5
CT,F,1926,Monica,5
CT,F,1926,Nettie,5
CT,F,1926,Phoebe,5
CT,F,1926,Renee,5
CT,F,1926,Sadie,5
CT,F,1926,Sandra,5
CT,F,1926,Sheila,5
CT,F,1926,Susie,5
CT,F,1926,Verna,5
CT,F,1927,Mary,668
CT,F,1927,Dorothy,426
CT,F,1927,Helen,368
CT,F,1927,Barbara,331
CT,F,1927,Shirley,280
CT,F,1927,Jean,278
CT,F,1927,Margaret,254
CT,F,1927,Elizabeth,239
CT,F,1927,Anna,219
CT,F,1927,Ruth,219
CT,F,1927,Marie,193
CT,F,1927,Theresa,192
CT,F,1927,Rose,187
CT,F,1927,Doris,179
CT,F,1927,Frances,173
CT,F,1927,Irene,172
CT,F,1927,Florence,169
CT,F,1927,Virginia,166
CT,F,1927,Eleanor,165
CT,F,1927,Marion,159
CT,F,1927,Evelyn,156
CT,F,1927,Josephine,156
CT,F,1927,Gloria,153
CT,F,1927,Alice,147
CT,F,1927,Betty,136
CT,F,1927,Lillian,135
CT,F,1927,Lorraine,126
CT,F,1927,Patricia,121
CT,F,1927,Jane,110
CT,F,1927,Lois,110
CT,F,1927,Mildred,109
CT,F,1927,Ann,107
CT,F,1927,Rita,105
CT,F,1927,Catherine,104
CT,F,1927,Joan,97
CT,F,1927,Phyllis,93
CT,F,1927,Nancy,86
CT,F,1927,Anne,85
CT,F,1927,Louise,85
CT,F,1927,Marjorie,83
CT,F,1927,Beverly,80
CT,F,1927,Grace,72
CT,F,1927,June,70
CT,F,1927,Lucille,70
CT,F,1927,Marilyn,69
CT,F,1927,Norma,69
CT,F,1927,Jennie,68
CT,F,1927,Pauline,68
CT,F,1927,Dolores,64
CT,F,1927,Jeanne,62
CT,F,1927,Beatrice,61
CT,F,1927,Claire,61
CT,F,1927,Edith,60
CT,F,1927,Antoinette,58
CT,F,1927,Ethel,57
CT,F,1927,Gladys,57
CT,F,1927,Lucy,55
CT,F,1927,Agnes,53
CT,F,1927,Janet,52
CT,F,1927,Joyce,50
CT,F,1927,Katherine,50
CT,F,1927,Genevieve,48
CT,F,1927,Audrey,47
CT,F,1927,Martha,47
CT,F,1927,Gertrude,46
CT,F,1927,Charlotte,45
CT,F,1927,Julia,45
CT,F,1927,Sophie,45
CT,F,1927,Elaine,43
CT,F,1927,Harriet,43
CT,F,1927,Esther,41
CT,F,1927,Geraldine,41
CT,F,1927,Marguerite,41
CT,F,1927,Muriel,41
CT,F,1927,Madeline,39
CT,F,1927,Bernice,38
CT,F,1927,Elsie,38
CT,F,1927,Edna,35
CT,F,1927,Jacqueline,35
CT,F,1927,Arlene,34
CT,F,1927,Ellen,34
CT,F,1927,Kathleen,34
CT,F,1927,Constance,33
CT,F,1927,Blanche,32
CT,F,1927,Lena,32
CT,F,1927,Rosemary,32
CT,F,1927,Teresa,32
CT,F,1927,Angelina,31
CT,F,1927,Carolyn,31
CT,F,1927,Priscilla,31
CT,F,1927,Sylvia,31
CT,F,1927,Anita,30
CT,F,1927,Carmella,30
CT,F,1927,Emily,30
CT,F,1927,Laura,30
CT,F,1927,Stella,30
CT,F,1927,Viola,30
CT,F,1927,Caroline,29
CT,F,1927,Eileen,29
CT,F,1927,Hazel,29
CT,F,1927,Jeanette,29
CT,F,1927,Jeannette,29
CT,F,1927,Vivian,28
CT,F,1927,Carol,27
CT,F,1927,Loretta,27
CT,F,1927,Pearl,27
CT,F,1927,Christine,26
CT,F,1927,Clara,26
CT,F,1927,Eunice,26
CT,F,1927,Olga,26
CT,F,1927,Roberta,25
CT,F,1927,Veronica,25
CT,F,1927,Wanda,25
CT,F,1927,Marian,23
CT,F,1927,Angeline,22
CT,F,1927,Winifred,22
CT,F,1927,Adele,21
CT,F,1927,Arline,21
CT,F,1927,Bertha,21
CT,F,1927,Elinor,21
CT,F,1927,Eva,21
CT,F,1927,Janice,21
CT,F,1927,Natalie,21
CT,F,1927,Carmela,20
CT,F,1927,Ida,20
CT,F,1927,Kathryn,20
CT,F,1927,Yolanda,20
CT,F,1927,Nellie,19
CT,F,1927,Regina,19
CT,F,1927,Sally,19
CT,F,1927,Thelma,19
CT,F,1927,Vera,19
CT,F,1927,Concetta,18
CT,F,1927,Gilda,18
CT,F,1927,Adeline,17
CT,F,1927,Angela,17
CT,F,1927,Flora,17
CT,F,1927,Jessie,17
CT,F,1927,Susan,17
CT,F,1927,Therese,17
CT,F,1927,Violet,17
CT,F,1927,Annette,16
CT,F,1927,Corinne,16
CT,F,1927,Maria,16
CT,F,1927,Sarah,16
CT,F,1927,Bessie,14
CT,F,1927,Cecile,14
CT,F,1927,Connie,14
CT,F,1927,Ernestine,14
CT,F,1927,Miriam,14
CT,F,1927,Philomena,14
CT,F,1927,Rosalie,14
CT,F,1927,Cecilia,13
CT,F,1927,Emma,13
CT,F,1927,Estelle,13
CT,F,1927,Georgette,13
CT,F,1927,Henrietta,13
CT,F,1927,Joanne,13
CT,F,1927,Leona,13
CT,F,1927,Selma,13
CT,F,1927,Alberta,12
CT,F,1927,Dorothea,12
CT,F,1927,Inez,12
CT,F,1927,Mae,12
CT,F,1927,Suzanne,12
CT,F,1927,Victoria,12
CT,F,1927,Alma,11
CT,F,1927,Cynthia,11
CT,F,1927,Helene,11
CT,F,1927,Irma,11
CT,F,1927,Isabelle,11
CT,F,1927,Judith,11
CT,F,1927,Mabel,11
CT,F,1927,May,11
CT,F,1927,Myrtle,11
CT,F,1927,Rachel,11
CT,F,1927,Amelia,10
CT,F,1927,Annie,10
CT,F,1927,Cecelia,10
CT,F,1927,Hilda,10
CT,F,1927,John,10
CT,F,1927,Rosemarie,10
CT,F,1927,Susie,10
CT,F,1927,Celia,9
CT,F,1927,Elvira,9
CT,F,1927,Isabel,9
CT,F,1927,Olive,9
CT,F,1927,Rena,9
CT,F,1927,Valerie,9
CT,F,1927,William,9
CT,F,1927,Betsy,8
CT,F,1927,Beverley,8
CT,F,1927,Carmelina,8
CT,F,1927,Clare,8
CT,F,1927,Dora,8
CT,F,1927,Georgia,8
CT,F,1927,Helena,8
CT,F,1927,Madelyn,8
CT,F,1927,Maureen,8
CT,F,1927,Naomi,8
CT,F,1927,Peggy,8
CT,F,1927,Adrienne,7
CT,F,1927,Bernadette,7
CT,F,1927,Faith,7
CT,F,1927,Leatrice,7
CT,F,1927,Matilda,7
CT,F,1927,Minnie,7
CT,F,1927,Robert,7
CT,F,1927,Rosalind,7
CT,F,1927,Rosina,7
CT,F,1927,Ruby,7
CT,F,1927,Sadie,7
CT,F,1927,Sara,7
CT,F,1927,Vilma,7
CT,F,1927,Wilma,7
CT,F,1927,Ada,6
CT,F,1927,Adelaide,6
CT,F,1927,Avis,6
CT,F,1927,Beryl,6
CT,F,1927,Bette,6
CT,F,1927,Eleanore,6
CT,F,1927,Filomena,6
CT,F,1927,Frieda,6
CT,F,1927,Gwendolyn,6
CT,F,1927,Jacquelyn,6
CT,F,1927,Justine,6
CT,F,1927,Lenore,6
CT,F,1927,Lydia,6
CT,F,1927,Marcia,6
CT,F,1927,Nina,6
CT,F,1927,Rhoda,6
CT,F,1927,Theodora,6
CT,F,1927,Verna,6
CT,F,1927,Yvette,6
CT,F,1927,Albina,5
CT,F,1927,Althea,5
CT,F,1927,Antonette,5
CT,F,1927,Carmel,5
CT,F,1927,Carrie,5
CT,F,1927,Cora,5
CT,F,1927,Corrine,5
CT,F,1927,Edythe,5
CT,F,1927,Elise,5
CT,F,1927,Elvera,5
CT,F,1927,Eugenia,5
CT,F,1927,Georgianna,5
CT,F,1927,Germaine,5
CT,F,1927,Johanna,5
CT,F,1927,Joseph,5
CT,F,1927,Leonora,5
CT,F,1927,Lucia,5
CT,F,1927,Lucretia,5
CT,F,1927,Mafalda,5
CT,F,1927,Margery,5
CT,F,1927,Mavis,5
CT,F,1927,Nora,5
CT,F,1927,Rosa,5
CT,F,1927,Stephanie,5
CT,F,1928,Mary,643
CT,F,1928,Dorothy,396
CT,F,1928,Barbara,349
CT,F,1928,Helen,308
CT,F,1928,Shirley,277
CT,F,1928,Jean,271
CT,F,1928,Margaret,248
CT,F,1928,Elizabeth,227
CT,F,1928,Ruth,207
CT,F,1928,Frances,202
CT,F,1928,Marie,201
CT,F,1928,Doris,191
CT,F,1928,Lorraine,181
CT,F,1928,Theresa,176
CT,F,1928,Eleanor,175
CT,F,1928,Irene,173
CT,F,1928,Rose,169
CT,F,1928,Anna,163
CT,F,1928,Patricia,155
CT,F,1928,Florence,152
CT,F,1928,Marion,151
CT,F,1928,Alice,143
CT,F,1928,Betty,141
CT,F,1928,Gloria,140
CT,F,1928,Josephine,137
CT,F,1928,Evelyn,136
CT,F,1928,Joan,136
CT,F,1928,Virginia,134
CT,F,1928,Ann,126
CT,F,1928,Nancy,125
CT,F,1928,Catherine,111
CT,F,1928,Jane,110
CT,F,1928,Lois,109
CT,F,1928,Rita,109
CT,F,1928,Dolores,106
CT,F,1928,Lillian,105
CT,F,1928,Mildred,102
CT,F,1928,Phyllis,101
CT,F,1928,Louise,95
CT,F,1928,Marjorie,93
CT,F,1928,Anne,86
CT,F,1928,Grace,75
CT,F,1928,June,73
CT,F,1928,Lucille,72
CT,F,1928,Edith,68
CT,F,1928,Beverly,66
CT,F,1928,Norma,66
CT,F,1928,Beatrice,64
CT,F,1928,Marilyn,63
CT,F,1928,Claire,60
CT,F,1928,Gertrude,59
CT,F,1928,Jeanne,59
CT,F,1928,Joyce,59
CT,F,1928,Pauline,59
CT,F,1928,Jennie,58
CT,F,1928,Janet,56
CT,F,1928,Antoinette,55
CT,F,1928,Carol,54
CT,F,1928,Elaine,53
CT,F,1928,Agnes,52
CT,F,1928,Audrey,51
CT,F,1928,Lucy,51
CT,F,1928,Bernice,50
CT,F,1928,Gladys,46
CT,F,1928,Katherine,46
CT,F,1928,Elsie,45
CT,F,1928,Julia,45
CT,F,1928,Ethel,42
CT,F,1928,Marian,42
CT,F,1928,Martha,42
CT,F,1928,Charlotte,41
CT,F,1928,Eileen,40
CT,F,1928,Clara,39
CT,F,1928,Jacqueline,39
CT,F,1928,Rosemary,37
CT,F,1928,Constance,36
CT,F,1928,Edna,36
CT,F,1928,Genevieve,36
CT,F,1928,Kathleen,36
CT,F,1928,Muriel,35
CT,F,1928,Angelina,33
CT,F,1928,Laura,33
CT,F,1928,Janice,31
CT,F,1928,Sally,31
CT,F,1928,Sophie,31
CT,F,1928,Teresa,31
CT,F,1928,Vivian,31
CT,F,1928,Carolyn,29
CT,F,1928,Geraldine,29
CT,F,1928,Madeline,29
CT,F,1928,Olga,29
CT,F,1928,Arlene,28
CT,F,1928,Carmela,27
CT,F,1928,Esther,27
CT,F,1928,Jeanette,26
CT,F,1928,Loretta,26
CT,F,1928,Rosemarie,26
CT,F,1928,Sylvia,26
CT,F,1928,Therese,26
CT,F,1928,Anita,25
CT,F,1928,Ellen,24
CT,F,1928,Emily,24
CT,F,1928,Jeannette,24
CT,F,1928,Caroline,23
CT,F,1928,Pearl,23
CT,F,1928,Priscilla,23
CT,F,1928,Thelma,23
CT,F,1928,Arline,22
CT,F,1928,Bertha,22
CT,F,1928,Blanche,22
CT,F,1928,Marguerite,22
CT,F,1928,Natalie,22
CT,F,1928,Roberta,22
CT,F,1928,Violet,22
CT,F,1928,Wanda,22
CT,F,1928,Annette,21
CT,F,1928,Christine,21
CT,F,1928,Emma,21
CT,F,1928,Angeline,20
CT,F,1928,Concetta,20
CT,F,1928,Mae,20
CT,F,1928,Viola,20
CT,F,1928,Delores,19
CT,F,1928,Sarah,19
CT,F,1928,Selma,19
CT,F,1928,Susan,19
CT,F,1928,Vera,19
CT,F,1928,Veronica,19
CT,F,1928,Eva,18
CT,F,1928,Harriet,18
CT,F,1928,Hazel,18
CT,F,1928,Stella,18
CT,F,1928,Estelle,17
CT,F,1928,Judith,17
CT,F,1928,Kathryn,17
CT,F,1928,Diane,16
CT,F,1928,Eunice,16
CT,F,1928,Olive,16
CT,F,1928,Alberta,15
CT,F,1928,Angela,15
CT,F,1928,Carmella,15
CT,F,1928,Irma,15
CT,F,1928,Celia,14
CT,F,1928,Ida,14
CT,F,1928,Jessie,14
CT,F,1928,Joanne,14
CT,F,1928,Lena,14
CT,F,1928,Maria,14
CT,F,1928,Nellie,14
CT,F,1928,Rosalie,14
CT,F,1928,Winifred,14
CT,F,1928,Bessie,13
CT,F,1928,Cecelia,13
CT,F,1928,Henrietta,13
CT,F,1928,Isabelle,13
CT,F,1928,Leona,13
CT,F,1928,Lydia,13
CT,F,1928,Maureen,13
CT,F,1928,Victoria,13
CT,F,1928,Elinor,12
CT,F,1928,Julie,12
CT,F,1928,Mabel,12
CT,F,1928,Marcia,12
CT,F,1928,Miriam,12
CT,F,1928,Nina,12
CT,F,1928,Yolanda,12
CT,F,1928,Adele,11
CT,F,1928,Adeline,11
CT,F,1928,Bette,11
CT,F,1928,Carmel,11
CT,F,1928,Cecile,11
CT,F,1928,Ella,11
CT,F,1928,Rhoda,11
CT,F,1928,Yvette,11
CT,F,1928,Alma,10
CT,F,1928,Bernadette,10
CT,F,1928,Corinne,10
CT,F,1928,Cynthia,10
CT,F,1928,Dorothea,10
CT,F,1928,Myrtle,10
CT,F,1928,Philomena,10
CT,F,1928,Theodora,10
CT,F,1928,Amelia,9
CT,F,1928,Betsy,9
CT,F,1928,Faith,9
CT,F,1928,Hilda,9
CT,F,1928,Isabel,9
CT,F,1928,Naomi,9
CT,F,1928,Peggy,9
CT,F,1928,Ramona,9
CT,F,1928,Regina,9
CT,F,1928,Suzanne,9
CT,F,1928,Alyce,8
CT,F,1928,Carmelina,8
CT,F,1928,Eleanore,8
CT,F,1928,Elvira,8
CT,F,1928,Eugenia,8
CT,F,1928,Georgia,8
CT,F,1928,Helene,8
CT,F,1928,Justine,8
CT,F,1928,Lila,8
CT,F,1928,Margery,8
CT,F,1928,Paula,8
CT,F,1928,Sheila,8
CT,F,1928,Vilma,8
CT,F,1928,William,8
CT,F,1928,Wilma,8
CT,F,1928,Filomena,7
CT,F,1928,Frieda,7
CT,F,1928,Glenna,7
CT,F,1928,Helena,7
CT,F,1928,Johanna,7
CT,F,1928,Linda,7
CT,F,1928,Loraine,7
CT,F,1928,Maryann,7
CT,F,1928,Matilda,7
CT,F,1928,Minnie,7
CT,F,1928,Palma,7
CT,F,1928,Rachel,7
CT,F,1928,Sara,7
CT,F,1928,Yvonne,7
CT,F,1928,Ada,6
CT,F,1928,Adelaide,6
CT,F,1928,Annie,6
CT,F,1928,Cecilia,6
CT,F,1928,Cora,6
CT,F,1928,Freda,6
CT,F,1928,Gilda,6
CT,F,1928,Inez,6
CT,F,1928,Isabella,6
CT,F,1928,Jacquelyn,6
CT,F,1928,Lorna,6
CT,F,1928,Marianne,6
CT,F,1928,Maxine,6
CT,F,1928,May,6
CT,F,1928,Rae,6
CT,F,1928,Rena,6
CT,F,1928,Rosalind,6
CT,F,1928,Roslyn,6
CT,F,1928,Ruby,6
CT,F,1928,Sonia,6
CT,F,1928,Stephanie,6
CT,F,1928,Aileen,5
CT,F,1928,Diana,5
CT,F,1928,Dora,5
CT,F,1928,Fay,5
CT,F,1928,Georgette,5
CT,F,1928,Juliette,5
CT,F,1928,Lenore,5
CT,F,1928,Madeleine,5
CT,F,1928,Madelyn,5
CT,F,1928,Marcella,5
CT,F,1928,Myra,5
CT,F,1928,Robert,5
CT,F,1928,Susie,5
CT,F,1928,Tessie,5
CT,F,1928,Velma,5
CT,F,1929,Mary,624
CT,F,1929,Barbara,382
CT,F,1929,Dorothy,369
CT,F,1929,Jean,283
CT,F,1929,Helen,271
CT,F,1929,Elizabeth,221
CT,F,1929,Shirley,220
CT,F,1929,Margaret,214
CT,F,1929,Doris,185
CT,F,1929,Marie,183
CT,F,1929,Eleanor,181
CT,F,1929,Lorraine,180
CT,F,1929,Ruth,179
CT,F,1929,Irene,175
CT,F,1929,Dolores,169
CT,F,1929,Joan,166
CT,F,1929,Anna,165
CT,F,1929,Patricia,163
CT,F,1929,Betty,147
CT,F,1929,Frances,147
CT,F,1929,Theresa,144
CT,F,1929,Florence,141
CT,F,1929,Rose,128
CT,F,1929,Ann,126
CT,F,1929,Marion,126
CT,F,1929,Gloria,124
CT,F,1929,Rita,124
CT,F,1929,Josephine,121
CT,F,1929,Lois,115
CT,F,1929,Evelyn,111
CT,F,1929,Nancy,111
CT,F,1929,Alice,107
CT,F,1929,Catherine,107
CT,F,1929,Virginia,100
CT,F,1929,Louise,99
CT,F,1929,Jane,97
CT,F,1929,Lillian,95
CT,F,1929,Phyllis,95
CT,F,1929,Beverly,94
CT,F,1929,Marilyn,83
CT,F,1929,Marjorie,82
CT,F,1929,Mildred,80
CT,F,1929,Anne,78
CT,F,1929,Carol,68
CT,F,1929,Joyce,68
CT,F,1929,Janet,67
CT,F,1929,June,67
CT,F,1929,Audrey,66
CT,F,1929,Jeanne,65
CT,F,1929,Elaine,62
CT,F,1929,Claire,60
CT,F,1929,Edith,60
CT,F,1929,Norma,60
CT,F,1929,Lucille,59
CT,F,1929,Grace,55
CT,F,1929,Rosemary,54
CT,F,1929,Gertrude,51
CT,F,1929,Pauline,51
CT,F,1929,Lucy,49
CT,F,1929,Antoinette,46
CT,F,1929,Charlotte,46
CT,F,1929,Katherine,46
CT,F,1929,Muriel,46
CT,F,1929,Sally,46
CT,F,1929,Julia,43
CT,F,1929,Carolyn,42
CT,F,1929,Geraldine,42
CT,F,1929,Jacqueline,42
CT,F,1929,Beatrice,41
CT,F,1929,Gladys,40
CT,F,1929,Ethel,39
CT,F,1929,Agnes,37
CT,F,1929,Ellen,37
CT,F,1929,Esther,37
CT,F,1929,Arlene,36
CT,F,1929,Jennie,36
CT,F,1929,Kathleen,35
CT,F,1929,Madeline,35
CT,F,1929,Bernice,33
CT,F,1929,Genevieve,32
CT,F,1929,Loretta,32
CT,F,1929,Sophie,32
CT,F,1929,Vivian,32
CT,F,1929,Eileen,31
CT,F,1929,Harriet,31
CT,F,1929,Laura,31
CT,F,1929,Constance,30
CT,F,1929,Clara,29
CT,F,1929,Marian,29
CT,F,1929,Priscilla,29
CT,F,1929,Angelina,28
CT,F,1929,Jeannette,28
CT,F,1929,Olga,28
CT,F,1929,Teresa,28
CT,F,1929,Elsie,27
CT,F,1929,Martha,27
CT,F,1929,Christine,26
CT,F,1929,Jeanette,26
CT,F,1929,Carmela,25
CT,F,1929,Edna,25
CT,F,1929,Emily,25
CT,F,1929,Sylvia,25
CT,F,1929,Anita,23
CT,F,1929,Janice,23
CT,F,1929,Pearl,23
CT,F,1929,Viola,23
CT,F,1929,Leona,22
CT,F,1929,Rosemarie,22
CT,F,1929,Stella,22
CT,F,1929,Arline,21
CT,F,1929,Regina,21
CT,F,1929,Rosalie,21
CT,F,1929,Bertha,20
CT,F,1929,Carmella,20
CT,F,1929,Hazel,20
CT,F,1929,Joanne,20
CT,F,1929,Marguerite,20
CT,F,1929,Roberta,20
CT,F,1929,Eunice,19
CT,F,1929,Ida,19
CT,F,1929,Susan,19
CT,F,1929,Vera,19
CT,F,1929,Annette,18
CT,F,1929,Blanche,18
CT,F,1929,Cynthia,18
CT,F,1929,Diana,18
CT,F,1929,Eva,18
CT,F,1929,Winifred,18
CT,F,1929,Myrtle,17
CT,F,1929,Victoria,17
CT,F,1929,Amelia,16
CT,F,1929,Concetta,16
CT,F,1929,Lena,16
CT,F,1929,Sarah,16
CT,F,1929,Angela,15
CT,F,1929,Diane,15
CT,F,1929,Maria,15
CT,F,1929,Therese,15
CT,F,1929,Adele,14
CT,F,1929,Caroline,14
CT,F,1929,Isabelle,14
CT,F,1929,Mabel,14
CT,F,1929,Natalie,14
CT,F,1929,Veronica,14
CT,F,1929,Bette,13
CT,F,1929,Corinne,13
CT,F,1929,Elinor,13
CT,F,1929,Irma,13
CT,F,1929,Kathryn,13
CT,F,1929,Violet,13
CT,F,1929,Adeline,12
CT,F,1929,Angeline,12
CT,F,1929,Dorothea,12
CT,F,1929,Emma,12
CT,F,1929,Marcia,12
CT,F,1929,Thelma,12
CT,F,1929,Wanda,12
CT,F,1929,Delores,11
CT,F,1929,Ella,11
CT,F,1929,Jacquelyn,11
CT,F,1929,Jeannine,11
CT,F,1929,Judith,11
CT,F,1929,Philomena,11
CT,F,1929,Cecelia,10
CT,F,1929,Faith,10
CT,F,1929,Jessie,10
CT,F,1929,Katharine,10
CT,F,1929,Lydia,10
CT,F,1929,Olive,10
CT,F,1929,Yolanda,10
CT,F,1929,Bernadette,9
CT,F,1929,Bessie,9
CT,F,1929,Madelyn,9
CT,F,1929,Mae,9
CT,F,1929,Margery,9
CT,F,1929,Matilda,9
CT,F,1929,Miriam,9
CT,F,1929,Nellie,9
CT,F,1929,Rachel,9
CT,F,1929,Suzanne,9
CT,F,1929,Annie,8
CT,F,1929,Cecilia,8
CT,F,1929,Connie,8
CT,F,1929,Estelle,8
CT,F,1929,Fay,8
CT,F,1929,Isabel,8
CT,F,1929,Maryann,8
CT,F,1929,Maureen,8
CT,F,1929,Peggy,8
CT,F,1929,Rhoda,8
CT,F,1929,Robert,8
CT,F,1929,Yvonne,8
CT,F,1929,Alma,7
CT,F,1929,Camille,7
CT,F,1929,Fannie,7
CT,F,1929,Helene,7
CT,F,1929,Henrietta,7
CT,F,1929,Hilda,7
CT,F,1929,Joseph,7
CT,F,1929,Julie,7
CT,F,1929,Pamela,7
CT,F,1929,Ramona,7
CT,F,1929,Ruby,7
CT,F,1929,Sandra,7
CT,F,1929,Selma,7
CT,F,1929,Sheila,7
CT,F,1929,Sue,7
CT,F,1929,Vilma,7
CT,F,1929,Betsy,6
CT,F,1929,Carmel,6
CT,F,1929,Cecile,6
CT,F,1929,Edythe,6
CT,F,1929,Eleanore,6
CT,F,1929,Elvira,6
CT,F,1929,Germaine,6
CT,F,1929,Helena,6
CT,F,1929,Lila,6
CT,F,1929,Marcella,6
CT,F,1929,Marianne,6
CT,F,1929,Myra,6
CT,F,1929,Naomi,6
CT,F,1929,Nina,6
CT,F,1929,Noreen,6
CT,F,1929,Velma,6
CT,F,1929,Yvette,6
CT,F,1929,Althea,5
CT,F,1929,Amy,5
CT,F,1929,Carole,5
CT,F,1929,Cora,5
CT,F,1929,Corrine,5
CT,F,1929,Deborah,5
CT,F,1929,Dora,5
CT,F,1929,Edward,5
CT,F,1929,Eloise,5
CT,F,1929,Enid,5
CT,F,1929,Eugenia,5
CT,F,1929,Filomena,5
CT,F,1929,Florine,5
CT,F,1929,Geneva,5
CT,F,1929,Georgette,5
CT,F,1929,Georgia,5
CT,F,1929,Gilda,5
CT,F,1929,Gwendolyn,5
CT,F,1929,Luella,5
CT,F,1929,Marylou,5
CT,F,1929,Maxine,5
CT,F,1929,May,5
CT,F,1929,Minnie,5
CT,F,1929,Roslyn,5
CT,F,1929,Susie,5
CT,F,1929,Valerie,5
CT,F,1929,William,5
CT,F,1929,Wilma,5
CT,F,1930,Mary,625
CT,F,1930,Barbara,407
CT,F,1930,Dorothy,360
CT,F,1930,Joan,283
CT,F,1930,Jean,250
CT,F,1930,Shirley,250
CT,F,1930,Margaret,240
CT,F,1930,Elizabeth,229
CT,F,1930,Helen,220
CT,F,1930,Patricia,202
CT,F,1930,Nancy,185
CT,F,1930,Marie,183
CT,F,1930,Ruth,170
CT,F,1930,Dolores,167
CT,F,1930,Ann,165
CT,F,1930,Eleanor,164
CT,F,1930,Doris,157
CT,F,1930,Theresa,156
CT,F,1930,Anna,152
CT,F,1930,Betty,152
CT,F,1930,Frances,149
CT,F,1930,Lorraine,140
CT,F,1930,Irene,137
CT,F,1930,Rose,132
CT,F,1930,Gloria,129
CT,F,1930,Lois,126
CT,F,1930,Josephine,125
CT,F,1930,Evelyn,122
CT,F,1930,Marion,122
CT,F,1930,Rita,121
CT,F,1930,Virginia,121
CT,F,1930,Alice,120
CT,F,1930,Jane,120
CT,F,1930,Marilyn,117
CT,F,1930,Phyllis,112
CT,F,1930,Janet,109
CT,F,1930,Florence,102
CT,F,1930,Lillian,97
CT,F,1930,Louise,91
CT,F,1930,Joyce,89
CT,F,1930,Beverly,83
CT,F,1930,Catherine,80
CT,F,1930,Mildred,80
CT,F,1930,Anne,79
CT,F,1930,June,78
CT,F,1930,Marjorie,77
CT,F,1930,Elaine,71
CT,F,1930,Jeanne,67
CT,F,1930,Lucille,66
CT,F,1930,Norma,64
CT,F,1930,Claire,63
CT,F,1930,Carol,60
CT,F,1930,Grace,57
CT,F,1930,Audrey,54
CT,F,1930,Antoinette,53
CT,F,1930,Pauline,52
CT,F,1930,Beatrice,51
CT,F,1930,Katherine,47
CT,F,1930,Bernice,46
CT,F,1930,Agnes,45
CT,F,1930,Edith,45
CT,F,1930,Julia,45
CT,F,1930,Carolyn,44
CT,F,1930,Geraldine,44
CT,F,1930,Sally,43
CT,F,1930,Jacqueline,42
CT,F,1930,Arlene,41
CT,F,1930,Gertrude,41
CT,F,1930,Lucy,41
CT,F,1930,Jeanette,40
CT,F,1930,Anita,38
CT,F,1930,Constance,38
CT,F,1930,Rosemary,38
CT,F,1930,Gladys,37
CT,F,1930,Charlotte,36
CT,F,1930,Elsie,36
CT,F,1930,Janice,35
CT,F,1930,Vivian,35
CT,F,1930,Kathleen,34
CT,F,1930,Angelina,31
CT,F,1930,Madeline,31
CT,F,1930,Roberta,30
CT,F,1930,Marguerite,29
CT,F,1930,Muriel,29
CT,F,1930,Harriet,28
CT,F,1930,Martha,28
CT,F,1930,Caroline,27
CT,F,1930,Ellen,27
CT,F,1930,Esther,27
CT,F,1930,Ethel,27
CT,F,1930,Jeannette,27
CT,F,1930,Maureen,27
CT,F,1930,Sophie,27
CT,F,1930,Eileen,26
CT,F,1930,Genevieve,26
CT,F,1930,Joanne,26
CT,F,1930,Judith,25
CT,F,1930,Stella,25
CT,F,1930,Viola,25
CT,F,1930,Angela,24
CT,F,1930,Edna,24
CT,F,1930,Jennie,24
CT,F,1930,Loretta,24
CT,F,1930,Rosemarie,24
CT,F,1930,Carmela,23
CT,F,1930,Concetta,22
CT,F,1930,Marian,22
CT,F,1930,Pearl,22
CT,F,1930,Emily,21
CT,F,1930,Natalie,21
CT,F,1930,Priscilla,21
CT,F,1930,Susan,21
CT,F,1930,Sylvia,21
CT,F,1930,Teresa,21
CT,F,1930,Ida,20
CT,F,1930,Laura,20
CT,F,1930,Vera,20
CT,F,1930,Bertha,19
CT,F,1930,Helene,19
CT,F,1930,Olga,19
CT,F,1930,Sarah,19
CT,F,1930,Thelma,19
CT,F,1930,Carmella,18
CT,F,1930,Eva,18
CT,F,1930,Kathryn,18
CT,F,1930,Violet,18
CT,F,1930,Annette,17
CT,F,1930,Christine,17
CT,F,1930,Cynthia,17
CT,F,1930,Arline,15
CT,F,1930,Clara,15
CT,F,1930,Delores,15
CT,F,1930,Elinor,15
CT,F,1930,Estelle,15
CT,F,1930,Maria,15
CT,F,1930,Rosalie,15
CT,F,1930,Wanda,15
CT,F,1930,Amelia,14
CT,F,1930,Diane,14
CT,F,1930,Lena,14
CT,F,1930,Marcia,14
CT,F,1930,Philomena,14
CT,F,1930,Regina,14
CT,F,1930,Cecile,13
CT,F,1930,Miriam,13
CT,F,1930,Cecelia,12
CT,F,1930,Eunice,12
CT,F,1930,Marianne,12
CT,F,1930,Therese,12
CT,F,1930,Veronica,12
CT,F,1930,Angeline,11
CT,F,1930,Blanche,11
CT,F,1930,Helena,11
CT,F,1930,Jeannine,11
CT,F,1930,Leona,11
CT,F,1930,Maryann,11
CT,F,1930,Nellie,11
CT,F,1930,Victoria,11
CT,F,1930,Adeline,10
CT,F,1930,Alberta,10
CT,F,1930,Dora,10
CT,F,1930,Elvira,10
CT,F,1930,Ernestine,10
CT,F,1930,Flora,10
CT,F,1930,Hazel,10
CT,F,1930,Ina,10
CT,F,1930,Alma,9
CT,F,1930,Annie,9
CT,F,1930,Betsy,9
CT,F,1930,Cecilia,9
CT,F,1930,Corinne,9
CT,F,1930,Dorothea,9
CT,F,1930,Eleanore,9
CT,F,1930,Ella,9
CT,F,1930,Kay,9
CT,F,1930,Lila,9
CT,F,1930,Lydia,9
CT,F,1930,Mae,9
CT,F,1930,Matilda,9
CT,F,1930,Naomi,9
CT,F,1930,Selma,9
CT,F,1930,Suzanne,9
CT,F,1930,Wilma,9
CT,F,1930,Yolanda,9
CT,F,1930,Adelaide,8
CT,F,1930,Adele,8
CT,F,1930,Althea,8
CT,F,1930,Diana,8
CT,F,1930,Emma,8
CT,F,1930,Georgette,8
CT,F,1930,Greta,8
CT,F,1930,Hilda,8
CT,F,1930,Isabelle,8
CT,F,1930,Jessie,8
CT,F,1930,Joy,8
CT,F,1930,Justine,8
CT,F,1930,Bernadette,7
CT,F,1930,Celia,7
CT,F,1930,Corrine,7
CT,F,1930,Donna,7
CT,F,1930,Fannie,7
CT,F,1930,Gwendolyn,7
CT,F,1930,Irma,7
CT,F,1930,Madeleine,7
CT,F,1930,Marcella,7
CT,F,1930,Myrna,7
CT,F,1930,Myrtle,7
CT,F,1930,Paula,7
CT,F,1930,Peggy,7
CT,F,1930,Rachel,7
CT,F,1930,Rhoda,7
CT,F,1930,William,7
CT,F,1930,Winifred,7
CT,F,1930,Yvette,7
CT,F,1930,Aline,6
CT,F,1930,Bessie,6
CT,F,1930,Carmel,6
CT,F,1930,Carole,6
CT,F,1930,Faith,6
CT,F,1930,Faye,6
CT,F,1930,Filomena,6
CT,F,1930,Georgia,6
CT,F,1930,Jacquelyn,6
CT,F,1930,Julie,6
CT,F,1930,Juliette,6
CT,F,1930,Olive,6
CT,F,1930,Rae,6
CT,F,1930,Valerie,6
CT,F,1930,Vincenza,6
CT,F,1930,Yvonne,6
CT,F,1930,Beryl,5
CT,F,1930,Bette,5
CT,F,1930,Carmen,5
CT,F,1930,Colleen,5
CT,F,1930,Doreen,5
CT,F,1930,Eloise,5
CT,F,1930,Gail,5
CT,F,1930,Isabel,5
CT,F,1930,James,5
CT,F,1930,Jayne,5
CT,F,1930,Joann,5
CT,F,1930,Johanna,5
CT,F,1930,John,5
CT,F,1930,Joseph,5
CT,F,1930,Laurel,5
CT,F,1930,Linda,5
CT,F,1930,Mabel,5
CT,F,1930,Nina,5
CT,F,1930,Sheila,5
CT,F,1930,Stephanie,5
CT,F,1930,Sue,5
CT,F,1931,Mary,553
CT,F,1931,Barbara,421
CT,F,1931,Joan,375
CT,F,1931,Dorothy,327
CT,F,1931,Jean,234
CT,F,1931,Elizabeth,214
CT,F,1931,Helen,203
CT,F,1931,Patricia,201
CT,F,1931,Nancy,185
CT,F,1931,Margaret,176
CT,F,1931,Shirley,172
CT,F,1931,Ann,165
CT,F,1931,Lorraine,154
CT,F,1931,Betty,152
CT,F,1931,Marie,148
CT,F,1931,Dolores,140
CT,F,1931,Ruth,136
CT,F,1931,Frances,130
CT,F,1931,Rose,129
CT,F,1931,Anna,126
CT,F,1931,Irene,126
CT,F,1931,Joyce,124
CT,F,1931,Theresa,122
CT,F,1931,Eleanor,121
CT,F,1931,Virginia,119
CT,F,1931,Doris,111
CT,F,1931,Gloria,107
CT,F,1931,Janet,106
CT,F,1931,Evelyn,105
CT,F,1931,Rita,103
CT,F,1931,Marilyn,102
CT,F,1931,Marion,101
CT,F,1931,Alice,97
CT,F,1931,Lois,96
CT,F,1931,Josephine,95
CT,F,1931,Jane,94
CT,F,1931,Catherine,93
CT,F,1931,Lillian,86
CT,F,1931,Phyllis,85
CT,F,1931,Carol,84
CT,F,1931,Beverly,81
CT,F,1931,Louise,81
CT,F,1931,Claire,80
CT,F,1931,Anne,78
CT,F,1931,June,77
CT,F,1931,Grace,75
CT,F,1931,Florence,74
CT,F,1931,Elaine,72
CT,F,1931,Lucille,72
CT,F,1931,Marjorie,72
CT,F,1931,Mildred,63
CT,F,1931,Norma,58
CT,F,1931,Pauline,56
CT,F,1931,Jeanne,51
CT,F,1931,Edith,47
CT,F,1931,Jacqueline,47
CT,F,1931,Geraldine,46
CT,F,1931,Audrey,44
CT,F,1931,Antoinette,43
CT,F,1931,Beatrice,42
CT,F,1931,Carolyn,42
CT,F,1931,Constance,42
CT,F,1931,Arlene,41
CT,F,1931,Charlotte,39
CT,F,1931,Gertrude,39
CT,F,1931,Sally,39
CT,F,1931,Jeanette,38
CT,F,1931,Lucy,36
CT,F,1931,Ethel,35
CT,F,1931,Kathleen,35
CT,F,1931,Anita,34
CT,F,1931,Katherine,34
CT,F,1931,Gladys,33
CT,F,1931,Loretta,33
CT,F,1931,Maureen,33
CT,F,1931,Rosemary,33
CT,F,1931,Judith,32
CT,F,1931,Laura,32
CT,F,1931,Sylvia,32
CT,F,1931,Bernice,31
CT,F,1931,Harriet,31
CT,F,1931,Janice,31
CT,F,1931,Ellen,30
CT,F,1931,Jeannette,30
CT,F,1931,Marguerite,30
CT,F,1931,Julia,29
CT,F,1931,Elsie,28
CT,F,1931,Muriel,28
CT,F,1931,Rosemarie,28
CT,F,1931,Agnes,27
CT,F,1931,Marian,27
CT,F,1931,Vivian,27
CT,F,1931,Eileen,26
CT,F,1931,Genevieve,26
CT,F,1931,Natalie,26
CT,F,1931,Roberta,26
CT,F,1931,Angela,25
CT,F,1931,Clara,25
CT,F,1931,Esther,23
CT,F,1931,Jennie,23
CT,F,1931,Martha,23
CT,F,1931,Angelina,22
CT,F,1931,Cynthia,22
CT,F,1931,Teresa,22
CT,F,1931,Adele,21
CT,F,1931,Joanne,21
CT,F,1931,Ida,20
CT,F,1931,Lena,19
CT,F,1931,Sarah,19
CT,F,1931,Carmella,18
CT,F,1931,Eva,18
CT,F,1931,Marcia,18
CT,F,1931,Peggy,18
CT,F,1931,Violet,18
CT,F,1931,Concetta,17
CT,F,1931,Edna,17
CT,F,1931,Emily,17
CT,F,1931,Eunice,17
CT,F,1931,Arline,16
CT,F,1931,Diane,16
CT,F,1931,Estelle,16
CT,F,1931,Marlene,16
CT,F,1931,Regina,16
CT,F,1931,Susan,16
CT,F,1931,Victoria,16
CT,F,1931,Faith,15
CT,F,1931,Olga,15
CT,F,1931,Stella,15
CT,F,1931,Suzanne,15
CT,F,1931,Bertha,14
CT,F,1931,Caroline,14
CT,F,1931,Christine,14
CT,F,1931,Hazel,14
CT,F,1931,Viola,14
CT,F,1931,Annette,13
CT,F,1931,Bette,13
CT,F,1931,Leona,13
CT,F,1931,Madeline,13
CT,F,1931,Therese,13
CT,F,1931,Yolanda,13
CT,F,1931,Delores,12
CT,F,1931,Dora,12
CT,F,1931,Elinor,12
CT,F,1931,Kathryn,12
CT,F,1931,Margery,12
CT,F,1931,Priscilla,12
CT,F,1931,Sandra,12
CT,F,1931,Sophie,12
CT,F,1931,Thelma,12
CT,F,1931,Veronica,12
CT,F,1931,Winifred,12
CT,F,1931,Yvonne,12
CT,F,1931,Adeline,11
CT,F,1931,Alma,11
CT,F,1931,Blanche,11
CT,F,1931,Connie,11
CT,F,1931,Joann,11
CT,F,1931,Maryann,11
CT,F,1931,Rosalie,11
CT,F,1931,Sheila,11
CT,F,1931,Carmela,10
CT,F,1931,Marcella,10
CT,F,1931,Philomena,10
CT,F,1931,Rachel,10
CT,F,1931,Vera,10
CT,F,1931,Cecelia,9
CT,F,1931,Cecile,9
CT,F,1931,Dorothea,9
CT,F,1931,Emma,9
CT,F,1931,Gwendolyn,9
CT,F,1931,Irma,9
CT,F,1931,Jeannine,9
CT,F,1931,Nellie,9
CT,F,1931,Flora,8
CT,F,1931,Georgianna,8
CT,F,1931,Isabelle,8
CT,F,1931,Lenore,8
CT,F,1931,Mabel,8
CT,F,1931,Marianne,8
CT,F,1931,Myrtle,8
CT,F,1931,Naomi,8
CT,F,1931,Valerie,8
CT,F,1931,Wanda,8
CT,F,1931,Amelia,7
CT,F,1931,Angeline,7
CT,F,1931,Bernadette,7
CT,F,1931,Clare,7
CT,F,1931,Diana,7
CT,F,1931,Helene,7
CT,F,1931,Henrietta,7
CT,F,1931,Isabel,7
CT,F,1931,Joy,7
CT,F,1931,Lydia,7
CT,F,1931,Maria,7
CT,F,1931,Millicent,7
CT,F,1931,Minnie,7
CT,F,1931,Noreen,7
CT,F,1931,Verna,7
CT,F,1931,Beryl,6
CT,F,1931,Bessie,6
CT,F,1931,Carole,6
CT,F,1931,Corinne,6
CT,F,1931,Corrine,6
CT,F,1931,Deborah,6
CT,F,1931,Elvira,6
CT,F,1931,Jacquelyn,6
CT,F,1931,Jessie,6
CT,F,1931,Julie,6
CT,F,1931,Nina,6
CT,F,1931,Olive,6
CT,F,1931,Robert,6
CT,F,1931,Sara,6
CT,F,1931,Selma,6
CT,F,1931,Alberta,5
CT,F,1931,Annie,5
CT,F,1931,Betsy,5
CT,F,1931,Carrie,5
CT,F,1931,Cecilia,5
CT,F,1931,Cora,5
CT,F,1931,Doreen,5
CT,F,1931,Ella,5
CT,F,1931,Eloise,5
CT,F,1931,Ernestine,5
CT,F,1931,Fay,5
CT,F,1931,George,5
CT,F,1931,Georgette,5
CT,F,1931,Georgia,5
CT,F,1931,Hilda,5
CT,F,1931,Hope,5
CT,F,1931,Justine,5
CT,F,1931,Lorna,5
CT,F,1931,Margie,5
CT,F,1931,Marylou,5
CT,F,1931,May,5
CT,F,1931,Olympia,5
CT,F,1931,Paula,5
CT,F,1931,Sue,5
CT,F,1931,Theodora,5
CT,F,1932,Mary,494
CT,F,1932,Barbara,471
CT,F,1932,Joan,457
CT,F,1932,Dorothy,273
CT,F,1932,Patricia,247
CT,F,1932,Jean,221
CT,F,1932,Margaret,205
CT,F,1932,Elizabeth,204
CT,F,1932,Nancy,191
CT,F,1932,Helen,161
CT,F,1932,Shirley,160
CT,F,1932,Dolores,151
CT,F,1932,Marie,149
CT,F,1932,Ruth,148
CT,F,1932,Marilyn,145
CT,F,1932,Ann,144
CT,F,1932,Betty,137
CT,F,1932,Lorraine,131
CT,F,1932,Eleanor,126
CT,F,1932,Rose,124
CT,F,1932,Beverly,122
CT,F,1932,Doris,118
CT,F,1932,Gloria,117
CT,F,1932,Janet,113
CT,F,1932,Theresa,112
CT,F,1932,Lois,105
CT,F,1932,Anna,103
CT,F,1932,Alice,102
CT,F,1932,Frances,102
CT,F,1932,Irene,101
CT,F,1932,Joyce,101
CT,F,1932,Carol,97
CT,F,1932,Catherine,96
CT,F,1932,Marion,96
CT,F,1932,Virginia,94
CT,F,1932,Jane,87
CT,F,1932,June,87
CT,F,1932,Evelyn,83
CT,F,1932,Lillian,81
CT,F,1932,Rita,81
CT,F,1932,Josephine,80
CT,F,1932,Florence,74
CT,F,1932,Phyllis,74
CT,F,1932,Anne,67
CT,F,1932,Marjorie,65
CT,F,1932,Elaine,63
CT,F,1932,Carolyn,61
CT,F,1932,Lucille,61
CT,F,1932,Louise,60
CT,F,1932,Audrey,58
CT,F,1932,Claire,58
CT,F,1932,Mildred,56
CT,F,1932,Jeanne,54
CT,F,1932,Constance,53
CT,F,1932,Grace,53
CT,F,1932,Norma,51
CT,F,1932,Pauline,50
CT,F,1932,Maureen,46
CT,F,1932,Sally,46
CT,F,1932,Geraldine,43
CT,F,1932,Charlotte,40
CT,F,1932,Edith,40
CT,F,1932,Jacqueline,38
CT,F,1932,Janice,37
CT,F,1932,Jeanette,36
CT,F,1932,Rosemarie,36
CT,F,1932,Sylvia,36
CT,F,1932,Eileen,35
CT,F,1932,Antoinette,34
CT,F,1932,Arlene,33
CT,F,1932,Harriet,33
CT,F,1932,Bernice,32
CT,F,1932,Jeannette,32
CT,F,1932,Kathleen,32
CT,F,1932,Laura,32
CT,F,1932,Roberta,32
CT,F,1932,Anita,31
CT,F,1932,Beatrice,31
CT,F,1932,Elsie,31
CT,F,1932,Martha,31
CT,F,1932,Loretta,30
CT,F,1932,Lucy,30
CT,F,1932,Ellen,29
CT,F,1932,Marlene,28
CT,F,1932,Judith,27
CT,F,1932,Susan,27
CT,F,1932,Joanne,26
CT,F,1932,Julia,26
CT,F,1932,Gertrude,25
CT,F,1932,Rosemary,25
CT,F,1932,Diane,24
CT,F,1932,Genevieve,24
CT,F,1932,Gladys,24
CT,F,1932,Ethel,23
CT,F,1932,Katherine,23
CT,F,1932,Teresa,23
CT,F,1932,Vivian,22
CT,F,1932,Madeline,21
CT,F,1932,Priscilla,21
CT,F,1932,Agnes,20
CT,F,1932,Angela,20
CT,F,1932,Sandra,20
CT,F,1932,Angelina,19
CT,F,1932,Arline,19
CT,F,1932,Cynthia,19
CT,F,1932,Edna,19
CT,F,1932,Jennie,19
CT,F,1932,Marian,19
CT,F,1932,Maryann,19
CT,F,1932,Sarah,19
CT,F,1932,Natalie,18
CT,F,1932,Kathryn,17
CT,F,1932,Regina,17
CT,F,1932,Rosalie,17
CT,F,1932,Veronica,17
CT,F,1932,Annette,16
CT,F,1932,Carmela,16
CT,F,1932,Emily,16
CT,F,1932,Caroline,15
CT,F,1932,Cecile,15
CT,F,1932,Clara,15
CT,F,1932,Elinor,15
CT,F,1932,Helene,15
CT,F,1932,Marguerite,15
CT,F,1932,Sheila,15
CT,F,1932,Alma,14
CT,F,1932,Faith,14
CT,F,1932,Irma,14
CT,F,1932,Violet,14
CT,F,1932,Adele,13
CT,F,1932,Carole,13
CT,F,1932,Connie,13
CT,F,1932,Delores,13
CT,F,1932,Esther,13
CT,F,1932,Hazel,13
CT,F,1932,Lena,13
CT,F,1932,Muriel,13
CT,F,1932,Pearl,13
CT,F,1932,Sophie,13
CT,F,1932,Amelia,12
CT,F,1932,Blanche,12
CT,F,1932,Eva,12
CT,F,1932,Marcia,12
CT,F,1932,Wanda,12
CT,F,1932,Winifred,12
CT,F,1932,Carmella,11
CT,F,1932,Ida,11
CT,F,1932,Mabel,11
CT,F,1932,Maria,11
CT,F,1932,Olive,11
CT,F,1932,Philomena,11
CT,F,1932,Rhoda,11
CT,F,1932,Vera,11
CT,F,1932,Angeline,10
CT,F,1932,Bertha,10
CT,F,1932,Betsy,10
CT,F,1932,Bette,10
CT,F,1932,Christine,10
CT,F,1932,Diana,10
CT,F,1932,Ella,10
CT,F,1932,Mae,10
CT,F,1932,Peggy,10
CT,F,1932,Viola,10
CT,F,1932,Eunice,9
CT,F,1932,Isabelle,9
CT,F,1932,Leona,9
CT,F,1932,Lydia,9
CT,F,1932,Maxine,9
CT,F,1932,Miriam,9
CT,F,1932,Naomi,9
CT,F,1932,Suzanne,9
CT,F,1932,Valerie,9
CT,F,1932,Adeline,8
CT,F,1932,Cecelia,8
CT,F,1932,Cecilia,8
CT,F,1932,Clare,8
CT,F,1932,Elvira,8
CT,F,1932,Gail,8
CT,F,1932,Hilda,8
CT,F,1932,Jessie,8
CT,F,1932,Joy,8
CT,F,1932,Julie,8
CT,F,1932,Olga,8
CT,F,1932,Sue,8
CT,F,1932,Thelma,8
CT,F,1932,Adrienne,7
CT,F,1932,Althea,7
CT,F,1932,Claudette,7
CT,F,1932,Dorothea,7
CT,F,1932,Emma,7
CT,F,1932,Estelle,7
CT,F,1932,Jeannine,7
CT,F,1932,Joann,7
CT,F,1932,Stella,7
CT,F,1932,Therese,7
CT,F,1932,Yolanda,7
CT,F,1932,Yvonne,7
CT,F,1932,Carmel,6
CT,F,1932,Concetta,6
CT,F,1932,Donna,6
CT,F,1932,Doreen,6
CT,F,1932,Ernestine,6
CT,F,1932,Georgia,6
CT,F,1932,Georgianna,6
CT,F,1932,Henrietta,6
CT,F,1932,Margery,6
CT,F,1932,Marianne,6
CT,F,1932,Millicent,6
CT,F,1932,Myrna,6
CT,F,1932,Rachel,6
CT,F,1932,Sondra,6
CT,F,1932,Victoria,6
CT,F,1932,Amy,5
CT,F,1932,Camille,5
CT,F,1932,Carla,5
CT,F,1932,Cornelia,5
CT,F,1932,Dawn,5
CT,F,1932,Dora,5
CT,F,1932,Felicia,5
CT,F,1932,Gilda,5
CT,F,1932,Jacquelyn,5
CT,F,1932,Joanna,5
CT,F,1932,Juanita,5
CT,F,1932,Karen,5
CT,F,1932,Leah,5
CT,F,1932,Linda,5
CT,F,1932,Lorna,5
CT,F,1932,Marcella,5
CT,F,1932,Marlyn,5
CT,F,1932,Nellie,5
CT,F,1932,Paula,5
CT,F,1932,Polly,5
CT,F,1932,Robert,5
CT,F,1932,Stephanie,5
CT,F,1932,Yvette,5
CT,F,1933,Barbara,510
CT,F,1933,Mary,490
CT,F,1933,Joan,452
CT,F,1933,Patricia,248
CT,F,1933,Dorothy,221
CT,F,1933,Nancy,188
CT,F,1933,Jean,185
CT,F,1933,Elizabeth,175
CT,F,1933,Ann,166
CT,F,1933,Margaret,165
CT,F,1933,Shirley,154
CT,F,1933,Janet,138
CT,F,1933,Carol,129
CT,F,1933,Marie,123
CT,F,1933,Helen,121
CT,F,1933,Lorraine,121
CT,F,1933,Ruth,121
CT,F,1933,Eleanor,119
CT,F,1933,Betty,116
CT,F,1933,Frances,112
CT,F,1933,Dolores,111
CT,F,1933,Lois,108
CT,F,1933,Marilyn,108
CT,F,1933,Joyce,107
CT,F,1933,Rose,105
CT,F,1933,Beverly,103
CT,F,1933,Doris,93
CT,F,1933,Theresa,91
CT,F,1933,Irene,86
CT,F,1933,Jane,86
CT,F,1933,Marion,84
CT,F,1933,June,83
CT,F,1933,Virginia,83
CT,F,1933,Anna,80
CT,F,1933,Alice,78
CT,F,1933,Gloria,76
CT,F,1933,Anne,74
CT,F,1933,Evelyn,73
CT,F,1933,Phyllis,73
CT,F,1933,Josephine,72
CT,F,1933,Marjorie,70
CT,F,1933,Rita,67
CT,F,1933,Lucille,65
CT,F,1933,Florence,64
CT,F,1933,Lillian,64
CT,F,1933,Catherine,60
CT,F,1933,Audrey,58
CT,F,1933,Elaine,57
CT,F,1933,Judith,57
CT,F,1933,Constance,56
CT,F,1933,Louise,54
CT,F,1933,Kathleen,49
CT,F,1933,Maureen,49
CT,F,1933,Arlene,45
CT,F,1933,Claire,45
CT,F,1933,Jacqueline,45
CT,F,1933,Geraldine,44
CT,F,1933,Grace,44
CT,F,1933,Sylvia,43
CT,F,1933,Mildred,42
CT,F,1933,Norma,42
CT,F,1933,Sally,40
CT,F,1933,Jeanne,39
CT,F,1933,Carolyn,38
CT,F,1933,Sandra,36
CT,F,1933,Janice,35
CT,F,1933,Rosemary,34
CT,F,1933,Antoinette,33
CT,F,1933,Charlotte,33
CT,F,1933,Pauline,32
CT,F,1933,Joanne,31
CT,F,1933,Marlene,31
CT,F,1933,Beatrice,29
CT,F,1933,Ellen,29
CT,F,1933,Priscilla,29
CT,F,1933,Diane,28
CT,F,1933,Edith,28
CT,F,1933,Gertrude,28
CT,F,1933,Agnes,27
CT,F,1933,Eileen,27
CT,F,1933,Lucy,27
CT,F,1933,Carole,26
CT,F,1933,Cynthia,26
CT,F,1933,Esther,26
CT,F,1933,Jeannette,26
CT,F,1933,Katherine,26
CT,F,1933,Marcia,26
CT,F,1933,Maryann,26
CT,F,1933,Anita,25
CT,F,1933,Laura,25
CT,F,1933,Susan,25
CT,F,1933,Elsie,23
CT,F,1933,Gladys,23
CT,F,1933,Loretta,23
CT,F,1933,Bernice,22
CT,F,1933,Martha,21
CT,F,1933,Muriel,21
CT,F,1933,Rosemarie,21
CT,F,1933,Harriet,20
CT,F,1933,Jeanette,20
CT,F,1933,Julia,20
CT,F,1933,Vivian,20
CT,F,1933,Roberta,19
CT,F,1933,Sheila,19
CT,F,1933,Ethel,18
CT,F,1933,Marian,18
CT,F,1933,Suzanne,18
CT,F,1933,Gail,17
CT,F,1933,Leona,17
CT,F,1933,Marguerite,17
CT,F,1933,Thelma,17
CT,F,1933,Carmella,16
CT,F,1933,Caroline,16
CT,F,1933,Clara,16
CT,F,1933,Edna,16
CT,F,1933,Genevieve,16
CT,F,1933,Jennie,16
CT,F,1933,Kathryn,16
CT,F,1933,Teresa,16
CT,F,1933,Emily,15
CT,F,1933,Faith,15
CT,F,1933,Connie,14
CT,F,1933,Natalie,14
CT,F,1933,Angela,13
CT,F,1933,Angelina,13
CT,F,1933,Arline,13
CT,F,1933,Blanche,13
CT,F,1933,Diana,13
CT,F,1933,Elinor,13
CT,F,1933,Lena,13
CT,F,1933,Miriam,13
CT,F,1933,Sarah,13
CT,F,1933,Alma,12
CT,F,1933,Amelia,12
CT,F,1933,Annette,12
CT,F,1933,Bette,12
CT,F,1933,Corinne,12
CT,F,1933,Helene,12
CT,F,1933,Joann,12
CT,F,1933,Pearl,12
CT,F,1933,Peggy,12
CT,F,1933,Alberta,11
CT,F,1933,Carmela,11
CT,F,1933,Concetta,11
CT,F,1933,Hazel,11
CT,F,1933,Madeline,11
CT,F,1933,Marianne,11
CT,F,1933,Victoria,11
CT,F,1933,Christine,10
CT,F,1933,Eleanore,10
CT,F,1933,Eva,10
CT,F,1933,Ida,10
CT,F,1933,Jacquelyn,10
CT,F,1933,Marylou,10
CT,F,1933,Regina,10
CT,F,1933,Stella,10
CT,F,1933,Therese,10
CT,F,1933,Wanda,10
CT,F,1933,Adele,9
CT,F,1933,Estelle,9
CT,F,1933,Jessie,9
CT,F,1933,Judy,9
CT,F,1933,Mabel,9
CT,F,1933,Olga,9
CT,F,1933,Rosalie,9
CT,F,1933,Vera,9
CT,F,1933,Winifred,9
CT,F,1933,Bertha,8
CT,F,1933,Donna,8
CT,F,1933,Doreen,8
CT,F,1933,Georgia,8
CT,F,1933,Violet,8
CT,F,1933,Adrienne,7
CT,F,1933,Angeline,7
CT,F,1933,Betsy,7
CT,F,1933,Cecelia,7
CT,F,1933,Cecile,7
CT,F,1933,Delores,7
CT,F,1933,Emma,7
CT,F,1933,Eunice,7
CT,F,1933,Hope,7
CT,F,1933,Irma,7
CT,F,1933,Jeannine,7
CT,F,1933,Myrna,7
CT,F,1933,Naomi,7
CT,F,1933,Valerie,7
CT,F,1933,Viola,7
CT,F,1933,Yvonne,7
CT,F,1933,Alyce,6
CT,F,1933,Bernadette,6
CT,F,1933,Dorothea,6
CT,F,1933,Ella,6
CT,F,1933,Fay,6
CT,F,1933,Greta,6
CT,F,1933,Gwendolyn,6
CT,F,1933,Isabel,6
CT,F,1933,Margery,6
CT,F,1933,Maryjane,6
CT,F,1933,Myrtle,6
CT,F,1933,Olive,6
CT,F,1933,Pat,6
CT,F,1933,Veronica,6
CT,F,1933,Yolanda,6
CT,F,1933,Aline,5
CT,F,1933,Carmel,5
CT,F,1933,Celia,5
CT,F,1933,Cora,5
CT,F,1933,Deborah,5
CT,F,1933,Edythe,5
CT,F,1933,Jayne,5
CT,F,1933,Joy,5
CT,F,1933,Juliette,5
CT,F,1933,Karen,5
CT,F,1933,Lee,5
CT,F,1933,Lynn,5
CT,F,1933,Mae,5
CT,F,1933,Matilda,5
CT,F,1933,Noreen,5
CT,F,1933,Pamela,5
CT,F,1933,Paula,5
CT,F,1933,Rachel,5
CT,F,1933,Rae,5
CT,F,1933,Rhoda,5
CT,F,1933,Sara,5
CT,F,1933,Selma,5
CT,F,1933,Sophie,5
CT,F,1933,Wilma,5
CT,F,1934,Mary,459
CT,F,1934,Barbara,450
CT,F,1934,Joan,394
CT,F,1934,Patricia,313
CT,F,1934,Dorothy,250
CT,F,1934,Jean,214
CT,F,1934,Nancy,212
CT,F,1934,Shirley,198
CT,F,1934,Ann,176
CT,F,1934,Elizabeth,176
CT,F,1934,Carol,163
CT,F,1934,Marie,146
CT,F,1934,Margaret,141
CT,F,1934,Janet,131
CT,F,1934,Beverly,126
CT,F,1934,Helen,122
CT,F,1934,Betty,120
CT,F,1934,Ruth,120
CT,F,1934,Lorraine,112
CT,F,1934,Eleanor,105
CT,F,1934,Frances,105
CT,F,1934,Marilyn,101
CT,F,1934,Dolores,100
CT,F,1934,Lois,92
CT,F,1934,Phyllis,88
CT,F,1934,Gloria,86
CT,F,1934,Doris,83
CT,F,1934,Joyce,83
CT,F,1934,Rose,83
CT,F,1934,Jane,78
CT,F,1934,Virginia,78
CT,F,1934,Alice,77
CT,F,1934,Irene,77
CT,F,1934,Elaine,76
CT,F,1934,Judith,76
CT,F,1934,Theresa,74
CT,F,1934,Florence,73
CT,F,1934,Marion,73
CT,F,1934,Lillian,66
CT,F,1934,Anna,65
CT,F,1934,Rita,65
CT,F,1934,Evelyn,62
CT,F,1934,June,62
CT,F,1934,Arlene,59
CT,F,1934,Janice,58
CT,F,1934,Catherine,56
CT,F,1934,Lucille,56
CT,F,1934,Josephine,55
CT,F,1934,Marjorie,54
CT,F,1934,Jacqueline,53
CT,F,1934,Louise,53
CT,F,1934,Norma,53
CT,F,1934,Anne,52
CT,F,1934,Kathleen,51
CT,F,1934,Sally,50
CT,F,1934,Audrey,49
CT,F,1934,Eileen,47
CT,F,1934,Constance,45
CT,F,1934,Sandra,45
CT,F,1934,Joanne,43
CT,F,1934,Carole,42
CT,F,1934,Carolyn,42
CT,F,1934,Geraldine,42
CT,F,1934,Maureen,42
CT,F,1934,Susan,40
CT,F,1934,Sylvia,39
CT,F,1934,Claire,38
CT,F,1934,Grace,38
CT,F,1934,Cynthia,37
CT,F,1934,Edith,37
CT,F,1934,Katherine,36
CT,F,1934,Charlotte,34
CT,F,1934,Loretta,34
CT,F,1934,Jeanne,33
CT,F,1934,Mildred,33
CT,F,1934,Agnes,32
CT,F,1934,Anita,32
CT,F,1934,Ellen,31
CT,F,1934,Marlene,31
CT,F,1934,Martha,31
CT,F,1934,Roberta,31
CT,F,1934,Rosemarie,30
CT,F,1934,Harriet,28
CT,F,1934,Pauline,28
CT,F,1934,Marcia,27
CT,F,1934,Rosemary,27
CT,F,1934,Diane,26
CT,F,1934,Lucy,26
CT,F,1934,Annette,24
CT,F,1934,Bernice,24
CT,F,1934,Edna,24
CT,F,1934,Suzanne,24
CT,F,1934,Gail,23
CT,F,1934,Gertrude,23
CT,F,1934,Laura,23
CT,F,1934,Vivian,23
CT,F,1934,Clara,22
CT,F,1934,Jeannette,22
CT,F,1934,Antoinette,21
CT,F,1934,Caroline,21
CT,F,1934,Ethel,21
CT,F,1934,Gladys,21
CT,F,1934,Jeanette,20
CT,F,1934,Julia,20
CT,F,1934,Marguerite,20
CT,F,1934,Maryann,20
CT,F,1934,Sheila,20
CT,F,1934,Beatrice,19
CT,F,1934,Natalie,18
CT,F,1934,Esther,17
CT,F,1934,Kathryn,17
CT,F,1934,Angela,16
CT,F,1934,Angelina,15
CT,F,1934,Diana,15
CT,F,1934,Emily,14
CT,F,1934,Ida,14
CT,F,1934,Jennie,14
CT,F,1934,Joann,14
CT,F,1934,Marianne,14
CT,F,1934,Muriel,14
CT,F,1934,Priscilla,14
CT,F,1934,Concetta,13
CT,F,1934,Eva,13
CT,F,1934,Faith,13
CT,F,1934,Linda,13
CT,F,1934,Regina,13
CT,F,1934,Victoria,13
CT,F,1934,Carmela,12
CT,F,1934,Delores,12
CT,F,1934,Georgia,12
CT,F,1934,Helene,12
CT,F,1934,Madeline,12
CT,F,1934,Marian,12
CT,F,1934,Marylou,12
CT,F,1934,Sarah,12
CT,F,1934,Viola,12
CT,F,1934,Adele,11
CT,F,1934,Angeline,11
CT,F,1934,Donna,11
CT,F,1934,Elsie,11
CT,F,1934,Jacquelyn,11
CT,F,1934,Maria,11
CT,F,1934,Valerie,11
CT,F,1934,Veronica,11
CT,F,1934,Wanda,11
CT,F,1934,Arline,10
CT,F,1934,Bette,10
CT,F,1934,Deborah,10
CT,F,1934,Lena,10
CT,F,1934,Myrna,10
CT,F,1934,Peggy,10
CT,F,1934,Teresa,10
CT,F,1934,Violet,10
CT,F,1934,Alberta,9
CT,F,1934,Bertha,9
CT,F,1934,Estelle,9
CT,F,1934,Hazel,9
CT,F,1934,Leona,9
CT,F,1934,Olga,9
CT,F,1934,Rosalie,9
CT,F,1934,Wilma,9
CT,F,1934,Betsy,8
CT,F,1934,Carmella,8
CT,F,1934,Christine,8
CT,F,1934,Connie,8
CT,F,1934,Genevieve,8
CT,F,1934,Joy,8
CT,F,1934,Myrtle,8
CT,F,1934,Pearl,8
CT,F,1934,Stella,8
CT,F,1934,Winifred,8
CT,F,1934,Bernadette,7
CT,F,1934,Beverley,7
CT,F,1934,Blanche,7
CT,F,1934,Corinne,7
CT,F,1934,Dianne,7
CT,F,1934,Elinor,7
CT,F,1934,Eunice,7
CT,F,1934,Georgette,7
CT,F,1934,Isabelle,7
CT,F,1934,Johanna,7
CT,F,1934,Julie,7
CT,F,1934,Lenore,7
CT,F,1934,Margery,7
CT,F,1934,Miriam,7
CT,F,1934,Rachel,7
CT,F,1934,Sophie,7
CT,F,1934,Angie,6
CT,F,1934,Claudette,6
CT,F,1934,Ella,6
CT,F,1934,Fay,6
CT,F,1934,Hilda,6
CT,F,1934,Inez,6
CT,F,1934,Jeannine,6
CT,F,1934,Myra,6
CT,F,1934,Nan,6
CT,F,1934,Noreen,6
CT,F,1934,Sara,6
CT,F,1934,Thelma,6
CT,F,1934,Yvonne,6
CT,F,1934,Adelaide,5
CT,F,1934,Adeline,5
CT,F,1934,Annie,5
CT,F,1934,Bessie,5
CT,F,1934,Cecelia,5
CT,F,1934,Charlene,5
CT,F,1934,Cornelia,5
CT,F,1934,Dora,5
CT,F,1934,Elvira,5
CT,F,1934,Emma,5
CT,F,1934,Flora,5
CT,F,1934,Gwendolyn,5
CT,F,1934,Hope,5
CT,F,1934,Judy,5
CT,F,1934,Lee,5
CT,F,1934,Lucia,5
CT,F,1934,Mae,5
CT,F,1934,Marcella,5
CT,F,1934,Olive,5
CT,F,1934,Sondra,5
CT,F,1934,Sue,5
CT,F,1934,Therese,5
CT,F,1935,Barbara,494
CT,F,1935,Mary,428
CT,F,1935,Joan,397
CT,F,1935,Patricia,379
CT,F,1935,Shirley,335
CT,F,1935,Dorothy,214
CT,F,1935,Nancy,197
CT,F,1935,Carol,183
CT,F,1935,Jean,172
CT,F,1935,Margaret,164
CT,F,1935,Ann,160
CT,F,1935,Elizabeth,155
CT,F,1935,Janet,135
CT,F,1935,Judith,124
CT,F,1935,Beverly,120
CT,F,1935,Eleanor,119
CT,F,1935,Lorraine,117
CT,F,1935,Dolores,114
CT,F,1935,Helen,114
CT,F,1935,Marie,114
CT,F,1935,Joyce,111
CT,F,1935,Marilyn,106
CT,F,1935,Lois,104
CT,F,1935,Frances,97
CT,F,1935,Betty,93
CT,F,1935,Elaine,85
CT,F,1935,Virginia,80
CT,F,1935,Phyllis,78
CT,F,1935,Rose,78
CT,F,1935,Irene,77
CT,F,1935,Ruth,76
CT,F,1935,Alice,75
CT,F,1935,Gloria,74
CT,F,1935,Marion,74
CT,F,1935,Anna,70
CT,F,1935,Anne,69
CT,F,1935,Theresa,69
CT,F,1935,Jane,68
CT,F,1935,Sandra,68
CT,F,1935,Doris,67
CT,F,1935,Florence,65
CT,F,1935,Catherine,63
CT,F,1935,Evelyn,60
CT,F,1935,Marjorie,60
CT,F,1935,Lucille,57
CT,F,1935,Josephine,56
CT,F,1935,Audrey,55
CT,F,1935,Claire,54
CT,F,1935,Carolyn,53
CT,F,1935,Jacqueline,53
CT,F,1935,Joanne,53
CT,F,1935,Carole,52
CT,F,1935,Gail,52
CT,F,1935,Geraldine,52
CT,F,1935,Sally,51
CT,F,1935,Maureen,50
CT,F,1935,Rita,49
CT,F,1935,Kathleen,45
CT,F,1935,Roberta,45
CT,F,1935,Janice,44
CT,F,1935,June,44
CT,F,1935,Arlene,43
CT,F,1935,Jeanne,43
CT,F,1935,Louise,43
CT,F,1935,Grace,42
CT,F,1935,Charlotte,41
CT,F,1935,Cynthia,41
CT,F,1935,Lillian,41
CT,F,1935,Susan,38
CT,F,1935,Eileen,37
CT,F,1935,Rosemary,36
CT,F,1935,Anita,35
CT,F,1935,Diane,35
CT,F,1935,Katherine,33
CT,F,1935,Marlene,33
CT,F,1935,Norma,33
CT,F,1935,Pauline,32
CT,F,1935,Edith,30
CT,F,1935,Jeannette,29
CT,F,1935,Maryann,29
CT,F,1935,Mildred,29
CT,F,1935,Harriet,28
CT,F,1935,Loretta,28
CT,F,1935,Sheila,28
CT,F,1935,Sylvia,28
CT,F,1935,Jeanette,27
CT,F,1935,Constance,26
CT,F,1935,Rosemarie,26
CT,F,1935,Ellen,25
CT,F,1935,Lucy,25
CT,F,1935,Beatrice,23
CT,F,1935,Esther,23
CT,F,1935,Laura,23
CT,F,1935,Martha,23
CT,F,1935,Gertrude,22
CT,F,1935,Clara,21
CT,F,1935,Donna,20
CT,F,1935,Marcia,20
CT,F,1935,Marian,20
CT,F,1935,Vivian,20
CT,F,1935,Annette,19
CT,F,1935,Caroline,19
CT,F,1935,Judy,19
CT,F,1935,Priscilla,19
CT,F,1935,Arline,18
CT,F,1935,Julia,18
CT,F,1935,Gladys,17
CT,F,1935,Veronica,17
CT,F,1935,Christine,16
CT,F,1935,Kathryn,16
CT,F,1935,Muriel,16
CT,F,1935,Carmela,15
CT,F,1935,Leona,15
CT,F,1935,Sarah,15
CT,F,1935,Adrienne,14
CT,F,1935,Bernice,14
CT,F,1935,Bertha,14
CT,F,1935,Elsie,14
CT,F,1935,Genevieve,14
CT,F,1935,Jacquelyn,14
CT,F,1935,Madeline,14
CT,F,1935,Marianne,14
CT,F,1935,Rosalie,14
CT,F,1935,Suzanne,14
CT,F,1935,Agnes,13
CT,F,1935,Angela,13
CT,F,1935,Antoinette,13
CT,F,1935,Cecile,13
CT,F,1935,Concetta,13
CT,F,1935,Diana,13
CT,F,1935,Natalie,13
CT,F,1935,Yvonne,13
CT,F,1935,Angelina,12
CT,F,1935,Edna,12
CT,F,1935,Elinor,12
CT,F,1935,Emily,12
CT,F,1935,Joann,12
CT,F,1935,Linda,12
CT,F,1935,Marguerite,12
CT,F,1935,Miriam,11
CT,F,1935,Vera,11
CT,F,1935,Alberta,10
CT,F,1935,Claudette,10
CT,F,1935,Connie,10
CT,F,1935,Ethel,10
CT,F,1935,Helene,10
CT,F,1935,Marylou,10
CT,F,1935,Paula,10
CT,F,1935,Sophie,10
CT,F,1935,Amelia,9
CT,F,1935,Betsy,9
CT,F,1935,Blanche,9
CT,F,1935,Claudia,9
CT,F,1935,Delores,9
CT,F,1935,Edwina,9
CT,F,1935,Ida,9
CT,F,1935,Irma,9
CT,F,1935,Lynn,9
CT,F,1935,Myrna,9
CT,F,1935,Peggy,9
CT,F,1935,Regina,9
CT,F,1935,Teresa,9
CT,F,1935,Valerie,9
CT,F,1935,Bette,8
CT,F,1935,Carmel,8
CT,F,1935,Carmella,8
CT,F,1935,Isabelle,8
CT,F,1935,Joy,8
CT,F,1935,Lena,8
CT,F,1935,Mabel,8
CT,F,1935,Mae,8
CT,F,1935,Nora,8
CT,F,1935,Rhoda,8
CT,F,1935,Roseann,8
CT,F,1935,Violet,8
CT,F,1935,Wanda,8
CT,F,1935,Winifred,8
CT,F,1935,Adele,7
CT,F,1935,Dawn,7
CT,F,1935,Doreen,7
CT,F,1935,Georgette,7
CT,F,1935,Gwendolyn,7
CT,F,1935,Hazel,7
CT,F,1935,Hope,7
CT,F,1935,Katharine,7
CT,F,1935,Margery,7
CT,F,1935,Maxine,7
CT,F,1935,Olga,7
CT,F,1935,Rachel,7
CT,F,1935,Sharon,7
CT,F,1935,Therese,7
CT,F,1935,Victoria,7
CT,F,1935,Viola,7
CT,F,1935,Yolanda,7
CT,F,1935,Alma,6
CT,F,1935,Angeline,6
CT,F,1935,Cecelia,6
CT,F,1935,Charlene,6
CT,F,1935,Colleen,6
CT,F,1935,Estelle,6
CT,F,1935,Faith,6
CT,F,1935,Gayle,6
CT,F,1935,Iris,6
CT,F,1935,Julie,6
CT,F,1935,Karen,6
CT,F,1935,Lenore,6
CT,F,1935,Lydia,6
CT,F,1935,Lynne,6
CT,F,1935,Marcella,6
CT,F,1935,Maria,6
CT,F,1935,May,6
CT,F,1935,Merle,6
CT,F,1935,Sondra,6
CT,F,1935,Sue,6
CT,F,1935,Ursula,6
CT,F,1935,William,6
CT,F,1935,Ada,5
CT,F,1935,Bernadette,5
CT,F,1935,Corinne,5
CT,F,1935,Deborah,5
CT,F,1935,Denise,5
CT,F,1935,Dixie,5
CT,F,1935,Dorothea,5
CT,F,1935,Emma,5
CT,F,1935,Ernestine,5
CT,F,1935,Eva,5
CT,F,1935,Georgianna,5
CT,F,1935,Gretchen,5
CT,F,1935,Henrietta,5
CT,F,1935,Janis,5
CT,F,1935,Jeannine,5
CT,F,1935,Jennie,5
CT,F,1935,Joanna,5
CT,F,1935,Johanna,5
CT,F,1935,John,5
CT,F,1935,Lee,5
CT,F,1935,Maryellen,5
CT,F,1935,Monica,5
CT,F,1935,Nellie,5
CT,F,1935,Nina,5
CT,F,1935,Palma,5
CT,F,1935,Pearl,5
CT,F,1935,Ruby,5
CT,F,1935,Stella,5
CT,F,1935,Verna,5
CT,F,1936,Barbara,513
CT,F,1936,Mary,422
CT,F,1936,Joan,383
CT,F,1936,Patricia,372
CT,F,1936,Carol,229
CT,F,1936,Shirley,221
CT,F,1936,Nancy,208
CT,F,1936,Dorothy,202
CT,F,1936,Margaret,168
CT,F,1936,Elizabeth,150
CT,F,1936,Jean,148
CT,F,1936,Beverly,142
CT,F,1936,Ann,137
CT,F,1936,Marilyn,121
CT,F,1936,Marie,116
CT,F,1936,Joyce,113
CT,F,1936,Lorraine,113
CT,F,1936,Janet,112
CT,F,1936,Judith,109
CT,F,1936,Helen,102
CT,F,1936,Dolores,98
CT,F,1936,Elaine,91
CT,F,1936,Frances,88
CT,F,1936,Eleanor,85
CT,F,1936,Phyllis,84
CT,F,1936,Alice,81
CT,F,1936,Ruth,80
CT,F,1936,Sandra,80
CT,F,1936,Lois,79
CT,F,1936,Gloria,78
CT,F,1936,Virginia,77
CT,F,1936,Betty,76
CT,F,1936,Rose,75
CT,F,1936,Jane,69
CT,F,1936,Gail,67
CT,F,1936,Marion,67
CT,F,1936,Theresa,66
CT,F,1936,Carolyn,65
CT,F,1936,Irene,64
CT,F,1936,Marjorie,63
CT,F,1936,Roberta,63
CT,F,1936,Louise,62
CT,F,1936,Anne,60
CT,F,1936,Doris,59
CT,F,1936,Jacqueline,58
CT,F,1936,Evelyn,57
CT,F,1936,Janice,57
CT,F,1936,Anna,56
CT,F,1936,Florence,53
CT,F,1936,Geraldine,53
CT,F,1936,Lucille,52
CT,F,1936,Catherine,51
CT,F,1936,June,51
CT,F,1936,Lillian,50
CT,F,1936,Susan,49
CT,F,1936,Arlene,48
CT,F,1936,Rita,48
CT,F,1936,Josephine,47
CT,F,1936,Kathleen,47
CT,F,1936,Audrey,46
CT,F,1936,Carole,46
CT,F,1936,Maureen,46
CT,F,1936,Norma,46
CT,F,1936,Joanne,43
CT,F,1936,Claire,41
CT,F,1936,Constance,40
CT,F,1936,Cynthia,40
CT,F,1936,Sally,40
CT,F,1936,Charlotte,39
CT,F,1936,Eileen,37
CT,F,1936,Sheila,37
CT,F,1936,Diane,36
CT,F,1936,Edith,36
CT,F,1936,Ellen,36
CT,F,1936,Grace,36
CT,F,1936,Jeanne,36
CT,F,1936,Katherine,35
CT,F,1936,Marlene,35
CT,F,1936,Pauline,33
CT,F,1936,Sylvia,33
CT,F,1936,Anita,32
CT,F,1936,Marcia,31
CT,F,1936,Rosemarie,31
CT,F,1936,Jeannette,30
CT,F,1936,Bernice,29
CT,F,1936,Loretta,29
CT,F,1936,Martha,27
CT,F,1936,Rosemary,27
CT,F,1936,Harriet,24
CT,F,1936,Jeanette,24
CT,F,1936,Maryann,24
CT,F,1936,Arline,23
CT,F,1936,Gertrude,23
CT,F,1936,Suzanne,23
CT,F,1936,Judy,22
CT,F,1936,Laura,22
CT,F,1936,Mildred,22
CT,F,1936,Annette,21
CT,F,1936,Joann,21
CT,F,1936,Vivian,21
CT,F,1936,Betsy,20
CT,F,1936,Christine,20
CT,F,1936,Linda,20
CT,F,1936,Agnes,18
CT,F,1936,Antoinette,18
CT,F,1936,Kathryn,18
CT,F,1936,Elsie,17
CT,F,1936,Julia,17
CT,F,1936,Lucy,17
CT,F,1936,Madeline,17
CT,F,1936,Rosalie,17
CT,F,1936,Caroline,16
CT,F,1936,Ethel,16
CT,F,1936,Priscilla,16
CT,F,1936,Veronica,16
CT,F,1936,Angela,15
CT,F,1936,Connie,15
CT,F,1936,Diana,15
CT,F,1936,Esther,15
CT,F,1936,Marguerite,15
CT,F,1936,Genevieve,14
CT,F,1936,Adrienne,13
CT,F,1936,Beatrice,13
CT,F,1936,Delores,13
CT,F,1936,Edna,13
CT,F,1936,Paula,13
CT,F,1936,Sarah,13
CT,F,1936,Yvonne,13
CT,F,1936,Angelina,12
CT,F,1936,Eva,12
CT,F,1936,Gladys,12
CT,F,1936,Marylou,12
CT,F,1936,Muriel,12
CT,F,1936,Myrna,12
CT,F,1936,Natalie,12
CT,F,1936,Regina,12
CT,F,1936,Valerie,12
CT,F,1936,Winifred,12
CT,F,1936,Clara,11
CT,F,1936,Donna,11
CT,F,1936,Helene,11
CT,F,1936,Kay,11
CT,F,1936,Marian,11
CT,F,1936,Marianne,11
CT,F,1936,Naomi,11
CT,F,1936,Sara,11
CT,F,1936,Therese,11
CT,F,1936,Elinor,10
CT,F,1936,Emily,10
CT,F,1936,Leona,10
CT,F,1936,Thelma,10
CT,F,1936,Viola,10
CT,F,1936,Bertha,9
CT,F,1936,Bette,9
CT,F,1936,Cecile,9
CT,F,1936,Claudette,9
CT,F,1936,Dawn,9
CT,F,1936,Eunice,9
CT,F,1936,Peggy,9
CT,F,1936,Robert,9
CT,F,1936,Vera,9
CT,F,1936,Victoria,9
CT,F,1936,Adele,8
CT,F,1936,Beverley,8
CT,F,1936,Blanche,8
CT,F,1936,Carmela,8
CT,F,1936,Concetta,8
CT,F,1936,Eleanore,8
CT,F,1936,Flora,8
CT,F,1936,Hazel,8
CT,F,1936,Mabel,8
CT,F,1936,Maria,8
CT,F,1936,Olive,8
CT,F,1936,Rachel,8
CT,F,1936,Sharon,8
CT,F,1936,Stella,8
CT,F,1936,Wilma,8
CT,F,1936,Brenda,7
CT,F,1936,Cecelia,7
CT,F,1936,Claudia,7
CT,F,1936,Cora,7
CT,F,1936,Estelle,7
CT,F,1936,Faith,7
CT,F,1936,Germaine,7
CT,F,1936,Henrietta,7
CT,F,1936,Ida,7
CT,F,1936,Isabelle,7
CT,F,1936,Jo,7
CT,F,1936,Joy,7
CT,F,1936,Lynn,7
CT,F,1936,Margery,7
CT,F,1936,Merle,7
CT,F,1936,Miriam,7
CT,F,1936,Noreen,7
CT,F,1936,Alberta,6
CT,F,1936,Alma,6
CT,F,1936,Amelia,6
CT,F,1936,Deborah,6
CT,F,1936,Denise,6
CT,F,1936,Gayle,6
CT,F,1936,Georgia,6
CT,F,1936,Gwendolyn,6
CT,F,1936,Jennie,6
CT,F,1936,Joanna,6
CT,F,1936,Juanita,6
CT,F,1936,Karen,6
CT,F,1936,Lenore,6
CT,F,1936,Matilda,6
CT,F,1936,Myra,6
CT,F,1936,Pamela,6
CT,F,1936,Pat,6
CT,F,1936,Sondra,6
CT,F,1936,Stephanie,6
CT,F,1936,Teresa,6
CT,F,1936,Angeline,5
CT,F,1936,Annamae,5
CT,F,1936,Camille,5
CT,F,1936,Cecilia,5
CT,F,1936,Clare,5
CT,F,1936,Corinne,5
CT,F,1936,Dianne,5
CT,F,1936,Dorothea,5
CT,F,1936,Georgianna,5
CT,F,1936,Harriett,5
CT,F,1936,Jacquelyn,5
CT,F,1936,Jeannine,5
CT,F,1936,Jessie,5
CT,F,1936,Johanna,5
CT,F,1936,Marcella,5
CT,F,1936,Margie,5
CT,F,1936,Maryanne,5
CT,F,1936,Maryjane,5
CT,F,1936,Myrtle,5
CT,F,1936,Nina,5
CT,F,1936,Rhoda,5
CT,F,1936,Roseann,5
CT,F,1936,Susanne,5
CT,F,1937,Barbara,523
CT,F,1937,Mary,438
CT,F,1937,Patricia,422
CT,F,1937,Joan,355
CT,F,1937,Carol,260
CT,F,1937,Nancy,229
CT,F,1937,Elizabeth,198
CT,F,1937,Shirley,177
CT,F,1937,Beverly,162
CT,F,1937,Margaret,154
CT,F,1937,Dorothy,152
CT,F,1937,Ann,149
CT,F,1937,Judith,134
CT,F,1937,Jean,130
CT,F,1937,Joyce,124
CT,F,1937,Janet,118
CT,F,1937,Marie,115
CT,F,1937,Frances,112
CT,F,1937,Helen,110
CT,F,1937,Elaine,105
CT,F,1937,Sandra,99
CT,F,1937,Betty,97
CT,F,1937,Marilyn,93
CT,F,1937,Dolores,90
CT,F,1937,Gloria,90
CT,F,1937,Virginia,90
CT,F,1937,Eleanor,88
CT,F,1937,Gail,88
CT,F,1937,Lorraine,88
CT,F,1937,Phyllis,85
CT,F,1937,Alice,84
CT,F,1937,Jane,80
CT,F,1937,Theresa,80
CT,F,1937,Rose,76
CT,F,1937,Ruth,75
CT,F,1937,Janice,73
CT,F,1937,Kathleen,66
CT,F,1937,Maureen,66
CT,F,1937,Carolyn,65
CT,F,1937,Anne,63
CT,F,1937,Lois,63
CT,F,1937,Irene,62
CT,F,1937,Catherine,60
CT,F,1937,Diane,60
CT,F,1937,Josephine,58
CT,F,1937,Louise,56
CT,F,1937,Doris,54
CT,F,1937,Marjorie,53
CT,F,1937,Arlene,51
CT,F,1937,Roberta,51
CT,F,1937,Susan,51
CT,F,1937,Carole,50
CT,F,1937,Florence,50
CT,F,1937,June,49
CT,F,1937,Geraldine,48
CT,F,1937,Lucille,46
CT,F,1937,Sheila,46
CT,F,1937,Lillian,45
CT,F,1937,Jacqueline,44
CT,F,1937,Rita,44
CT,F,1937,Sally,44
CT,F,1937,Audrey,43
CT,F,1937,Maryann,42
CT,F,1937,Grace,41
CT,F,1937,Linda,41
CT,F,1937,Marion,41
CT,F,1937,Anna,39
CT,F,1937,Annette,39
CT,F,1937,Joanne,39
CT,F,1937,Katherine,39
CT,F,1937,Ellen,38
CT,F,1937,Evelyn,38
CT,F,1937,Marcia,38
CT,F,1937,Constance,37
CT,F,1937,Charlotte,36
CT,F,1937,Eileen,35
CT,F,1937,Rosemary,35
CT,F,1937,Marlene,34
CT,F,1937,Martha,34
CT,F,1937,Antoinette,33
CT,F,1937,Sylvia,32
CT,F,1937,Loretta,31
CT,F,1937,Jeanne,29
CT,F,1937,Rosemarie,29
CT,F,1937,Beatrice,28
CT,F,1937,Cynthia,28
CT,F,1937,Judy,28
CT,F,1937,Claire,27
CT,F,1937,Diana,26
CT,F,1937,Donna,26
CT,F,1937,Pauline,26
CT,F,1937,Gertrude,25
CT,F,1937,Julia,25
CT,F,1937,Bernice,24
CT,F,1937,Anita,23
CT,F,1937,Jeanette,23
CT,F,1937,Norma,23
CT,F,1937,Jeannette,22
CT,F,1937,Laura,22
CT,F,1937,Mildred,21
CT,F,1937,Edith,20
CT,F,1937,Edna,19
CT,F,1937,Sarah,19
CT,F,1937,Suzanne,19
CT,F,1937,Vivian,19
CT,F,1937,Emily,18
CT,F,1937,Genevieve,18
CT,F,1937,Gladys,18
CT,F,1937,Harriet,18
CT,F,1937,Rosalie,18
CT,F,1937,Angela,17
CT,F,1937,Caroline,17
CT,F,1937,Marguerite,17
CT,F,1937,Muriel,17
CT,F,1937,Ethel,16
CT,F,1937,Lucy,16
CT,F,1937,Madeline,16
CT,F,1937,Paula,16
CT,F,1937,Priscilla,16
CT,F,1937,Arline,15
CT,F,1937,Christine,15
CT,F,1937,Yvonne,15
CT,F,1937,Agnes,14
CT,F,1937,Bette,14
CT,F,1937,Elsie,14
CT,F,1937,Joann,14
CT,F,1937,Kathryn,14
CT,F,1937,Marianne,14
CT,F,1937,Betsy,13
CT,F,1937,Marian,13
CT,F,1937,Regina,13
CT,F,1937,Angelina,12
CT,F,1937,Clara,12
CT,F,1937,Kay,12
CT,F,1937,Maria,12
CT,F,1937,Delores,11
CT,F,1937,Estelle,11
CT,F,1937,Faith,11
CT,F,1937,Henrietta,11
CT,F,1937,Karen,11
CT,F,1937,Leona,11
CT,F,1937,Marylou,11
CT,F,1937,Valerie,11
CT,F,1937,Deborah,10
CT,F,1937,Eunice,10
CT,F,1937,Fay,10
CT,F,1937,Sharon,10
CT,F,1937,Teresa,10
CT,F,1937,Thelma,10
CT,F,1937,Veronica,10
CT,F,1937,Carmel,9
CT,F,1937,Connie,9
CT,F,1937,Dawn,9
CT,F,1937,Elinor,9
CT,F,1937,Esther,9
CT,F,1937,Hazel,9
CT,F,1937,Helene,9
CT,F,1937,Myrna,9
CT,F,1937,Vera,9
CT,F,1937,Alberta,8
CT,F,1937,Cecile,8
CT,F,1937,Claudette,8
CT,F,1937,Concetta,8
CT,F,1937,Corrine,8
CT,F,1937,Denise,8
CT,F,1937,Dianne,8
CT,F,1937,Jennie,8
CT,F,1937,Joanna,8
CT,F,1937,Juanita,8
CT,F,1937,Lenore,8
CT,F,1937,Lynn,8
CT,F,1937,Lynne,8
CT,F,1937,Peggy,8
CT,F,1937,Rachel,8
CT,F,1937,Rosalind,8
CT,F,1937,Sara,8
CT,F,1937,Winifred,8
CT,F,1937,Adrienne,7
CT,F,1937,Bertha,7
CT,F,1937,Bonnie,7
CT,F,1937,Carmella,7
CT,F,1937,Cornelia,7
CT,F,1937,Deanna,7
CT,F,1937,Doreen,7
CT,F,1937,Eleanore,7
CT,F,1937,Gwendolyn,7
CT,F,1937,Ida,7
CT,F,1937,Jacquelyn,7
CT,F,1937,Jeannine,7
CT,F,1937,Madelyn,7
CT,F,1937,Miriam,7
CT,F,1937,Penelope,7
CT,F,1937,Philomena,7
CT,F,1937,Rochelle,7
CT,F,1937,Roseann,7
CT,F,1937,Sue,7
CT,F,1937,Theodora,7
CT,F,1937,Victoria,7
CT,F,1937,Adele,6
CT,F,1937,Adeline,6
CT,F,1937,Alma,6
CT,F,1937,Blanche,6
CT,F,1937,Claudia,6
CT,F,1937,Faye,6
CT,F,1937,Gayle,6
CT,F,1937,Germaine,6
CT,F,1937,Helena,6
CT,F,1937,Mabel,6
CT,F,1937,Maryjane,6
CT,F,1937,Natalie,6
CT,F,1937,Pamela,6
CT,F,1937,Violet,6
CT,F,1937,Wendy,6
CT,F,1937,Yolanda,6
CT,F,1937,Adelaide,5
CT,F,1937,Amelia,5
CT,F,1937,Andrea,5
CT,F,1937,Bernadette,5
CT,F,1937,Camille,5
CT,F,1937,Cecelia,5
CT,F,1937,Dorothea,5
CT,F,1937,Elsa,5
CT,F,1937,Eva,5
CT,F,1937,Hilda,5
CT,F,1937,Jessie,5
CT,F,1937,Marcella,5
CT,F,1937,Marsha,5
CT,F,1937,Millicent,5
CT,F,1937,Mona,5
CT,F,1937,Myrtle,5
CT,F,1937,Noreen,5
CT,F,1937,Olga,5
CT,F,1937,Polly,5
CT,F,1937,Simone,5
CT,F,1937,Susanne,5
CT,F,1937,Verna,5
CT,F,1937,Wilma,5
CT,F,1938,Barbara,544
CT,F,1938,Patricia,421
CT,F,1938,Mary,390
CT,F,1938,Carol,315
CT,F,1938,Joan,308
CT,F,1938,Judith,235
CT,F,1938,Nancy,223
CT,F,1938,Dorothy,171
CT,F,1938,Ann,166
CT,F,1938,Elizabeth,166
CT,F,1938,Margaret,165
CT,F,1938,Sandra,159
CT,F,1938,Beverly,142
CT,F,1938,Joyce,139
CT,F,1938,Shirley,132
CT,F,1938,Jean,126
CT,F,1938,Elaine,122
CT,F,1938,Marilyn,121
CT,F,1938,Gail,117
CT,F,1938,Janet,111
CT,F,1938,Marie,111
CT,F,1938,Eleanor,108
CT,F,1938,Frances,108
CT,F,1938,Betty,107
CT,F,1938,Lorraine,95
CT,F,1938,Carolyn,85
CT,F,1938,Virginia,83
CT,F,1938,Helen,82
CT,F,1938,Phyllis,82
CT,F,1938,Theresa,80
CT,F,1938,Anne,79
CT,F,1938,Janice,79
CT,F,1938,Ruth,77
CT,F,1938,Dolores,76
CT,F,1938,Susan,74
CT,F,1938,Rose,72
CT,F,1938,Jane,71
CT,F,1938,Maureen,70
CT,F,1938,Alice,68
CT,F,1938,Irene,67
CT,F,1938,Kathleen,64
CT,F,1938,Lois,63
CT,F,1938,Marion,63
CT,F,1938,Gloria,62
CT,F,1938,Arlene,61
CT,F,1938,Catherine,61
CT,F,1938,Diane,61
CT,F,1938,Jacqueline,61
CT,F,1938,Rosalie,61
CT,F,1938,Joanne,60
CT,F,1938,Louise,59
CT,F,1938,Maryann,59
CT,F,1938,Roberta,58
CT,F,1938,Lucille,57
CT,F,1938,Donna,53
CT,F,1938,Linda,53
CT,F,1938,Carole,52
CT,F,1938,Evelyn,52
CT,F,1938,Ellen,51
CT,F,1938,Josephine,51
CT,F,1938,Judy,51
CT,F,1938,Anna,50
CT,F,1938,Doris,50
CT,F,1938,Rita,50
CT,F,1938,Sally,49
CT,F,1938,Sheila,49
CT,F,1938,June,48
CT,F,1938,Claire,46
CT,F,1938,Cynthia,43
CT,F,1938,Florence,40
CT,F,1938,Charlotte,39
CT,F,1938,Geraldine,39
CT,F,1938,Anita,38
CT,F,1938,Marjorie,38
CT,F,1938,Grace,37
CT,F,1938,Sylvia,37
CT,F,1938,Audrey,36
CT,F,1938,Rosemary,34
CT,F,1938,Marcia,31
CT,F,1938,Katherine,30
CT,F,1938,Lillian,30
CT,F,1938,Eileen,29
CT,F,1938,Jeanne,29
CT,F,1938,Loretta,29
CT,F,1938,Annette,28
CT,F,1938,Harriet,28
CT,F,1938,Rosemarie,28
CT,F,1938,Suzanne,27
CT,F,1938,Diana,26
CT,F,1938,Jeanette,26
CT,F,1938,Priscilla,26
CT,F,1938,Karen,25
CT,F,1938,Norma,25
CT,F,1938,Sharon,25
CT,F,1938,Constance,24
CT,F,1938,Marlene,24
CT,F,1938,Martha,24
CT,F,1938,Paula,24
CT,F,1938,Beatrice,23
CT,F,1938,Valerie,23
CT,F,1938,Kathryn,22
CT,F,1938,Mildred,22
CT,F,1938,Gertrude,21
CT,F,1938,Laura,21
CT,F,1938,Marian,21
CT,F,1938,Edith,20
CT,F,1938,Pauline,20
CT,F,1938,Christine,19
CT,F,1938,Lucy,19
CT,F,1938,Teresa,19
CT,F,1938,Jeannette,18
CT,F,1938,Julia,18
CT,F,1938,Bernice,17
CT,F,1938,Deanna,17
CT,F,1938,Elsie,17
CT,F,1938,Esther,17
CT,F,1938,Madeline,17
CT,F,1938,Muriel,17
CT,F,1938,Yvonne,17
CT,F,1938,Angela,16
CT,F,1938,Joy,16
CT,F,1938,Marylou,16
CT,F,1938,Antoinette,15
CT,F,1938,Brenda,15
CT,F,1938,Leona,15
CT,F,1938,Carmella,14
CT,F,1938,Caroline,14
CT,F,1938,Joann,14
CT,F,1938,Marguerite,14
CT,F,1938,Marianne,14
CT,F,1938,Agnes,13
CT,F,1938,Bette,13
CT,F,1938,Clara,13
CT,F,1938,Emily,13
CT,F,1938,Ethel,13
CT,F,1938,Sarah,13
CT,F,1938,Victoria,13
CT,F,1938,Faith,12
CT,F,1938,Gladys,12
CT,F,1938,Hazel,12
CT,F,1938,Lynn,12
CT,F,1938,Lynne,12
CT,F,1938,Natalie,12
CT,F,1938,Alberta,11
CT,F,1938,Denise,11
CT,F,1938,Edna,11
CT,F,1938,Peggy,11
CT,F,1938,Deborah,10
CT,F,1938,Delores,10
CT,F,1938,Elinor,10
CT,F,1938,Joanna,10
CT,F,1938,Maria,10
CT,F,1938,Myrna,10
CT,F,1938,Pamela,10
CT,F,1938,Regina,10
CT,F,1938,Sara,10
CT,F,1938,Sonja,10
CT,F,1938,Alma,9
CT,F,1938,Annmarie,9
CT,F,1938,Arline,9
CT,F,1938,Beth,9
CT,F,1938,Concetta,9
CT,F,1938,Estelle,9
CT,F,1938,Gretchen,9
CT,F,1938,Henrietta,9
CT,F,1938,Miriam,9
CT,F,1938,Philomena,9
CT,F,1938,Rhoda,9
CT,F,1938,Angelina,8
CT,F,1938,Carmela,8
CT,F,1938,Claudette,8
CT,F,1938,Claudia,8
CT,F,1938,Connie,8
CT,F,1938,Gwendolyn,8
CT,F,1938,Kay,8
CT,F,1938,Lydia,8
CT,F,1938,Thelma,8
CT,F,1938,Vivian,8
CT,F,1938,Adrienne,7
CT,F,1938,Bertha,7
CT,F,1938,Betsy,7
CT,F,1938,Gayle,7
CT,F,1938,Georgette,7
CT,F,1938,Jacquelyn,7
CT,F,1938,Jennie,7
CT,F,1938,Julie,7
CT,F,1938,Justine,7
CT,F,1938,Lenore,7
CT,F,1938,Margo,7
CT,F,1938,Nellie,7
CT,F,1938,Noreen,7
CT,F,1938,Stella,7
CT,F,1938,Veronica,7
CT,F,1938,Adele,6
CT,F,1938,Amelia,6
CT,F,1938,Bessie,6
CT,F,1938,Blanche,6
CT,F,1938,Dale,6
CT,F,1938,Dianne,6
CT,F,1938,Edwina,6
CT,F,1938,Ella,6
CT,F,1938,Eva,6
CT,F,1938,Fay,6
CT,F,1938,Genevieve,6
CT,F,1938,Georgia,6
CT,F,1938,Ida,6
CT,F,1938,Jessie,6
CT,F,1938,Katharine,6
CT,F,1938,Lee,6
CT,F,1938,Maryanne,6
CT,F,1938,Maxine,6
CT,F,1938,Polly,6
CT,F,1938,Roseann,6
CT,F,1938,Sue,6
CT,F,1938,Wanda,6
CT,F,1938,Wilma,6
CT,F,1938,Alison,5
CT,F,1938,Andrea,5
CT,F,1938,Betsey,5
CT,F,1938,Cecile,5
CT,F,1938,Celeste,5
CT,F,1938,Corinne,5
CT,F,1938,Emma,5
CT,F,1938,Gwen,5
CT,F,1938,Holly,5
CT,F,1938,Hope,5
CT,F,1938,Jayne,5
CT,F,1938,Jill,5
CT,F,1938,Juanita,5
CT,F,1938,Laurel,5
CT,F,1938,Madelyn,5
CT,F,1938,Margery,5
CT,F,1938,Marietta,5
CT,F,1938,Marsha,5
CT,F,1938,Marylyn,5
CT,F,1938,Myra,5
CT,F,1938,Naomi,5
CT,F,1938,Penelope,5
CT,F,1938,Rebecca,5
CT,F,1938,Rosalind,5
CT,F,1938,Rosanne,5
CT,F,1938,Sophie,5
CT,F,1938,Susanne,5
CT,F,1938,Therese,5
CT,F,1938,Yolanda,5
CT,F,1939,Barbara,530
CT,F,1939,Patricia,489
CT,F,1939,Mary,419
CT,F,1939,Judith,342
CT,F,1939,Carol,340
CT,F,1939,Joan,337
CT,F,1939,Nancy,239
CT,F,1939,Margaret,172
CT,F,1939,Elizabeth,171
CT,F,1939,Sandra,167
CT,F,1939,Dorothy,150
CT,F,1939,Ann,145
CT,F,1939,Joyce,139
CT,F,1939,Beverly,131
CT,F,1939,Jean,126
CT,F,1939,Janet,111
CT,F,1939,Linda,109
CT,F,1939,Marie,106
CT,F,1939,Marilyn,103
CT,F,1939,Elaine,100
CT,F,1939,Susan,100
CT,F,1939,Frances,99
CT,F,1939,Shirley,95
CT,F,1939,Betty,94
CT,F,1939,Gail,90
CT,F,1939,Virginia,89
CT,F,1939,Lorraine,88
CT,F,1939,Eleanor,87
CT,F,1939,Judy,87
CT,F,1939,Helen,86
CT,F,1939,Carolyn,80
CT,F,1939,Phyllis,74
CT,F,1939,Ruth,73
CT,F,1939,Anne,69
CT,F,1939,Alice,68
CT,F,1939,Arlene,68
CT,F,1939,Diane,66
CT,F,1939,Janice,64
CT,F,1939,Kathleen,64
CT,F,1939,Donna,61
CT,F,1939,Jane,60
CT,F,1939,Dolores,59
CT,F,1939,Geraldine,59
CT,F,1939,Rose,59
CT,F,1939,Sally,59
CT,F,1939,Irene,58
CT,F,1939,Louise,58
CT,F,1939,Marion,55
CT,F,1939,Joanne,53
CT,F,1939,Maureen,52
CT,F,1939,Carole,50
CT,F,1939,Jacqueline,50
CT,F,1939,June,50
CT,F,1939,Cynthia,49
CT,F,1939,Lucille,49
CT,F,1939,Catherine,48
CT,F,1939,Josephine,48
CT,F,1939,Sheila,48
CT,F,1939,Gloria,46
CT,F,1939,Lois,46
CT,F,1939,Martha,46
CT,F,1939,Maryann,46
CT,F,1939,Theresa,46
CT,F,1939,Ellen,45
CT,F,1939,Evelyn,45
CT,F,1939,Katherine,45
CT,F,1939,Priscilla,44
CT,F,1939,Anna,43
CT,F,1939,Rosemary,43
CT,F,1939,Karen,42
CT,F,1939,Marjorie,42
CT,F,1939,Roberta,42
CT,F,1939,Brenda,41
CT,F,1939,Marcia,41
CT,F,1939,Lillian,40
CT,F,1939,Loretta,39
CT,F,1939,Rita,35
CT,F,1939,Charlotte,33
CT,F,1939,Grace,33
CT,F,1939,Edith,32
CT,F,1939,Florence,32
CT,F,1939,Jeanne,31
CT,F,1939,Anita,29
CT,F,1939,Claire,29
CT,F,1939,Eileen,29
CT,F,1939,Rosemarie,29
CT,F,1939,Constance,27
CT,F,1939,Jeannette,27
CT,F,1939,Marlene,27
CT,F,1939,Audrey,26
CT,F,1939,Christine,26
CT,F,1939,Doris,26
CT,F,1939,Joann,26
CT,F,1939,Norma,26
CT,F,1939,Mildred,25
CT,F,1939,Diana,24
CT,F,1939,Sylvia,24
CT,F,1939,Valerie,24
CT,F,1939,Jeanette,23
CT,F,1939,Pauline,22
CT,F,1939,Suzanne,22
CT,F,1939,Annette,21
CT,F,1939,Rosalie,21
CT,F,1939,Bernice,20
CT,F,1939,Kathryn,20
CT,F,1939,Harriet,19
CT,F,1939,Laura,19
CT,F,1939,Lynn,19
CT,F,1939,Angela,18
CT,F,1939,Antoinette,18
CT,F,1939,Gladys,18
CT,F,1939,Marguerite,18
CT,F,1939,Paula,18
CT,F,1939,Agnes,17
CT,F,1939,Beatrice,17
CT,F,1939,Sharon,17
CT,F,1939,Faith,16
CT,F,1939,Julia,16
CT,F,1939,Sarah,16
CT,F,1939,Betsy,15
CT,F,1939,Caroline,15
CT,F,1939,Lucy,15
CT,F,1939,Lynne,15
CT,F,1939,Madeline,15
CT,F,1939,Natalie,15
CT,F,1939,Adrienne,13
CT,F,1939,Marian,13
CT,F,1939,Yvonne,13
CT,F,1939,Andrea,12
CT,F,1939,Arline,12
CT,F,1939,Edna,12
CT,F,1939,Elsie,12
CT,F,1939,Genevieve,12
CT,F,1939,Marylou,12
CT,F,1939,Teresa,12
CT,F,1939,Vivian,12
CT,F,1939,Alberta,11
CT,F,1939,Cecile,11
CT,F,1939,Clara,11
CT,F,1939,Claudia,11
CT,F,1939,Deborah,11
CT,F,1939,Delores,11
CT,F,1939,Esther,11
CT,F,1939,Johanna,11
CT,F,1939,Leona,11
CT,F,1939,Noreen,11
CT,F,1939,Peggy,11
CT,F,1939,Victoria,11
CT,F,1939,Corinne,10
CT,F,1939,Denise,10
CT,F,1939,Dianne,10
CT,F,1939,Gay,10
CT,F,1939,Hazel,10
CT,F,1939,Joy,10
CT,F,1939,Juanita,10
CT,F,1939,Maria,10
CT,F,1939,Maxine,10
CT,F,1939,Miriam,10
CT,F,1939,Rosalind,10
CT,F,1939,Sara,10
CT,F,1939,Wendy,10
CT,F,1939,Bernadette,9
CT,F,1939,Bette,9
CT,F,1939,Bonnie,9
CT,F,1939,Camille,9
CT,F,1939,Deanna,9
CT,F,1939,Ethel,9
CT,F,1939,Eva,9
CT,F,1939,Marsha,9
CT,F,1939,Rachel,9
CT,F,1939,Regina,9
CT,F,1939,Adele,8
CT,F,1939,Alma,8
CT,F,1939,Amelia,8
CT,F,1939,Carmel,8
CT,F,1939,Carolann,8
CT,F,1939,Connie,8
CT,F,1939,Dawn,8
CT,F,1939,Emily,8
CT,F,1939,Gayle,8
CT,F,1939,Henrietta,8
CT,F,1939,Madelyn,8
CT,F,1939,Margo,8
CT,F,1939,Marianne,8
CT,F,1939,Nina,8
CT,F,1939,Pearl,8
CT,F,1939,Penelope,8
CT,F,1939,Wilma,8
CT,F,1939,Bertha,7
CT,F,1939,Carmela,7
CT,F,1939,Dale,7
CT,F,1939,Doreen,7
CT,F,1939,Edwina,7
CT,F,1939,Gretchen,7
CT,F,1939,Helene,7
CT,F,1939,Jacquelyn,7
CT,F,1939,Kay,7
CT,F,1939,Maryanne,7
CT,F,1939,Muriel,7
CT,F,1939,Pamela,7
CT,F,1939,Theodora,7
CT,F,1939,Wanda,7
CT,F,1939,Beth,6
CT,F,1939,Carmella,6
CT,F,1939,Cecelia,6
CT,F,1939,Concetta,6
CT,F,1939,Cornelia,6
CT,F,1939,Georgia,6
CT,F,1939,Helena,6
CT,F,1939,Ina,6
CT,F,1939,Inez,6
CT,F,1939,Jennie,6
CT,F,1939,Joanna,6
CT,F,1939,Leslie,6
CT,F,1939,Mabel,6
CT,F,1939,Madeleine,6
CT,F,1939,Monica,6
CT,F,1939,Roseann,6
CT,F,1939,Vera,6
CT,F,1939,Annmarie,5
CT,F,1939,Blanche,5
CT,F,1939,Charlene,5
CT,F,1939,Christina,5
CT,F,1939,Colleen,5
CT,F,1939,Dorothea,5
CT,F,1939,Elvira,5
CT,F,1939,Emma,5
CT,F,1939,Estelle,5
CT,F,1939,Eunice,5
CT,F,1939,Georgianna,5
CT,F,1939,Gertrude,5
CT,F,1939,Jeannine,5
CT,F,1939,Jill,5
CT,F,1939,Julie,5
CT,F,1939,Justine,5
CT,F,1939,Laurel,5
CT,F,1939,Lena,5
CT,F,1939,Lenora,5
CT,F,1939,Lenore,5
CT,F,1939,Lydia,5
CT,F,1939,Margery,5
CT,F,1939,Maryellen,5
CT,F,1939,Myra,5
CT,F,1939,Pat,5
CT,F,1939,Rebecca,5
CT,F,1939,Rhoda,5
CT,F,1939,Susanne,5
CT,F,1939,Therese,5
CT,F,1939,Veronica,5
CT,F,1939,Viola,5
CT,F,1940,Patricia,565
CT,F,1940,Barbara,486
CT,F,1940,Mary,450
CT,F,1940,Judith,420
CT,F,1940,Carol,373
CT,F,1940,Joan,322
CT,F,1940,Nancy,254
CT,F,1940,Sandra,189
CT,F,1940,Margaret,186
CT,F,1940,Linda,172
CT,F,1940,Elizabeth,164
CT,F,1940,Joyce,153
CT,F,1940,Jean,150
CT,F,1940,Ann,148
CT,F,1940,Susan,142
CT,F,1940,Dorothy,136
CT,F,1940,Marie,136
CT,F,1940,Beverly,121
CT,F,1940,Frances,120
CT,F,1940,Janet,116
CT,F,1940,Janice,110
CT,F,1940,Marilyn,108
CT,F,1940,Shirley,107
CT,F,1940,Virginia,105
CT,F,1940,Elaine,101
CT,F,1940,Kathleen,92
CT,F,1940,Gail,90
CT,F,1940,Carolyn,88
CT,F,1940,Jane,87
CT,F,1940,Joanne,83
CT,F,1940,Helen,81
CT,F,1940,Phyllis,81
CT,F,1940,Geraldine,80
CT,F,1940,Diane,79
CT,F,1940,Ruth,79
CT,F,1940,Betty,78
CT,F,1940,Lorraine,75
CT,F,1940,Lois,72
CT,F,1940,Dolores,66
CT,F,1940,Eleanor,66
CT,F,1940,Judy,66
CT,F,1940,Maureen,65
CT,F,1940,Cynthia,63
CT,F,1940,Rosemary,63
CT,F,1940,Gloria,61
CT,F,1940,Theresa,61
CT,F,1940,Donna,60
CT,F,1940,Doris,60
CT,F,1940,Arlene,59
CT,F,1940,June,59
CT,F,1940,Anne,58
CT,F,1940,Rose,58
CT,F,1940,Karen,57
CT,F,1940,Maryann,57
CT,F,1940,Alice,56
CT,F,1940,Catherine,54
CT,F,1940,Brenda,53
CT,F,1940,Josephine,53
CT,F,1940,Louise,53
CT,F,1940,Marion,53
CT,F,1940,Carole,51
CT,F,1940,Jacqueline,51
CT,F,1940,Marcia,51
CT,F,1940,Roberta,51
CT,F,1940,Sally,50
CT,F,1940,Evelyn,49
CT,F,1940,Lucille,49
CT,F,1940,Irene,47
CT,F,1940,Rita,47
CT,F,1940,Sheila,45
CT,F,1940,Ellen,41
CT,F,1940,Priscilla,41
CT,F,1940,Anna,40
CT,F,1940,Marjorie,40
CT,F,1940,Martha,40
CT,F,1940,Florence,39
CT,F,1940,Anita,38
CT,F,1940,Suzanne,37
CT,F,1940,Loretta,36
CT,F,1940,Sharon,36
CT,F,1940,Katherine,35
CT,F,1940,Lillian,34
CT,F,1940,Mildred,34
CT,F,1940,Rosemarie,34
CT,F,1940,Charlotte,33
CT,F,1940,Constance,31
CT,F,1940,Joann,31
CT,F,1940,Rosalie,31
CT,F,1940,Eileen,30
CT,F,1940,Pauline,30
CT,F,1940,Valerie,30
CT,F,1940,Annette,28
CT,F,1940,Diana,27
CT,F,1940,Sylvia,27
CT,F,1940,Claire,26
CT,F,1940,Sarah,26
CT,F,1940,Audrey,25
CT,F,1940,Christine,25
CT,F,1940,Beatrice,24
CT,F,1940,Julia,24
CT,F,1940,Angela,23
CT,F,1940,Bonnie,23
CT,F,1940,Jeanne,23
CT,F,1940,Marlene,23
CT,F,1940,Grace,22
CT,F,1940,Harriet,22
CT,F,1940,Lynn,22
CT,F,1940,Paula,21
CT,F,1940,Bernice,20
CT,F,1940,Betsy,19
CT,F,1940,Laura,19
CT,F,1940,Caroline,18
CT,F,1940,Denise,18
CT,F,1940,Dianne,18
CT,F,1940,Antoinette,17
CT,F,1940,Esther,17
CT,F,1940,Gladys,17
CT,F,1940,Kathryn,17
CT,F,1940,Lucy,17
CT,F,1940,Norma,17
CT,F,1940,Jeannette,16
CT,F,1940,Madeline,16
CT,F,1940,Vivian,16
CT,F,1940,Deanna,14
CT,F,1940,Edith,14
CT,F,1940,Edna,14
CT,F,1940,Faith,14
CT,F,1940,Gertrude,14
CT,F,1940,Jeanette,14
CT,F,1940,Joy,14
CT,F,1940,Marianne,14
CT,F,1940,Regina,14
CT,F,1940,Sara,14
CT,F,1940,Sue,14
CT,F,1940,Andrea,13
CT,F,1940,Elsie,13
CT,F,1940,Lynne,13
CT,F,1940,Marguerite,13
CT,F,1940,Pamela,13
CT,F,1940,Peggy,13
CT,F,1940,Alberta,12
CT,F,1940,Julie,12
CT,F,1940,Teresa,12
CT,F,1940,Connie,11
CT,F,1940,Dawn,11
CT,F,1940,Helene,11
CT,F,1940,Ida,11
CT,F,1940,Leona,11
CT,F,1940,Margo,11
CT,F,1940,Claudia,10
CT,F,1940,Darlene,10
CT,F,1940,Doreen,10
CT,F,1940,Emily,10
CT,F,1940,Ethel,10
CT,F,1940,Eunice,10
CT,F,1940,Gay,10
CT,F,1940,Maria,10
CT,F,1940,Maryjane,10
CT,F,1940,Veronica,10
CT,F,1940,Agnes,9
CT,F,1940,Cecile,9
CT,F,1940,Deborah,9
CT,F,1940,Elinor,9
CT,F,1940,Lynda,9
CT,F,1940,Marylou,9
CT,F,1940,Natalie,9
CT,F,1940,Penelope,9
CT,F,1940,Adele,8
CT,F,1940,Alma,8
CT,F,1940,Camille,8
CT,F,1940,Carmel,8
CT,F,1940,Clara,8
CT,F,1940,Georgianna,8
CT,F,1940,Jo,8
CT,F,1940,Muriel,8
CT,F,1940,Noreen,8
CT,F,1940,Rochelle,8
CT,F,1940,Wendy,8
CT,F,1940,Arline,7
CT,F,1940,Bertha,7
CT,F,1940,Charlene,7
CT,F,1940,Gale,7
CT,F,1940,Gayle,7
CT,F,1940,Georgia,7
CT,F,1940,Gwendolyn,7
CT,F,1940,Jacquelyn,7
CT,F,1940,Marian,7
CT,F,1940,Marsha,7
CT,F,1940,Myrna,7
CT,F,1940,Pat,7
CT,F,1940,Susanne,7
CT,F,1940,Wanda,7
CT,F,1940,William,7
CT,F,1940,Winifred,7
CT,F,1940,Yvonne,7
CT,F,1940,Bernadette,6
CT,F,1940,Bette,6
CT,F,1940,Claudette,6
CT,F,1940,Dorothea,6
CT,F,1940,Eva,6
CT,F,1940,Isabel,6
CT,F,1940,Jayne,6
CT,F,1940,Johanna,6
CT,F,1940,Justine,6
CT,F,1940,Katharine,6
CT,F,1940,Laurel,6
CT,F,1940,Lenore,6
CT,F,1940,Madeleine,6
CT,F,1940,Maryellen,6
CT,F,1940,Miriam,6
CT,F,1940,Nina,6
CT,F,1940,Paulette,6
CT,F,1940,Rachel,6
CT,F,1940,Terry,6
CT,F,1940,Viola,6
CT,F,1940,Adelaide,5
CT,F,1940,Adrienne,5
CT,F,1940,Annie,5
CT,F,1940,Carmela,5
CT,F,1940,Carmella,5
CT,F,1940,Carolann,5
CT,F,1940,Carolee,5
CT,F,1940,Cornelia,5
CT,F,1940,Delores,5
CT,F,1940,Dora,5
CT,F,1940,Eleanore,5
CT,F,1940,Ella,5
CT,F,1940,Emma,5
CT,F,1940,Eugenia,5
CT,F,1940,Fay,5
CT,F,1940,Faye,5
CT,F,1940,Hazel,5
CT,F,1940,Ina,5
CT,F,1940,Jennie,5
CT,F,1940,Kay,5
CT,F,1940,Lana,5
CT,F,1940,Leah,5
CT,F,1940,Leslie,5
CT,F,1940,Mabel,5
CT,F,1940,Madelyn,5
CT,F,1940,Margery,5
CT,F,1940,Margie,5
CT,F,1940,Margot,5
CT,F,1940,Maxine,5
CT,F,1940,Melinda,5
CT,F,1940,Michelle,5
CT,F,1940,Myrtle,5
CT,F,1940,Naomi,5
CT,F,1940,Philomena,5
CT,F,1940,Rena,5
CT,F,1940,Rhoda,5
CT,F,1940,Roseann,5
CT,F,1940,Stella,5
CT,F,1940,Sybil,5
CT,F,1940,Theodora,5
CT,F,1940,Verna,5
CT,F,1940,Vivien,5
CT,F,1941,Patricia,621
CT,F,1941,Barbara,544
CT,F,1941,Mary,509
CT,F,1941,Judith,443
CT,F,1941,Carol,401
CT,F,1941,Joan,314
CT,F,1941,Sandra,282
CT,F,1941,Nancy,269
CT,F,1941,Linda,236
CT,F,1941,Margaret,216
CT,F,1941,Susan,209
CT,F,1941,Joyce,193
CT,F,1941,Elizabeth,187
CT,F,1941,Elaine,150
CT,F,1941,Dorothy,143
CT,F,1941,Ann,136
CT,F,1941,Jean,132
CT,F,1941,Beverly,131
CT,F,1941,Carolyn,128
CT,F,1941,Marilyn,126
CT,F,1941,Diane,123
CT,F,1941,Janet,118
CT,F,1941,Marie,112
CT,F,1941,Virginia,112
CT,F,1941,Gail,110
CT,F,1941,Frances,108
CT,F,1941,Kathleen,108
CT,F,1941,Janice,105
CT,F,1941,Shirley,104
CT,F,1941,Karen,101
CT,F,1941,Donna,100
CT,F,1941,Joanne,95
CT,F,1941,Phyllis,93
CT,F,1941,Judy,92
CT,F,1941,Dolores,86
CT,F,1941,Carole,85
CT,F,1941,Cynthia,83
CT,F,1941,Jane,83
CT,F,1941,Lorraine,82
CT,F,1941,Betty,81
CT,F,1941,Geraldine,81
CT,F,1941,Catherine,80
CT,F,1941,Joann,78
CT,F,1941,Gloria,77
CT,F,1941,Helen,76
CT,F,1941,Ruth,73
CT,F,1941,Maureen,72
CT,F,1941,Lois,70
CT,F,1941,Louise,70
CT,F,1941,Eleanor,66
CT,F,1941,Arlene,65
CT,F,1941,Theresa,65
CT,F,1941,Martha,63
CT,F,1941,Maryann,63
CT,F,1941,Rita,63
CT,F,1941,Rose,63
CT,F,1941,Alice,62
CT,F,1941,Sally,62
CT,F,1941,Jacqueline,61
CT,F,1941,Ellen,60
CT,F,1941,Irene,60
CT,F,1941,Katherine,58
CT,F,1941,Anne,56
CT,F,1941,Doris,56
CT,F,1941,Sharon,56
CT,F,1941,Josephine,54
CT,F,1941,Lucille,54
CT,F,1941,Jeanne,53
CT,F,1941,Marion,53
CT,F,1941,Rosemary,52
CT,F,1941,Roberta,50
CT,F,1941,Marjorie,49
CT,F,1941,Priscilla,49
CT,F,1941,Marcia,48
CT,F,1941,Bonnie,47
CT,F,1941,Sheila,47
CT,F,1941,Christine,45
CT,F,1941,Evelyn,44
CT,F,1941,June,44
CT,F,1941,Eileen,42
CT,F,1941,Anna,41
CT,F,1941,Diana,39
CT,F,1941,Charlotte,37
CT,F,1941,Constance,36
CT,F,1941,Pamela,36
CT,F,1941,Florence,35
CT,F,1941,Kathryn,35
CT,F,1941,Suzanne,35
CT,F,1941,Grace,32
CT,F,1941,Lillian,32
CT,F,1941,Anita,31
CT,F,1941,Annette,31
CT,F,1941,Loretta,31
CT,F,1941,Harriet,30
CT,F,1941,Paula,29
CT,F,1941,Sylvia,29
CT,F,1941,Deborah,28
CT,F,1941,Rosemarie,28
CT,F,1941,Claire,27
CT,F,1941,Brenda,26
CT,F,1941,Jeannette,26
CT,F,1941,Lynn,26
CT,F,1941,Mildred,26
CT,F,1941,Pauline,26
CT,F,1941,Valerie,26
CT,F,1941,Lynne,25
CT,F,1941,Rosalie,25
CT,F,1941,Marianne,24
CT,F,1941,Antoinette,21
CT,F,1941,Angela,20
CT,F,1941,Dianne,20
CT,F,1941,Norma,20
CT,F,1941,Caroline,19
CT,F,1941,Peggy,19
CT,F,1941,Vivian,19
CT,F,1941,Bernice,18
CT,F,1941,Betsy,18
CT,F,1941,Muriel,18
CT,F,1941,Noreen,18
CT,F,1941,Sarah,18
CT,F,1941,Arline,17
CT,F,1941,Audrey,17
CT,F,1941,Gladys,17
CT,F,1941,Jeanette,17
CT,F,1941,Laura,17
CT,F,1941,Lucy,17
CT,F,1941,Madeline,17
CT,F,1941,Marian,17
CT,F,1941,Marlene,17
CT,F,1941,Marylou,17
CT,F,1941,Edith,16
CT,F,1941,Elsie,16
CT,F,1941,Julia,16
CT,F,1941,Victoria,16
CT,F,1941,Beatrice,15
CT,F,1941,Charlene,15
CT,F,1941,Ethel,15
CT,F,1941,Faith,15
CT,F,1941,Marguerite,15
CT,F,1941,Maria,15
CT,F,1941,Penelope,15
CT,F,1941,Sara,15
CT,F,1941,Agnes,14
CT,F,1941,Edna,14
CT,F,1941,Leslie,14
CT,F,1941,Bette,13
CT,F,1941,Emily,13
CT,F,1941,Gertrude,13
CT,F,1941,Helene,13
CT,F,1941,Susanne,13
CT,F,1941,Claudia,12
CT,F,1941,Dale,12
CT,F,1941,Julie,12
CT,F,1941,Leona,12
CT,F,1941,Maryjane,12
CT,F,1941,Regina,12
CT,F,1941,Sue,12
CT,F,1941,Veronica,12
CT,F,1941,Winifred,12
CT,F,1941,Andrea,11
CT,F,1941,Dawn,11
CT,F,1941,Denise,11
CT,F,1941,Gretchen,11
CT,F,1941,Laurel,11
CT,F,1941,Lynda,11
CT,F,1941,Rosalind,11
CT,F,1941,Annmarie,10
CT,F,1941,Carolann,10
CT,F,1941,Elinor,10
CT,F,1941,Esther,10
CT,F,1941,Genevieve,10
CT,F,1941,Georgia,10
CT,F,1941,Kay,10
CT,F,1941,Maryanne,10
CT,F,1941,Adrienne,9
CT,F,1941,Alicia,9
CT,F,1941,Camille,9
CT,F,1941,Connie,9
CT,F,1941,Cornelia,9
CT,F,1941,Gale,9
CT,F,1941,Joanna,9
CT,F,1941,Lenore,9
CT,F,1941,Margo,9
CT,F,1941,Rosanne,9
CT,F,1941,Stephanie,9
CT,F,1941,Teresa,9
CT,F,1941,Therese,9
CT,F,1941,Wendy,9
CT,F,1941,Yvonne,9
CT,F,1941,Alberta,8
CT,F,1941,Colleen,8
CT,F,1941,Darlene,8
CT,F,1941,Dorothea,8
CT,F,1941,Fern,8
CT,F,1941,Hazel,8
CT,F,1941,Jacquelyn,8
CT,F,1941,Jo,8
CT,F,1941,Johanna,8
CT,F,1941,Joy,8
CT,F,1941,Maxine,8
CT,F,1941,Myrna,8
CT,F,1941,Natalie,8
CT,F,1941,Rachel,8
CT,F,1941,Roseann,8
CT,F,1941,Terry,8
CT,F,1941,Amelia,7
CT,F,1941,Bernadette,7
CT,F,1941,Beth,7
CT,F,1941,Blanche,7
CT,F,1941,Carmela,7
CT,F,1941,Cecilia,7
CT,F,1941,Deanna,7
CT,F,1941,Delores,7
CT,F,1941,Ella,7
CT,F,1941,Holly,7
CT,F,1941,Justine,7
CT,F,1941,Margery,7
CT,F,1941,Marsha,7
CT,F,1941,Maryellen,7
CT,F,1941,Melinda,7
CT,F,1941,Pearl,7
CT,F,1941,Adele,6
CT,F,1941,Arleen,6
CT,F,1941,Bertha,6
CT,F,1941,Bonita,6
CT,F,1941,Carolee,6
CT,F,1941,Doreen,6
CT,F,1941,Emma,6
CT,F,1941,Eva,6
CT,F,1941,Gayle,6
CT,F,1941,Georgianna,6
CT,F,1941,Helena,6
CT,F,1941,Ida,6
CT,F,1941,Juanita,6
CT,F,1941,Lee,6
CT,F,1941,Lena,6
CT,F,1941,Lorna,6
CT,F,1941,Lydia,6
CT,F,1941,Madelyn,6
CT,F,1941,Miriam,6
CT,F,1941,Monica,6
CT,F,1941,Pat,6
CT,F,1941,Rebecca,6
CT,F,1941,Rhoda,6
CT,F,1941,Stella,6
CT,F,1941,Theodora,6
CT,F,1941,Verna,6
CT,F,1941,Alma,5
CT,F,1941,Angelina,5
CT,F,1941,April,5
CT,F,1941,Beverley,5
CT,F,1941,Carmella,5
CT,F,1941,Cathy,5
CT,F,1941,Cecelia,5
CT,F,1941,Charleen,5
CT,F,1941,Cheryl,5
CT,F,1941,Claudette,5
CT,F,1941,Corinne,5
CT,F,1941,Eve,5
CT,F,1941,Gwendolyn,5
CT,F,1941,Heather,5
CT,F,1941,Henrietta,5
CT,F,1941,Iris,5
CT,F,1941,Jennie,5
CT,F,1941,Jennifer,5
CT,F,1941,Jill,5
CT,F,1941,Kathy,5
CT,F,1941,Laurene,5
CT,F,1941,Linnea,5
CT,F,1941,Margot,5
CT,F,1941,Marietta,5
CT,F,1941,Myra,5
CT,F,1941,Naomi,5
CT,F,1941,Penny,5
CT,F,1941,Rochelle,5
CT,F,1941,Sherry,5
CT,F,1941,Simone,5
CT,F,1941,Sophie,5
CT,F,1941,Viola,5
CT,F,1941,Vita,5
CT,F,1942,Patricia,820
CT,F,1942,Barbara,718
CT,F,1942,Mary,581
CT,F,1942,Carol,576
CT,F,1942,Judith,458
CT,F,1942,Joan,411
CT,F,1942,Sandra,380
CT,F,1942,Linda,366
CT,F,1942,Nancy,344
CT,F,1942,Susan,276
CT,F,1942,Elizabeth,239
CT,F,1942,Margaret,235
CT,F,1942,Kathleen,194
CT,F,1942,Diane,192
CT,F,1942,Beverly,185
CT,F,1942,Carolyn,185
CT,F,1942,Joyce,185
CT,F,1942,Gail,172
CT,F,1942,Ann,166
CT,F,1942,Elaine,166
CT,F,1942,Donna,164
CT,F,1942,Janet,161
CT,F,1942,Karen,161
CT,F,1942,Dorothy,159
CT,F,1942,Jean,158
CT,F,1942,Marie,144
CT,F,1942,Virginia,141
CT,F,1942,Carole,140
CT,F,1942,Marilyn,137
CT,F,1942,Joanne,136
CT,F,1942,Frances,131
CT,F,1942,Sharon,131
CT,F,1942,Lorraine,116
CT,F,1942,Shirley,115
CT,F,1942,Ruth,112
CT,F,1942,Helen,103
CT,F,1942,Janice,102
CT,F,1942,Maureen,101
CT,F,1942,Geraldine,98
CT,F,1942,Catherine,97
CT,F,1942,Jane,96
CT,F,1942,Dolores,95
CT,F,1942,Phyllis,95
CT,F,1942,Cynthia,94
CT,F,1942,Jacqueline,94
CT,F,1942,Anne,92
CT,F,1942,Gloria,91
CT,F,1942,Betty,89
CT,F,1942,Sheila,87
CT,F,1942,Ellen,86
CT,F,1942,Maryann,83
CT,F,1942,Bonnie,81
CT,F,1942,Judy,81
CT,F,1942,Alice,78
CT,F,1942,Arlene,77
CT,F,1942,Marjorie,75
CT,F,1942,Roberta,71
CT,F,1942,Theresa,69
CT,F,1942,Lois,68
CT,F,1942,Eileen,67
CT,F,1942,Eleanor,66
CT,F,1942,Joann,66
CT,F,1942,Rosemary,65
CT,F,1942,Irene,63
CT,F,1942,Louise,63
CT,F,1942,Marion,63
CT,F,1942,Lucille,59
CT,F,1942,Rose,59
CT,F,1942,Sally,59
CT,F,1942,Rita,58
CT,F,1942,Katherine,56
CT,F,1942,Martha,55
CT,F,1942,Charlotte,54
CT,F,1942,Marcia,54
CT,F,1942,Doris,53
CT,F,1942,Diana,51
CT,F,1942,Evelyn,51
CT,F,1942,June,48
CT,F,1942,Jeanne,47
CT,F,1942,Josephine,47
CT,F,1942,Pamela,47
CT,F,1942,Priscilla,47
CT,F,1942,Lynn,45
CT,F,1942,Anita,44
CT,F,1942,Paula,44
CT,F,1942,Pauline,44
CT,F,1942,Florence,43
CT,F,1942,Rosemarie,43
CT,F,1942,Christine,42
CT,F,1942,Norma,41
CT,F,1942,Anna,39
CT,F,1942,Kathryn,39
CT,F,1942,Constance,38
CT,F,1942,Suzanne,38
CT,F,1942,Claire,36
CT,F,1942,Marianne,36
CT,F,1942,Grace,35
CT,F,1942,Lillian,35
CT,F,1942,Loretta,35
CT,F,1942,Brenda,33
CT,F,1942,Angela,32
CT,F,1942,Annette,31
CT,F,1942,Marlene,31
CT,F,1942,Victoria,31
CT,F,1942,Andrea,30
CT,F,1942,Regina,30
CT,F,1942,Madeline,29
CT,F,1942,Harriet,28
CT,F,1942,Dianne,27
CT,F,1942,Edith,27
CT,F,1942,Rosalie,27
CT,F,1942,Sylvia,27
CT,F,1942,Lynda,26
CT,F,1942,Lynne,26
CT,F,1942,Valerie,26
CT,F,1942,Audrey,25
CT,F,1942,Deborah,25
CT,F,1942,Mildred,24
CT,F,1942,Sarah,24
CT,F,1942,Wendy,24
CT,F,1942,Caroline,23
CT,F,1942,Julie,23
CT,F,1942,Veronica,23
CT,F,1942,Bernice,22
CT,F,1942,Julia,22
CT,F,1942,Leona,21
CT,F,1942,Marguerite,21
CT,F,1942,Marsha,20
CT,F,1942,Emily,19
CT,F,1942,Jeanette,19
CT,F,1942,Laura,19
CT,F,1942,Antoinette,18
CT,F,1942,Beatrice,18
CT,F,1942,Doreen,18
CT,F,1942,Leslie,18
CT,F,1942,Lucy,18
CT,F,1942,Muriel,18
CT,F,1942,Vivian,18
CT,F,1942,Agnes,17
CT,F,1942,Alberta,17
CT,F,1942,Betsy,17
CT,F,1942,Dawn,17
CT,F,1942,Faith,17
CT,F,1942,Genevieve,17
CT,F,1942,Maryjane,17
CT,F,1942,Charlene,16
CT,F,1942,Gayle,16
CT,F,1942,Jacquelyn,16
CT,F,1942,Sara,16
CT,F,1942,Sue,16
CT,F,1942,Denise,15
CT,F,1942,Helene,15
CT,F,1942,Kathy,15
CT,F,1942,Maria,15
CT,F,1942,Carolann,14
CT,F,1942,Clara,14
CT,F,1942,Dale,14
CT,F,1942,Elsie,14
CT,F,1942,Jeannette,14
CT,F,1942,Jo,14
CT,F,1942,Marian,14
CT,F,1942,Maxine,14
CT,F,1942,Noreen,14
CT,F,1942,Penelope,14
CT,F,1942,Yvonne,14
CT,F,1942,Adele,13
CT,F,1942,Beth,13
CT,F,1942,Carmela,13
CT,F,1942,Gertrude,13
CT,F,1942,Karin,13
CT,F,1942,Lydia,13
CT,F,1942,Maryanne,13
CT,F,1942,Marylou,13
CT,F,1942,Paulette,13
CT,F,1942,Bette,12
CT,F,1942,Carmella,12
CT,F,1942,Gladys,12
CT,F,1942,Hazel,12
CT,F,1942,Johanna,12
CT,F,1942,Rachel,12
CT,F,1942,Rae,12
CT,F,1942,Teresa,12
CT,F,1942,Gale,11
CT,F,1942,Joy,11
CT,F,1942,Lorna,11
CT,F,1942,Pat,11
CT,F,1942,Rosalind,11
CT,F,1942,Sophie,11
CT,F,1942,Stella,11
CT,F,1942,Camille,10
CT,F,1942,Claudia,10
CT,F,1942,Delores,10
CT,F,1942,Dona,10
CT,F,1942,Ethel,10
CT,F,1942,Georgianna,10
CT,F,1942,Gretchen,10
CT,F,1942,Heather,10
CT,F,1942,Maryellen,10
CT,F,1942,Monica,10
CT,F,1942,Natalie,10
CT,F,1942,Peggy,10
CT,F,1942,Penny,10
CT,F,1942,Roseann,10
CT,F,1942,Susanne,10
CT,F,1942,Adrienne,9
CT,F,1942,Angelina,9
CT,F,1942,Bertha,9
CT,F,1942,Cecelia,9
CT,F,1942,Concetta,9
CT,F,1942,Connie,9
CT,F,1942,Dorothea,9
CT,F,1942,Elinor,9
CT,F,1942,Emma,9
CT,F,1942,Eva,9
CT,F,1942,Gay,9
CT,F,1942,Madeleine,9
CT,F,1942,Michele,9
CT,F,1942,Miriam,9
CT,F,1942,Myra,9
CT,F,1942,Renee,9
CT,F,1942,Stephanie,9
CT,F,1942,Therese,9
CT,F,1942,Winifred,9
CT,F,1942,Annmarie,8
CT,F,1942,April,8
CT,F,1942,Arleen,8
CT,F,1942,Beverley,8
CT,F,1942,Cecile,8
CT,F,1942,Darleen,8
CT,F,1942,Darlene,8
CT,F,1942,Eloise,8
CT,F,1942,Ernestine,8
CT,F,1942,Holly,8
CT,F,1942,Ida,8
CT,F,1942,Jill,8
CT,F,1942,Joanna,8
CT,F,1942,Laurel,8
CT,F,1942,Lenora,8
CT,F,1942,Lenore,8
CT,F,1942,Margo,8
CT,F,1942,Myrna,8
CT,F,1942,Rhoda,8
CT,F,1942,Rosanne,8
CT,F,1942,Terry,8
CT,F,1942,Ursula,8
CT,F,1942,Bernadette,7
CT,F,1942,Bonita,7
CT,F,1942,Carla,7
CT,F,1942,Corinne,7
CT,F,1942,Edna,7
CT,F,1942,Edwina,7
CT,F,1942,Ella,7
CT,F,1942,Francine,7
CT,F,1942,Helena,7
CT,F,1942,Jennie,7
CT,F,1942,Jennifer,7
CT,F,1942,Justine,7
CT,F,1942,Kay,7
CT,F,1942,Lee,7
CT,F,1942,Lucia,7
CT,F,1942,Madelaine,7
CT,F,1942,Nora,7
CT,F,1942,Pearl,7
CT,F,1942,Tina,7
CT,F,1942,Alexandra,6
CT,F,1942,Arline,6
CT,F,1942,Carmel,6
CT,F,1942,Cathy,6
CT,F,1942,Clare,6
CT,F,1942,Deanna,6
CT,F,1942,Estelle,6
CT,F,1942,Georgette,6
CT,F,1942,Hope,6
CT,F,1942,Jessie,6
CT,F,1942,Katharine,6
CT,F,1942,Leah,6
CT,F,1942,Margery,6
CT,F,1942,Marilynn,6
CT,F,1942,Olive,6
CT,F,1942,Olivia,6
CT,F,1942,Patsy,6
CT,F,1942,Philomena,6
CT,F,1942,Polly,6
CT,F,1942,Robert,6
CT,F,1942,Rochelle,6
CT,F,1942,Sherrill,6
CT,F,1942,Theodora,6
CT,F,1942,Wilma,6
CT,F,1942,Adelaide,5
CT,F,1942,Alison,5
CT,F,1942,Alyce,5
CT,F,1942,Amelia,5
CT,F,1942,Amy,5
CT,F,1942,Betsey,5
CT,F,1942,Candace,5
CT,F,1942,Carmen,5
CT,F,1942,Carrie,5
CT,F,1942,Celia,5
CT,F,1942,Christina,5
CT,F,1942,Claudette,5
CT,F,1942,Colleen,5
CT,F,1942,Eunice,5
CT,F,1942,Flora,5
CT,F,1942,Georgene,5
CT,F,1942,Georgia,5
CT,F,1942,Gwendolyn,5
CT,F,1942,Henrietta,5
CT,F,1942,Iris,5
CT,F,1942,Jeannie,5
CT,F,1942,Jerilyn,5
CT,F,1942,Juanita,5
CT,F,1942,Lana,5
CT,F,1942,Laurie,5
CT,F,1942,Leila,5
CT,F,1942,Madelyn,5
CT,F,1942,Marjory,5
CT,F,1942,Marybeth,5
CT,F,1942,Melinda,5
CT,F,1942,Merle,5
CT,F,1942,Merrily,5
CT,F,1942,Nina,5
CT,F,1942,Patti,5
CT,F,1942,Sharron,5
CT,F,1942,Thelma,5
CT,F,1942,Wanda,5
CT,F,1942,William,5
CT,F,1943,Patricia,768
CT,F,1943,Barbara,702
CT,F,1943,Carol,591
CT,F,1943,Mary,589
CT,F,1943,Judith,500
CT,F,1943,Linda,475
CT,F,1943,Sandra,395
CT,F,1943,Susan,361
CT,F,1943,Nancy,349
CT,F,1943,Joan,304
CT,F,1943,Elizabeth,259
CT,F,1943,Margaret,253
CT,F,1943,Diane,241
CT,F,1943,Kathleen,238
CT,F,1943,Sharon,234
CT,F,1943,Donna,221
CT,F,1943,Karen,218
CT,F,1943,Joyce,208
CT,F,1943,Janet,202
CT,F,1943,Gail,175
CT,F,1943,Elaine,174
CT,F,1943,Dorothy,173
CT,F,1943,Beverly,166
CT,F,1943,Ann,160
CT,F,1943,Carolyn,155
CT,F,1943,Shirley,151
CT,F,1943,Virginia,142
CT,F,1943,Jean,139
CT,F,1943,Marilyn,136
CT,F,1943,Frances,129
CT,F,1943,Carole,127
CT,F,1943,Janice,124
CT,F,1943,Jane,120
CT,F,1943,Joanne,119
CT,F,1943,Marie,118
CT,F,1943,Maureen,113
CT,F,1943,Judy,106
CT,F,1943,Lorraine,102
CT,F,1943,Phyllis,96
CT,F,1943,Joann,95
CT,F,1943,Pamela,94
CT,F,1943,Betty,93
CT,F,1943,Eileen,93
CT,F,1943,Cynthia,91
CT,F,1943,Catherine,90
CT,F,1943,Lois,90
CT,F,1943,Ruth,90
CT,F,1943,Helen,89
CT,F,1943,Anne,88
CT,F,1943,Geraldine,88
CT,F,1943,Sheila,88
CT,F,1943,Jacqueline,86
CT,F,1943,Theresa,85
CT,F,1943,Rita,82
CT,F,1943,Arlene,81
CT,F,1943,Maryann,81
CT,F,1943,Rosemary,78
CT,F,1943,Alice,77
CT,F,1943,Ellen,77
CT,F,1943,Roberta,77
CT,F,1943,Irene,76
CT,F,1943,Rose,76
CT,F,1943,Bonnie,75
CT,F,1943,Dolores,75
CT,F,1943,Sally,72
CT,F,1943,Gloria,71
CT,F,1943,Marcia,71
CT,F,1943,Katherine,69
CT,F,1943,Louise,69
CT,F,1943,Marion,69
CT,F,1943,Eleanor,63
CT,F,1943,Paula,63
CT,F,1943,Suzanne,62
CT,F,1943,Evelyn,60
CT,F,1943,Jeanne,60
CT,F,1943,Marjorie,60
CT,F,1943,Christine,59
CT,F,1943,Martha,56
CT,F,1943,June,53
CT,F,1943,Lynn,52
CT,F,1943,Pauline,51
CT,F,1943,Diana,50
CT,F,1943,Doris,48
CT,F,1943,Claire,45
CT,F,1943,Lucille,43
CT,F,1943,Charlotte,42
CT,F,1943,Andrea,41
CT,F,1943,Dianne,41
CT,F,1943,Priscilla,40
CT,F,1943,Leslie,39
CT,F,1943,Anita,38
CT,F,1943,Brenda,38
CT,F,1943,Constance,37
CT,F,1943,Kathryn,37
CT,F,1943,Florence,36
CT,F,1943,Angela,35
CT,F,1943,Annette,34
CT,F,1943,Grace,34
CT,F,1943,Harriet,33
CT,F,1943,Marianne,32
CT,F,1943,Rosemarie,32
CT,F,1943,Anna,30
CT,F,1943,Josephine,30
CT,F,1943,Lillian,30
CT,F,1943,Valerie,30
CT,F,1943,Charlene,28
CT,F,1943,Jeanette,28
CT,F,1943,Paulette,28
CT,F,1943,Antoinette,27
CT,F,1943,Cheryl,27
CT,F,1943,Loretta,27
CT,F,1943,Deborah,26
CT,F,1943,Noreen,26
CT,F,1943,Lynne,25
CT,F,1943,Madeline,25
CT,F,1943,Maria,25
CT,F,1943,Sylvia,25
CT,F,1943,Dawn,24
CT,F,1943,Marlene,24
CT,F,1943,Sarah,24
CT,F,1943,Sue,24
CT,F,1943,Claudia,23
CT,F,1943,Edith,23
CT,F,1943,Beatrice,22
CT,F,1943,Caroline,22
CT,F,1943,Regina,22
CT,F,1943,Rosalie,22
CT,F,1943,Audrey,21
CT,F,1943,Bernice,21
CT,F,1943,Faith,21
CT,F,1943,Jeannette,21
CT,F,1943,Marylou,21
CT,F,1943,Connie,20
CT,F,1943,Corinne,20
CT,F,1943,Gayle,20
CT,F,1943,Jo,20
CT,F,1943,Marguerite,20
CT,F,1943,Marsha,20
CT,F,1943,Victoria,20
CT,F,1943,Bernadette,19
CT,F,1943,Esther,19
CT,F,1943,Maryjane,19
CT,F,1943,Michele,19
CT,F,1943,Norma,19
CT,F,1943,Vivian,19
CT,F,1943,Adele,18
CT,F,1943,Gladys,18
CT,F,1943,Laura,18
CT,F,1943,Betsy,17
CT,F,1943,Denise,17
CT,F,1943,Emily,17
CT,F,1943,Julie,17
CT,F,1943,Ruthann,17
CT,F,1943,Darlene,16
CT,F,1943,Holly,16
CT,F,1943,Joy,16
CT,F,1943,Roseann,16
CT,F,1943,Veronica,16
CT,F,1943,Kay,15
CT,F,1943,Maryanne,15
CT,F,1943,Mildred,15
CT,F,1943,Muriel,15
CT,F,1943,Wendy,15
CT,F,1943,Agnes,14
CT,F,1943,Katharine,14
CT,F,1943,Leona,14
CT,F,1943,Lynda,14
CT,F,1943,Marian,14
CT,F,1943,Stephanie,14
CT,F,1943,Susanne,14
CT,F,1943,Arline,13
CT,F,1943,Dale,13
CT,F,1943,Gale,13
CT,F,1943,Joanna,13
CT,F,1943,Julia,13
CT,F,1943,Kathy,13
CT,F,1943,Lucy,13
CT,F,1943,Winifred,13
CT,F,1943,Yvonne,13
CT,F,1943,Elsie,12
CT,F,1943,Lee,12
CT,F,1943,Maryellen,12
CT,F,1943,Natalie,12
CT,F,1943,Penelope,12
CT,F,1943,Penny,12
CT,F,1943,Elinor,11
CT,F,1943,Eva,11
CT,F,1943,Genevieve,11
CT,F,1943,Helene,11
CT,F,1943,Hope,11
CT,F,1943,Margo,11
CT,F,1943,Maxine,11
CT,F,1943,Peggy,11
CT,F,1943,Rosalind,11
CT,F,1943,Sara,11
CT,F,1943,Vera,11
CT,F,1943,Alberta,10
CT,F,1943,Bertha,10
CT,F,1943,Bette,10
CT,F,1943,Cecile,10
CT,F,1943,Cornelia,10
CT,F,1943,Emma,10
CT,F,1943,Francine,10
CT,F,1943,Jacquelyn,10
CT,F,1943,Laurel,10
CT,F,1943,Lenore,10
CT,F,1943,Lydia,10
CT,F,1943,Melanie,10
CT,F,1943,Teresa,10
CT,F,1943,Wilma,10
CT,F,1943,Amelia,9
CT,F,1943,Beth,9
CT,F,1943,Bonita,9
CT,F,1943,Cathy,9
CT,F,1943,Jill,9
CT,F,1943,Sharron,9
CT,F,1943,Alyce,8
CT,F,1943,Annmarie,8
CT,F,1943,Camille,8
CT,F,1943,Carolann,8
CT,F,1943,Carolee,8
CT,F,1943,Cecelia,8
CT,F,1943,Cecilia,8
CT,F,1943,Christina,8
CT,F,1943,Clare,8
CT,F,1943,Deanna,8
CT,F,1943,Delores,8
CT,F,1943,Dorothea,8
CT,F,1943,Georgia,8
CT,F,1943,Gertrude,8
CT,F,1943,Hazel,8
CT,F,1943,Johanna,8
CT,F,1943,Marcella,8
CT,F,1943,Michelle,8
CT,F,1943,Pat,8
CT,F,1943,Rhoda,8
CT,F,1943,Rosalyn,8
CT,F,1943,Sondra,8
CT,F,1943,Terry,8
CT,F,1943,Toni,8
CT,F,1943,Yvette,8
CT,F,1943,Arleen,7
CT,F,1943,Blanche,7
CT,F,1943,Candace,7
CT,F,1943,Carmella,7
CT,F,1943,Clara,7
CT,F,1943,Edna,7
CT,F,1943,Gay,7
CT,F,1943,Heather,7
CT,F,1943,Henrietta,7
CT,F,1943,Jan,7
CT,F,1943,Jeannine,7
CT,F,1943,Lisa,7
CT,F,1943,Lorna,7
CT,F,1943,Margery,7
CT,F,1943,Miriam,7
CT,F,1943,Olivia,7
CT,F,1943,Pearl,7
CT,F,1943,Polly,7
CT,F,1943,Suellen,7
CT,F,1943,Trudy,7
CT,F,1943,Wanda,7
CT,F,1943,Alma,6
CT,F,1943,April,6
CT,F,1943,Celeste,6
CT,F,1943,Celia,6
CT,F,1943,Concetta,6
CT,F,1943,Doreen,6
CT,F,1943,Estelle,6
CT,F,1943,Georgianna,6
CT,F,1943,Gretchen,6
CT,F,1943,Gwen,6
CT,F,1943,Heidi,6
CT,F,1943,Helena,6
CT,F,1943,Janis,6
CT,F,1943,Jayne,6
CT,F,1943,Jennie,6
CT,F,1943,Jennifer,6
CT,F,1943,Justine,6
CT,F,1943,Laraine,6
CT,F,1943,Madelyn,6
CT,F,1943,Marilynn,6
CT,F,1943,Nora,6
CT,F,1943,Rachel,6
CT,F,1943,Rebecca,6
CT,F,1943,Renee,6
CT,F,1943,Sonya,6
CT,F,1943,Theodora,6
CT,F,1943,Adrienne,5
CT,F,1943,Alexis,5
CT,F,1943,Althea,5
CT,F,1943,Angelina,5
CT,F,1943,Claudette,5
CT,F,1943,Dana,5
CT,F,1943,Darleen,5
CT,F,1943,Dona,5
CT,F,1943,Dorene,5
CT,F,1943,Edwina,5
CT,F,1943,Elisabeth,5
CT,F,1943,Ernestine,5
CT,F,1943,Fern,5
CT,F,1943,Gwendolyn,5
CT,F,1943,Ida,5
CT,F,1943,Isabel,5
CT,F,1943,Judi,5
CT,F,1943,Karin,5
CT,F,1943,Leila,5
CT,F,1943,Lenora,5
CT,F,1943,Lola,5
CT,F,1943,Lucinda,5
CT,F,1943,Madeleine,5
CT,F,1943,Melinda,5
CT,F,1943,Naomi,5
CT,F,1943,Rosann,5
CT,F,1943,Sherry,5
CT,F,1943,Therese,5
CT,F,1944,Patricia,622
CT,F,1944,Barbara,606
CT,F,1944,Mary,520
CT,F,1944,Carol,482
CT,F,1944,Linda,413
CT,F,1944,Judith,390
CT,F,1944,Nancy,349
CT,F,1944,Sandra,328
CT,F,1944,Susan,310
CT,F,1944,Joan,258
CT,F,1944,Kathleen,253
CT,F,1944,Donna,242
CT,F,1944,Margaret,237
CT,F,1944,Sharon,234
CT,F,1944,Elizabeth,229
CT,F,1944,Diane,206
CT,F,1944,Karen,200
CT,F,1944,Janet,185
CT,F,1944,Joyce,164
CT,F,1944,Elaine,160
CT,F,1944,Gail,143
CT,F,1944,Ann,136
CT,F,1944,Beverly,136
CT,F,1944,Dorothy,135
CT,F,1944,Marilyn,131
CT,F,1944,Carolyn,127
CT,F,1944,Virginia,124
CT,F,1944,Jean,114
CT,F,1944,Jane,113
CT,F,1944,Marie,113
CT,F,1944,Joanne,110
CT,F,1944,Janice,108
CT,F,1944,Pamela,107
CT,F,1944,Cheryl,104
CT,F,1944,Frances,100
CT,F,1944,Carole,94
CT,F,1944,Geraldine,92
CT,F,1944,Joann,92
CT,F,1944,Maureen,92
CT,F,1944,Shirley,91
CT,F,1944,Eileen,88
CT,F,1944,Catherine,87
CT,F,1944,Lorraine,86
CT,F,1944,Helen,83
CT,F,1944,Ruth,83
CT,F,1944,Gloria,80
CT,F,1944,Ellen,78
CT,F,1944,Phyllis,78
CT,F,1944,Cynthia,77
CT,F,1944,Maryann,77
CT,F,1944,Theresa,76
CT,F,1944,Anne,73
CT,F,1944,Betty,73
CT,F,1944,Lois,72
CT,F,1944,Christine,71
CT,F,1944,Rita,71
CT,F,1944,Roberta,68
CT,F,1944,Paula,67
CT,F,1944,Martha,66
CT,F,1944,Alice,63
CT,F,1944,Marcia,62
CT,F,1944,Dolores,61
CT,F,1944,Judy,60
CT,F,1944,Sheila,60
CT,F,1944,Katherine,59
CT,F,1944,Rosemary,59
CT,F,1944,Evelyn,57
CT,F,1944,Bonnie,56
CT,F,1944,Jacqueline,56
CT,F,1944,Arlene,55
CT,F,1944,Lynn,55
CT,F,1944,Sally,55
CT,F,1944,Diana,52
CT,F,1944,Irene,49
CT,F,1944,Marjorie,49
CT,F,1944,Andrea,48
CT,F,1944,Jeanne,48
CT,F,1944,Marion,48
CT,F,1944,Rose,48
CT,F,1944,Louise,47
CT,F,1944,Suzanne,46
CT,F,1944,Doris,45
CT,F,1944,Constance,44
CT,F,1944,Kathryn,42
CT,F,1944,Charlotte,39
CT,F,1944,Eleanor,39
CT,F,1944,Claire,38
CT,F,1944,June,38
CT,F,1944,Lucille,38
CT,F,1944,Priscilla,37
CT,F,1944,Deborah,36
CT,F,1944,Marlene,36
CT,F,1944,Dianne,35
CT,F,1944,Brenda,32
CT,F,1944,Josephine,31
CT,F,1944,Leslie,31
CT,F,1944,Michele,29
CT,F,1944,Anita,27
CT,F,1944,Laura,27
CT,F,1944,Maria,27
CT,F,1944,Rosemarie,27
CT,F,1944,Valerie,27
CT,F,1944,Caroline,26
CT,F,1944,Grace,26
CT,F,1944,Madeline,26
CT,F,1944,Antoinette,25
CT,F,1944,Edith,25
CT,F,1944,Lynne,25
CT,F,1944,Dale,24
CT,F,1944,Rosalie,24
CT,F,1944,Sylvia,24
CT,F,1944,Anna,23
CT,F,1944,Bernadette,23
CT,F,1944,Faith,23
CT,F,1944,Mildred,23
CT,F,1944,Sarah,23
CT,F,1944,Florence,22
CT,F,1944,Loretta,22
CT,F,1944,Marsha,22
CT,F,1944,Annette,21
CT,F,1944,Charlene,21
CT,F,1944,Lillian,21
CT,F,1944,Lynda,21
CT,F,1944,Marianne,21
CT,F,1944,Pauline,21
CT,F,1944,Penelope,21
CT,F,1944,Victoria,21
CT,F,1944,Vivian,21
CT,F,1944,Angela,20
CT,F,1944,Harriet,20
CT,F,1944,Jeanette,20
CT,F,1944,Jeannette,20
CT,F,1944,Jo,20
CT,F,1944,Julia,20
CT,F,1944,Maryellen,20
CT,F,1944,Norma,20
CT,F,1944,Audrey,19
CT,F,1944,Claudia,19
CT,F,1944,Darlene,19
CT,F,1944,Kathy,18
CT,F,1944,Regina,18
CT,F,1944,Georgia,17
CT,F,1944,Jacquelyn,17
CT,F,1944,Alberta,16
CT,F,1944,Betsy,16
CT,F,1944,Edna,16
CT,F,1944,Gertrude,16
CT,F,1944,Lucy,16
CT,F,1944,Maryjane,16
CT,F,1944,Noreen,16
CT,F,1944,Stephanie,16
CT,F,1944,Veronica,16
CT,F,1944,Bette,15
CT,F,1944,Camille,15
CT,F,1944,Dawn,15
CT,F,1944,Arline,14
CT,F,1944,Doreen,14
CT,F,1944,Jill,14
CT,F,1944,Beatrice,13
CT,F,1944,Julie,13
CT,F,1944,Paulette,13
CT,F,1944,Penny,13
CT,F,1944,Sue,13
CT,F,1944,Teresa,13
CT,F,1944,Toni,13
CT,F,1944,Winifred,13
CT,F,1944,Bernice,12
CT,F,1944,Beth,12
CT,F,1944,Bonita,12
CT,F,1944,Cathy,12
CT,F,1944,Christina,12
CT,F,1944,Genevieve,12
CT,F,1944,Ingrid,12
CT,F,1944,Lenore,12
CT,F,1944,Marguerite,12
CT,F,1944,Maryanne,12
CT,F,1944,Peggy,12
CT,F,1944,Susanne,12
CT,F,1944,Amy,11
CT,F,1944,Gale,11
CT,F,1944,Joy,11
CT,F,1944,Laurel,11
CT,F,1944,Yvonne,11
CT,F,1944,Connie,10
CT,F,1944,Delores,10
CT,F,1944,Elinor,10
CT,F,1944,Lee,10
CT,F,1944,Pat,10
CT,F,1944,Sherry,10
CT,F,1944,Wendy,10
CT,F,1944,Adele,9
CT,F,1944,Alexandra,9
CT,F,1944,Carolann,9
CT,F,1944,Deanna,9
CT,F,1944,Denise,9
CT,F,1944,Emily,9
CT,F,1944,Esther,9
CT,F,1944,Ethel,9
CT,F,1944,Gayle,9
CT,F,1944,Georgianna,9
CT,F,1944,Gladys,9
CT,F,1944,Lucinda,9
CT,F,1944,Lydia,9
CT,F,1944,Marian,9
CT,F,1944,Marylou,9
CT,F,1944,Muriel,9
CT,F,1944,Sara,9
CT,F,1944,Adrienne,8
CT,F,1944,Agnes,8
CT,F,1944,Cecelia,8
CT,F,1944,Cecile,8
CT,F,1944,Clare,8
CT,F,1944,Dianna,8
CT,F,1944,Edwina,8
CT,F,1944,Francine,8
CT,F,1944,Hilda,8
CT,F,1944,Jennifer,8
CT,F,1944,Johanna,8
CT,F,1944,Karin,8
CT,F,1944,Laurie,8
CT,F,1944,Marcella,8
CT,F,1944,Meredith,8
CT,F,1944,Miriam,8
CT,F,1944,Rachel,8
CT,F,1944,Sharyn,8
CT,F,1944,Stella,8
CT,F,1944,Viola,8
CT,F,1944,Wanda,8
CT,F,1944,Bertha,7
CT,F,1944,Carolee,7
CT,F,1944,Cathleen,7
CT,F,1944,Colleen,7
CT,F,1944,Corinne,7
CT,F,1944,Dana,7
CT,F,1944,Georgette,7
CT,F,1944,Gretchen,7
CT,F,1944,Gwendolyn,7
CT,F,1944,Hazel,7
CT,F,1944,Helene,7
CT,F,1944,Juanita,7
CT,F,1944,Kay,7
CT,F,1944,Margery,7
CT,F,1944,Margo,7
CT,F,1944,Maxine,7
CT,F,1944,Naomi,7
CT,F,1944,Natalie,7
CT,F,1944,Nina,7
CT,F,1944,Olivia,7
CT,F,1944,Rebecca,7
CT,F,1944,Renee,7
CT,F,1944,Rosanne,7
CT,F,1944,Annmarie,6
CT,F,1944,Arleen,6
CT,F,1944,Candace,6
CT,F,1944,Clara,6
CT,F,1944,Elsa,6
CT,F,1944,Jackie,6
CT,F,1944,Jeannine,6
CT,F,1944,Jennie,6
CT,F,1944,Jessie,6
CT,F,1944,Joanna,6
CT,F,1944,Leona,6
CT,F,1944,Madeleine,6
CT,F,1944,Madelyn,6
CT,F,1944,Marilynn,6
CT,F,1944,Monica,6
CT,F,1944,Rhoda,6
CT,F,1944,Robin,6
CT,F,1944,Rosalind,6
CT,F,1944,Roseann,6
CT,F,1944,Sharron,6
CT,F,1944,Susie,6
CT,F,1944,Terry,6
CT,F,1944,Trudy,6
CT,F,1944,Verna,6
CT,F,1944,Carlene,5
CT,F,1944,Carmella,5
CT,F,1944,Cassandra,5
CT,F,1944,Claudette,5
CT,F,1944,Dora,5
CT,F,1944,Elise,5
CT,F,1944,Elsie,5
CT,F,1944,Emma,5
CT,F,1944,Ernestine,5
CT,F,1944,Eugenia,5
CT,F,1944,Eunice,5
CT,F,1944,Eva,5
CT,F,1944,Gay,5
CT,F,1944,Heidi,5
CT,F,1944,Holly,5
CT,F,1944,Judie,5
CT,F,1944,Katharine,5
CT,F,1944,Kristine,5
CT,F,1944,Myra,5
CT,F,1944,Nadine,5
CT,F,1944,Nora,5
CT,F,1944,Patti,5
CT,F,1944,Ramona,5
CT,F,1944,Ruby,5
CT,F,1944,Ruthann,5
CT,F,1944,Shelley,5
CT,F,1944,Sherrill,5
CT,F,1944,Sheryl,5
CT,F,1944,Sonia,5
CT,F,1944,Sonja,5
CT,F,1945,Patricia,594
CT,F,1945,Barbara,567
CT,F,1945,Mary,532
CT,F,1945,Carol,503
CT,F,1945,Linda,415
CT,F,1945,Judith,379
CT,F,1945,Susan,360
CT,F,1945,Sandra,354
CT,F,1945,Nancy,305
CT,F,1945,Kathleen,271
CT,F,1945,Donna,249
CT,F,1945,Joan,246
CT,F,1945,Karen,235
CT,F,1945,Elizabeth,223
CT,F,1945,Diane,221
CT,F,1945,Sharon,219
CT,F,1945,Margaret,212
CT,F,1945,Janet,206
CT,F,1945,Gail,156
CT,F,1945,Joyce,146
CT,F,1945,Janice,144
CT,F,1945,Jean,133
CT,F,1945,Frances,132
CT,F,1945,Elaine,130
CT,F,1945,Jane,122
CT,F,1945,Marilyn,118
CT,F,1945,Beverly,116
CT,F,1945,Ann,114
CT,F,1945,Pamela,108
CT,F,1945,Virginia,108
CT,F,1945,Shirley,102
CT,F,1945,Dorothy,99
CT,F,1945,Carolyn,98
CT,F,1945,Marie,96
CT,F,1945,Lorraine,95
CT,F,1945,Maureen,91
CT,F,1945,Gloria,90
CT,F,1945,Joanne,89
CT,F,1945,Cheryl,87
CT,F,1945,Ruth,82
CT,F,1945,Carole,81
CT,F,1945,Eileen,81
CT,F,1945,Ellen,81
CT,F,1945,Cynthia,79
CT,F,1945,Maryann,78
CT,F,1945,Betty,77
CT,F,1945,Paula,76
CT,F,1945,Judy,75
CT,F,1945,Geraldine,74
CT,F,1945,Bonnie,71
CT,F,1945,Catherine,71
CT,F,1945,Jacqueline,71
CT,F,1945,Roberta,71
CT,F,1945,Anne,69
CT,F,1945,Jeanne,69
CT,F,1945,Lynn,68
CT,F,1945,Christine,66
CT,F,1945,Diana,66
CT,F,1945,Joann,65
CT,F,1945,Theresa,64
CT,F,1945,Alice,63
CT,F,1945,Phyllis,63
CT,F,1945,Rosemary,62
CT,F,1945,Sally,61
CT,F,1945,Helen,58
CT,F,1945,Marcia,57
CT,F,1945,Sheila,57
CT,F,1945,Suzanne,57
CT,F,1945,Rita,53
CT,F,1945,Katherine,52
CT,F,1945,Rose,52
CT,F,1945,Deborah,51
CT,F,1945,Louise,51
CT,F,1945,Lois,50
CT,F,1945,Marjorie,50
CT,F,1945,Martha,49
CT,F,1945,Charlotte,46
CT,F,1945,Andrea,45
CT,F,1945,Arlene,45
CT,F,1945,Leslie,45
CT,F,1945,Victoria,45
CT,F,1945,Irene,44
CT,F,1945,Dolores,43
CT,F,1945,June,43
CT,F,1945,Kathryn,43
CT,F,1945,Evelyn,40
CT,F,1945,Lynne,39
CT,F,1945,Marion,38
CT,F,1945,Marlene,38
CT,F,1945,Eleanor,36
CT,F,1945,Laura,36
CT,F,1945,Dianne,35
CT,F,1945,Lucille,35
CT,F,1945,Constance,32
CT,F,1945,Doris,32
CT,F,1945,Anita,31
CT,F,1945,Brenda,31
CT,F,1945,Claire,31
CT,F,1945,Lillian,31
CT,F,1945,Charlene,30
CT,F,1945,Claudia,30
CT,F,1945,Michele,30
CT,F,1945,Rosemarie,29
CT,F,1945,Angela,28
CT,F,1945,Jo,28
CT,F,1945,Noreen,28
CT,F,1945,Pauline,28
CT,F,1945,Priscilla,28
CT,F,1945,Anna,27
CT,F,1945,Josephine,27
CT,F,1945,Marianne,27
CT,F,1945,Valerie,27
CT,F,1945,Darlene,26
CT,F,1945,Kathy,25
CT,F,1945,Bernadette,24
CT,F,1945,Florence,24
CT,F,1945,Grace,24
CT,F,1945,Sarah,24
CT,F,1945,Betsy,23
CT,F,1945,Regina,23
CT,F,1945,Audrey,22
CT,F,1945,Lynda,22
CT,F,1945,Maria,22
CT,F,1945,Vivian,22
CT,F,1945,Wendy,22
CT,F,1945,Denise,21
CT,F,1945,Gayle,21
CT,F,1945,Marsha,21
CT,F,1945,Rosalie,21
CT,F,1945,Esther,20
CT,F,1945,Loretta,20
CT,F,1945,Beatrice,19
CT,F,1945,Doreen,19
CT,F,1945,Lucy,19
CT,F,1945,Norma,19
CT,F,1945,Peggy,19
CT,F,1945,Teresa,19
CT,F,1945,Toni,19
CT,F,1945,Annette,18
CT,F,1945,Edith,18
CT,F,1945,Harriet,18
CT,F,1945,Marian,18
CT,F,1945,Sharyn,17
CT,F,1945,Sylvia,17
CT,F,1945,Antoinette,16
CT,F,1945,Dale,16
CT,F,1945,Francine,16
CT,F,1945,Holly,16
CT,F,1945,Jennifer,16
CT,F,1945,Laurie,16
CT,F,1945,Lee,16
CT,F,1945,Rebecca,16
CT,F,1945,Sue,16
CT,F,1945,Candace,15
CT,F,1945,Jeanette,15
CT,F,1945,Marguerite,15
CT,F,1945,Muriel,14
CT,F,1945,Paulette,14
CT,F,1945,Joy,13
CT,F,1945,Lauren,13
CT,F,1945,Agnes,12
CT,F,1945,Bernice,12
CT,F,1945,Caroline,12
CT,F,1945,Janis,12
CT,F,1945,Julie,12
CT,F,1945,Penny,12
CT,F,1945,Yvonne,12
CT,F,1945,Alberta,11
CT,F,1945,Ethel,11
CT,F,1945,Faith,11
CT,F,1945,Gladys,11
CT,F,1945,Jill,11
CT,F,1945,Leona,11
CT,F,1945,Mildred,11
CT,F,1945,Nina,11
CT,F,1945,Sara,11
CT,F,1945,Stephanie,11
CT,F,1945,Adele,10
CT,F,1945,Carolann,10
CT,F,1945,Cathy,10
CT,F,1945,Cecelia,10
CT,F,1945,Christina,10
CT,F,1945,Dawn,10
CT,F,1945,Georgia,10
CT,F,1945,Jeannette,10
CT,F,1945,Julia,10
CT,F,1945,Katharine,10
CT,F,1945,Lenore,10
CT,F,1945,Madeline,10
CT,F,1945,Veronica,10
CT,F,1945,Arline,9
CT,F,1945,Beth,9
CT,F,1945,Blanche,9
CT,F,1945,Gertrude,9
CT,F,1945,Karin,9
CT,F,1945,Laurel,9
CT,F,1945,Maryanne,9
CT,F,1945,Maryellen,9
CT,F,1945,Maryjane,9
CT,F,1945,Maxine,9
CT,F,1945,Roseann,9
CT,F,1945,Sherry,9
CT,F,1945,Stella,9
CT,F,1945,Theodora,9
CT,F,1945,Annmarie,8
CT,F,1945,Bette,8
CT,F,1945,Bonita,8
CT,F,1945,Clare,8
CT,F,1945,Debra,8
CT,F,1945,Delores,8
CT,F,1945,Edna,8
CT,F,1945,Eloise,8
CT,F,1945,Elsie,8
CT,F,1945,Emily,8
CT,F,1945,Gale,8
CT,F,1945,Genevieve,8
CT,F,1945,Helene,8
CT,F,1945,Ingrid,8
CT,F,1945,Judi,8
CT,F,1945,Justine,8
CT,F,1945,Margo,8
CT,F,1945,Natalie,8
CT,F,1945,Pat,8
CT,F,1945,Robin,8
CT,F,1945,Sheryl,8
CT,F,1945,Susanne,8
CT,F,1945,Thelma,8
CT,F,1945,Alma,7
CT,F,1945,Amelia,7
CT,F,1945,Camille,7
CT,F,1945,Carmela,7
CT,F,1945,Celeste,7
CT,F,1945,Hope,7
CT,F,1945,Laureen,7
CT,F,1945,Lydia,7
CT,F,1945,Marylou,7
CT,F,1945,Penelope,7
CT,F,1945,Rachel,7
CT,F,1945,Tina,7
CT,F,1945,Trudy,7
CT,F,1945,Alexandra,6
CT,F,1945,Carrie,6
CT,F,1945,Colleen,6
CT,F,1945,Deirdre,6
CT,F,1945,Elisabeth,6
CT,F,1945,Emma,6
CT,F,1945,Eunice,6
CT,F,1945,Georgette,6
CT,F,1945,Gretchen,6
CT,F,1945,Gwen,6
CT,F,1945,Jan,6
CT,F,1945,Laraine,6
CT,F,1945,Lesley,6
CT,F,1945,Loraine,6
CT,F,1945,Melinda,6
CT,F,1945,Nora,6
CT,F,1945,Olive,6
CT,F,1945,Patti,6
CT,F,1945,Renee,6
CT,F,1945,Robert,6
CT,F,1945,Rosanne,6
CT,F,1945,Roxanne,6
CT,F,1945,Ruthann,6
CT,F,1945,Terry,6
CT,F,1945,Therese,6
CT,F,1945,Alison,5
CT,F,1945,Billie,5
CT,F,1945,Cecilia,5
CT,F,1945,Corinne,5
CT,F,1945,Dana,5
CT,F,1945,Deanna,5
CT,F,1945,Dorothea,5
CT,F,1945,Edwina,5
CT,F,1945,Eva,5
CT,F,1945,Gay,5
CT,F,1945,Hazel,5
CT,F,1945,Inez,5
CT,F,1945,Iris,5
CT,F,1945,Jacquelyn,5
CT,F,1945,Janie,5
CT,F,1945,Jayne,5
CT,F,1945,Jeri,5
CT,F,1945,Johanna,5
CT,F,1945,Juanita,5
CT,F,1945,Kay,5
CT,F,1945,Lana,5
CT,F,1945,Laurene,5
CT,F,1945,Lenora,5
CT,F,1945,Maribeth,5
CT,F,1945,Melanie,5
CT,F,1945,Melissa,5
CT,F,1945,Michelle,5
CT,F,1945,Miriam,5
CT,F,1945,Monica,5
CT,F,1945,Myra,5
CT,F,1945,Pearl,5
CT,F,1945,Rosalyn,5
CT,F,1945,Sharron,5
CT,F,1945,Shelley,5
CT,F,1945,Terri,5
CT,F,1945,Vicki,5
CT,F,1946,Patricia,779
CT,F,1946,Barbara,670
CT,F,1946,Mary,643
CT,F,1946,Linda,564
CT,F,1946,Carol,563
CT,F,1946,Susan,559
CT,F,1946,Nancy,425
CT,F,1946,Sandra,414
CT,F,1946,Judith,398
CT,F,1946,Kathleen,379
CT,F,1946,Sharon,317
CT,F,1946,Diane,310
CT,F,1946,Donna,299
CT,F,1946,Karen,284
CT,F,1946,Elizabeth,260
CT,F,1946,Margaret,246
CT,F,1946,Joan,244
CT,F,1946,Janet,208
CT,F,1946,Janice,170
CT,F,1946,Gail,169
CT,F,1946,Joyce,168
CT,F,1946,Jane,164
CT,F,1946,Cheryl,161
CT,F,1946,Ann,156
CT,F,1946,Beverly,154
CT,F,1946,Pamela,154
CT,F,1946,Marilyn,151
CT,F,1946,Elaine,148
CT,F,1946,Cynthia,145
CT,F,1946,Jean,143
CT,F,1946,Virginia,142
CT,F,1946,Dorothy,128
CT,F,1946,Carolyn,123
CT,F,1946,Maureen,123
CT,F,1946,Ellen,122
CT,F,1946,Frances,117
CT,F,1946,Lorraine,115
CT,F,1946,Joanne,113
CT,F,1946,Shirley,113
CT,F,1946,Christine,111
CT,F,1946,Catherine,107
CT,F,1946,Marie,107
CT,F,1946,Eileen,104
CT,F,1946,Anne,98
CT,F,1946,Lynn,93
CT,F,1946,Ruth,93
CT,F,1946,Suzanne,93
CT,F,1946,Betty,90
CT,F,1946,Judy,90
CT,F,1946,Sheila,89
CT,F,1946,Rosemary,87
CT,F,1946,Bonnie,85
CT,F,1946,Geraldine,85
CT,F,1946,Marcia,85
CT,F,1946,Helen,84
CT,F,1946,Gloria,83
CT,F,1946,Phyllis,83
CT,F,1946,Lois,82
CT,F,1946,Jacqueline,75
CT,F,1946,Paula,75
CT,F,1946,Deborah,73
CT,F,1946,Martha,72
CT,F,1946,Roberta,72
CT,F,1946,Katherine,71
CT,F,1946,Louise,71
CT,F,1946,Theresa,70
CT,F,1946,Alice,67
CT,F,1946,Arlene,67
CT,F,1946,Joann,67
CT,F,1946,Maryann,66
CT,F,1946,Diana,65
CT,F,1946,Rita,65
CT,F,1946,Carole,62
CT,F,1946,Jeanne,62
CT,F,1946,Kathryn,61
CT,F,1946,Laura,61
CT,F,1946,Andrea,58
CT,F,1946,Marjorie,58
CT,F,1946,Rose,58
CT,F,1946,Lucille,57
CT,F,1946,Doris,51
CT,F,1946,Sally,51
CT,F,1946,Claudia,48
CT,F,1946,Dianne,48
CT,F,1946,Irene,48
CT,F,1946,Charlotte,47
CT,F,1946,Doreen,46
CT,F,1946,Dolores,45
CT,F,1946,Anita,43
CT,F,1946,Leslie,43
CT,F,1946,Eleanor,41
CT,F,1946,Evelyn,41
CT,F,1946,June,41
CT,F,1946,Marion,41
CT,F,1946,Jo,40
CT,F,1946,Claire,37
CT,F,1946,Kathy,36
CT,F,1946,Marianne,35
CT,F,1946,Darlene,34
CT,F,1946,Denise,34
CT,F,1946,Marsha,34
CT,F,1946,Rosemarie,34
CT,F,1946,Anna,33
CT,F,1946,Angela,32
CT,F,1946,Josephine,32
CT,F,1946,Lynne,32
CT,F,1946,Charlene,31
CT,F,1946,Marlene,31
CT,F,1946,Valerie,31
CT,F,1946,Brenda,30
CT,F,1946,Constance,30
CT,F,1946,Priscilla,30
CT,F,1946,Victoria,30
CT,F,1946,Loretta,29
CT,F,1946,Pauline,29
CT,F,1946,Audrey,28
CT,F,1946,Candace,28
CT,F,1946,Florence,27
CT,F,1946,Michele,27
CT,F,1946,Rosalie,26
CT,F,1946,Marguerite,25
CT,F,1946,Sarah,25
CT,F,1946,Francine,24
CT,F,1946,Betsy,23
CT,F,1946,Grace,23
CT,F,1946,Norma,23
CT,F,1946,Paulette,23
CT,F,1946,Sylvia,23
CT,F,1946,Vivian,23
CT,F,1946,Annette,22
CT,F,1946,Caroline,22
CT,F,1946,Jennifer,22
CT,F,1946,Lynda,22
CT,F,1946,Sara,22
CT,F,1946,Lillian,21
CT,F,1946,Michelle,21
CT,F,1946,Harriet,20
CT,F,1946,Holly,20
CT,F,1946,Janis,20
CT,F,1946,Jill,20
CT,F,1946,Julie,20
CT,F,1946,Laurie,20
CT,F,1946,Lucy,20
CT,F,1946,Peggy,20
CT,F,1946,Regina,20
CT,F,1946,Susanne,20
CT,F,1946,Teresa,20
CT,F,1946,Cathy,19
CT,F,1946,Dale,19
CT,F,1946,Jacquelyn,19
CT,F,1946,Maryellen,19
CT,F,1946,Sherry,19
CT,F,1946,Sue,19
CT,F,1946,Veronica,19
CT,F,1946,Wendy,19
CT,F,1946,Bernadette,18
CT,F,1946,Beth,18
CT,F,1946,Gayle,18
CT,F,1946,Georgia,18
CT,F,1946,Jeannette,18
CT,F,1946,Lee,18
CT,F,1946,Maria,18
CT,F,1946,Edith,17
CT,F,1946,Esther,17
CT,F,1946,Lauren,17
CT,F,1946,Mildred,17
CT,F,1946,Noreen,17
CT,F,1946,Sharyn,17
CT,F,1946,Jeanette,16
CT,F,1946,Stephanie,16
CT,F,1946,Toni,16
CT,F,1946,Adrienne,15
CT,F,1946,Juanita,15
CT,F,1946,Julia,15
CT,F,1946,Maryanne,15
CT,F,1946,Maxine,15
CT,F,1946,Alberta,14
CT,F,1946,Beatrice,14
CT,F,1946,Dawn,14
CT,F,1946,Lenore,14
CT,F,1946,Lydia,14
CT,F,1946,Marylou,14
CT,F,1946,Yvonne,14
CT,F,1946,Annmarie,13
CT,F,1946,Bette,13
CT,F,1946,Emily,13
CT,F,1946,Laurel,13
CT,F,1946,Muriel,13
CT,F,1946,Rebecca,13
CT,F,1946,Robin,13
CT,F,1946,Bonita,12
CT,F,1946,Carolann,12
CT,F,1946,Edna,12
CT,F,1946,Faith,12
CT,F,1946,Marian,12
CT,F,1946,Roseann,12
CT,F,1946,Sheryl,12
CT,F,1946,Terry,12
CT,F,1946,Agnes,11
CT,F,1946,Bernice,11
CT,F,1946,Corinne,11
CT,F,1946,Ethel,11
CT,F,1946,Gladys,11
CT,F,1946,Helene,11
CT,F,1946,Joanna,11
CT,F,1946,Katharine,11
CT,F,1946,Madelyn,11
CT,F,1946,Nina,11
CT,F,1946,Alison,10
CT,F,1946,Arline,10
CT,F,1946,Clara,10
CT,F,1946,Delores,10
CT,F,1946,Elena,10
CT,F,1946,Elsie,10
CT,F,1946,Gale,10
CT,F,1946,Jan,10
CT,F,1946,Jayne,10
CT,F,1946,Jennie,10
CT,F,1946,Judi,10
CT,F,1946,Lyn,10
CT,F,1946,Melanie,10
CT,F,1946,Penelope,10
CT,F,1946,Penny,10
CT,F,1946,Rae,10
CT,F,1946,Rosalind,10
CT,F,1946,Rosanne,10
CT,F,1946,Winifred,10
CT,F,1946,Amelia,9
CT,F,1946,Antoinette,9
CT,F,1946,Carla,9
CT,F,1946,Cathleen,9
CT,F,1946,Christina,9
CT,F,1946,Deanna,9
CT,F,1946,Dianna,9
CT,F,1946,Edwina,9
CT,F,1946,Joy,9
CT,F,1946,Leona,9
CT,F,1946,Lesley,9
CT,F,1946,Lorna,9
CT,F,1946,Marcella,9
CT,F,1946,Maryjane,9
CT,F,1946,Natalie,9
CT,F,1946,Pat,9
CT,F,1946,Patti,9
CT,F,1946,Vicki,9
CT,F,1946,Adele,8
CT,F,1946,Alexandra,8
CT,F,1946,Camille,8
CT,F,1946,Cecelia,8
CT,F,1946,Gay,8
CT,F,1946,Gwendolyn,8
CT,F,1946,Hope,8
CT,F,1946,Ingrid,8
CT,F,1946,Kristine,8
CT,F,1946,Lisa,8
CT,F,1946,Madeline,8
CT,F,1946,Melody,8
CT,F,1946,Meredith,8
CT,F,1946,Miriam,8
CT,F,1946,Wanda,8
CT,F,1946,Alyce,7
CT,F,1946,Candy,7
CT,F,1946,Cecile,7
CT,F,1946,Corrine,7
CT,F,1946,Dana,7
CT,F,1946,Emma,7
CT,F,1946,Eva,7
CT,F,1946,Georgette,7
CT,F,1946,Gretchen,7
CT,F,1946,Leigh,7
CT,F,1946,Monica,7
CT,F,1946,Nora,7
CT,F,1946,Rachel,7
CT,F,1946,Violet,7
CT,F,1946,Alicia,6
CT,F,1946,Alma,6
CT,F,1946,Althea,6
CT,F,1946,Arleen,6
CT,F,1946,Carmella,6
CT,F,1946,Celeste,6
CT,F,1946,Connie,6
CT,F,1946,Debra,6
CT,F,1946,Enid,6
CT,F,1946,Faye,6
CT,F,1946,Flora,6
CT,F,1946,Genevieve,6
CT,F,1946,Gertrude,6
CT,F,1946,Gwen,6
CT,F,1946,Hazel,6
CT,F,1946,Heidi,6
CT,F,1946,Jeannine,6
CT,F,1946,John,6
CT,F,1946,Linnea,6
CT,F,1946,Margo,6
CT,F,1946,Mariann,6
CT,F,1946,Melissa,6
CT,F,1946,Myrna,6
CT,F,1946,Roxanne,6
CT,F,1946,Ruby,6
CT,F,1946,Ruthann,6
CT,F,1946,Theodora,6
CT,F,1946,Tina,6
CT,F,1946,Alexis,5
CT,F,1946,Aline,5
CT,F,1946,Aurelia,5
CT,F,1946,Betsey,5
CT,F,1946,Caren,5
CT,F,1946,Carlene,5
CT,F,1946,Clare,5
CT,F,1946,Deirdre,5
CT,F,1946,Dona,5
CT,F,1946,Dora,5
CT,F,1946,Dorene,5
CT,F,1946,Estelle,5
CT,F,1946,Georgianna,5
CT,F,1946,Harriett,5
CT,F,1946,Ilona,5
CT,F,1946,Isabel,5
CT,F,1946,Johanna,5
CT,F,1946,Justine,5
CT,F,1946,Kathie,5
CT,F,1946,Kay,5
CT,F,1946,Laureen,5
CT,F,1946,Leah,5
CT,F,1946,Lena,5
CT,F,1946,Margery,5
CT,F,1946,Margie,5
CT,F,1946,Marietta,5
CT,F,1946,Myra,5
CT,F,1946,Nadine,5
CT,F,1946,Pearl,5
CT,F,1946,Renee,5
CT,F,1946,Rhonda,5
CT,F,1946,Robert,5
CT,F,1946,Rochelle,5
CT,F,1946,Rosalyn,5
CT,F,1946,Rosann,5
CT,F,1946,Shelia,5
CT,F,1946,Therese,5
CT,F,1946,Trudy,5
CT,F,1946,Yolanda,5
CT,F,1947,Linda,1155
CT,F,1947,Patricia,797
CT,F,1947,Barbara,701
CT,F,1947,Mary,665
CT,F,1947,Carol,590
CT,F,1947,Susan,558
CT,F,1947,Nancy,505
CT,F,1947,Kathleen,458
CT,F,1947,Sandra,421
CT,F,1947,Judith,403
CT,F,1947,Donna,356
CT,F,1947,Sharon,331
CT,F,1947,Karen,330
CT,F,1947,Diane,329
CT,F,1947,Margaret,296
CT,F,1947,Elizabeth,248
CT,F,1947,Joan,227
CT,F,1947,Janice,212
CT,F,1947,Janet,205
CT,F,1947,Gail,197
CT,F,1947,Cynthia,185
CT,F,1947,Pamela,179
CT,F,1947,Cheryl,171
CT,F,1947,Ann,168
CT,F,1947,Elaine,165
CT,F,1947,Joyce,162
CT,F,1947,Marilyn,151
CT,F,1947,Joanne,148
CT,F,1947,Jane,145
CT,F,1947,Lorraine,145
CT,F,1947,Lynn,145
CT,F,1947,Deborah,141
CT,F,1947,Christine,137
CT,F,1947,Jean,137
CT,F,1947,Maureen,131
CT,F,1947,Ellen,129
CT,F,1947,Paula,128
CT,F,1947,Beverly,125
CT,F,1947,Catherine,123
CT,F,1947,Shirley,123
CT,F,1947,Dorothy,120
CT,F,1947,Marie,120
CT,F,1947,Carolyn,116
CT,F,1947,Anne,113
CT,F,1947,Virginia,110
CT,F,1947,Frances,108
CT,F,1947,Suzanne,93
CT,F,1947,Eileen,92
CT,F,1947,Joann,90
CT,F,1947,Gloria,89
CT,F,1947,Louise,89
CT,F,1947,Rosemary,86
CT,F,1947,Jeanne,85
CT,F,1947,Geraldine,84
CT,F,1947,Bonnie,83
CT,F,1947,Jacqueline,83
CT,F,1947,Roberta,82
CT,F,1947,Katherine,80
CT,F,1947,Marcia,79
CT,F,1947,Phyllis,79
CT,F,1947,Judy,78
CT,F,1947,Theresa,78
CT,F,1947,Ruth,77
CT,F,1947,Lois,76
CT,F,1947,Sheila,76
CT,F,1947,Helen,74
CT,F,1947,Laura,74
CT,F,1947,Betty,71
CT,F,1947,Kathryn,71
CT,F,1947,Sally,71
CT,F,1947,Alice,69
CT,F,1947,Martha,69
CT,F,1947,Andrea,65
CT,F,1947,Diana,65
CT,F,1947,Rita,64
CT,F,1947,Maryann,63
CT,F,1947,Dolores,60
CT,F,1947,Marjorie,59
CT,F,1947,Rose,59
CT,F,1947,Anita,58
CT,F,1947,Arlene,58
CT,F,1947,Leslie,57
CT,F,1947,Denise,56
CT,F,1947,Evelyn,56
CT,F,1947,June,56
CT,F,1947,Carole,54
CT,F,1947,Doreen,53
CT,F,1947,Jo,53
CT,F,1947,Lucille,52
CT,F,1947,Charlene,50
CT,F,1947,Lynda,47
CT,F,1947,Maria,45
CT,F,1947,Darlene,44
CT,F,1947,Marlene,44
CT,F,1947,Michele,44
CT,F,1947,Irene,42
CT,F,1947,Charlotte,40
CT,F,1947,Lynne,40
CT,F,1947,Claudia,39
CT,F,1947,Eleanor,39
CT,F,1947,Brenda,38
CT,F,1947,Anna,37
CT,F,1947,Betsy,37
CT,F,1947,Constance,37
CT,F,1947,Gayle,37
CT,F,1947,Marion,37
CT,F,1947,Wendy,37
CT,F,1947,Doris,36
CT,F,1947,Dianne,35
CT,F,1947,Josephine,35
CT,F,1947,Claire,33
CT,F,1947,Dawn,33
CT,F,1947,Valerie,33
CT,F,1947,Antoinette,32
CT,F,1947,Edith,32
CT,F,1947,Jill,32
CT,F,1947,Noreen,32
CT,F,1947,Norma,32
CT,F,1947,Grace,31
CT,F,1947,Marianne,31
CT,F,1947,Priscilla,31
CT,F,1947,Angela,30
CT,F,1947,Marsha,30
CT,F,1947,Rosemarie,29
CT,F,1947,Pauline,28
CT,F,1947,Victoria,28
CT,F,1947,Holly,27
CT,F,1947,Julie,27
CT,F,1947,Janis,26
CT,F,1947,Kathy,26
CT,F,1947,Veronica,26
CT,F,1947,Annette,25
CT,F,1947,Francine,25
CT,F,1947,Madeline,25
CT,F,1947,Marguerite,25
CT,F,1947,Peggy,25
CT,F,1947,Candace,24
CT,F,1947,Lillian,24
CT,F,1947,Sherry,24
CT,F,1947,Sue,24
CT,F,1947,Sylvia,24
CT,F,1947,Rebecca,23
CT,F,1947,Sara,23
CT,F,1947,Sarah,23
CT,F,1947,Terry,23
CT,F,1947,Florence,22
CT,F,1947,Lauren,22
CT,F,1947,Audrey,21
CT,F,1947,Caroline,20
CT,F,1947,Dale,20
CT,F,1947,Emily,20
CT,F,1947,Jeannette,20
CT,F,1947,Laurie,20
CT,F,1947,Paulette,20
CT,F,1947,Regina,20
CT,F,1947,Sharyn,20
CT,F,1947,Beatrice,19
CT,F,1947,Christina,19
CT,F,1947,Jacquelyn,19
CT,F,1947,Jennifer,19
CT,F,1947,Stephanie,19
CT,F,1947,Gale,18
CT,F,1947,Georgia,18
CT,F,1947,Julia,18
CT,F,1947,Lee,18
CT,F,1947,Pat,18
CT,F,1947,Rosalie,18
CT,F,1947,Delores,17
CT,F,1947,Vivian,17
CT,F,1947,Yvonne,17
CT,F,1947,Beth,16
CT,F,1947,Jayne,16
CT,F,1947,Laurel,16
CT,F,1947,Roseann,16
CT,F,1947,Teresa,16
CT,F,1947,Agnes,15
CT,F,1947,Cathy,15
CT,F,1947,Loretta,15
CT,F,1947,Mildred,15
CT,F,1947,Patty,15
CT,F,1947,Toni,15
CT,F,1947,Bernadette,14
CT,F,1947,Carla,14
CT,F,1947,Cathleen,14
CT,F,1947,Claudette,14
CT,F,1947,Colleen,14
CT,F,1947,Corinne,14
CT,F,1947,Faith,14
CT,F,1947,Gladys,14
CT,F,1947,Jeanette,14
CT,F,1947,Alberta,13
CT,F,1947,Bette,13
CT,F,1947,Harriet,13
CT,F,1947,Lucy,13
CT,F,1947,Maryanne,13
CT,F,1947,Monica,13
CT,F,1947,Muriel,13
CT,F,1947,Bonita,12
CT,F,1947,Carmella,12
CT,F,1947,Esther,12
CT,F,1947,Helene,12
CT,F,1947,Jan,12
CT,F,1947,Miriam,12
CT,F,1947,Robin,12
CT,F,1947,Bernice,11
CT,F,1947,Connie,11
CT,F,1947,Dorothea,11
CT,F,1947,Juanita,11
CT,F,1947,Leona,11
CT,F,1947,Lucinda,11
CT,F,1947,Marian,11
CT,F,1947,Maryellen,11
CT,F,1947,Maryjane,11
CT,F,1947,Camille,10
CT,F,1947,Carolann,10
CT,F,1947,Cecelia,10
CT,F,1947,Ingrid,10
CT,F,1947,Karin,10
CT,F,1947,Katharine,10
CT,F,1947,Kristine,10
CT,F,1947,Lisa,10
CT,F,1947,Margo,10
CT,F,1947,Michelle,10
CT,F,1947,Nora,10
CT,F,1947,Penny,10
CT,F,1947,Rachel,10
CT,F,1947,Sheryl,10
CT,F,1947,Therese,10
CT,F,1947,Clara,9
CT,F,1947,Ethel,9
CT,F,1947,Hope,9
CT,F,1947,Johanna,9
CT,F,1947,Joy,9
CT,F,1947,Lenore,9
CT,F,1947,Natalie,9
CT,F,1947,Penelope,9
CT,F,1947,Renee,9
CT,F,1947,Rosalind,9
CT,F,1947,Alma,8
CT,F,1947,Annmarie,8
CT,F,1947,April,8
CT,F,1947,Edna,8
CT,F,1947,Elinor,8
CT,F,1947,Faye,8
CT,F,1947,Gertrude,8
CT,F,1947,Leah,8
CT,F,1947,Lesley,8
CT,F,1947,Lorna,8
CT,F,1947,Margie,8
CT,F,1947,Marylou,8
CT,F,1947,Maxine,8
CT,F,1947,Theodora,8
CT,F,1947,Trudy,8
CT,F,1947,Wanda,8
CT,F,1947,Winifred,8
CT,F,1947,Alison,7
CT,F,1947,Carmela,7
CT,F,1947,Cecilia,7
CT,F,1947,Cindy,7
CT,F,1947,Debra,7
CT,F,1947,Heather,7
CT,F,1947,Heidi,7
CT,F,1947,Ilene,7
CT,F,1947,Janine,7
CT,F,1947,Joanna,7
CT,F,1947,John,7
CT,F,1947,Justine,7
CT,F,1947,Kristina,7
CT,F,1947,Olivia,7
CT,F,1947,Rosanne,7
CT,F,1947,Susanne,7
CT,F,1947,Tina,7
CT,F,1947,Vicki,7
CT,F,1947,Adele,6
CT,F,1947,Adrienne,6
CT,F,1947,Alexis,6
CT,F,1947,Angelina,6
CT,F,1947,Candice,6
CT,F,1947,Charleen,6
CT,F,1947,Concetta,6
CT,F,1947,Dana,6
CT,F,1947,Debbie,6
CT,F,1947,Dona,6
CT,F,1947,Estelle,6
CT,F,1947,Eugenia,6
CT,F,1947,Eva,6
CT,F,1947,Gay,6
CT,F,1947,Georgianna,6
CT,F,1947,Gwendolyn,6
CT,F,1947,Isabel,6
CT,F,1947,Janie,6
CT,F,1947,Jeannine,6
CT,F,1947,Kay,6
CT,F,1947,Lea,6
CT,F,1947,Lucia,6
CT,F,1947,Lynette,6
CT,F,1947,Madeleine,6
CT,F,1947,Madelyn,6
CT,F,1947,Mae,6
CT,F,1947,Nadine,6
CT,F,1947,Noel,6
CT,F,1947,Sandy,6
CT,F,1947,Terri,6
CT,F,1947,Viola,6
CT,F,1947,Wilma,6
CT,F,1947,Yolanda,6
CT,F,1947,Alicia,5
CT,F,1947,Amy,5
CT,F,1947,Arleen,5
CT,F,1947,Betsey,5
CT,F,1947,Carlene,5
CT,F,1947,Cathryn,5
CT,F,1947,Celia,5
CT,F,1947,Daisy,5
CT,F,1947,Daphne,5
CT,F,1947,Deirdre,5
CT,F,1947,Elisabeth,5
CT,F,1947,Elsa,5
CT,F,1947,Elsie,5
CT,F,1947,Eunice,5
CT,F,1947,Eve,5
CT,F,1947,Fern,5
CT,F,1947,Gina,5
CT,F,1947,Gretchen,5
CT,F,1947,Hilda,5
CT,F,1947,Jackie,5
CT,F,1947,Jocelyn,5
CT,F,1947,Juliette,5
CT,F,1947,Kathie,5
CT,F,1947,Laraine,5
CT,F,1947,Lydia,5
CT,F,1947,Margery,5
CT,F,1947,Mariann,5
CT,F,1947,Maribeth,5
CT,F,1947,Marybeth,5
CT,F,1947,Maura,5
CT,F,1947,Melinda,5
CT,F,1947,Melody,5
CT,F,1947,Meredith,5
CT,F,1947,Michaele,5
CT,F,1947,Nanci,5
CT,F,1947,Polly,5
CT,F,1947,Rosann,5
CT,F,1947,Sharron,5
CT,F,1947,Stella,5
CT,F,1947,Suzan,5
CT,F,1947,Thomas,5
CT,F,1947,Vera,5
CT,F,1948,Linda,1095
CT,F,1948,Patricia,649
CT,F,1948,Mary,619
CT,F,1948,Barbara,618
CT,F,1948,Susan,596
CT,F,1948,Carol,500
CT,F,1948,Nancy,464
CT,F,1948,Kathleen,449
CT,F,1948,Sandra,360
CT,F,1948,Donna,352
CT,F,1948,Sharon,349
CT,F,1948,Judith,320
CT,F,1948,Diane,297
CT,F,1948,Karen,287
CT,F,1948,Elizabeth,252
CT,F,1948,Margaret,230
CT,F,1948,Deborah,217
CT,F,1948,Pamela,193
CT,F,1948,Cynthia,177
CT,F,1948,Christine,171
CT,F,1948,Joan,169
CT,F,1948,Gail,166
CT,F,1948,Janet,164
CT,F,1948,Ann,162
CT,F,1948,Cheryl,157
CT,F,1948,Elaine,151
CT,F,1948,Janice,148
CT,F,1948,Jean,142
CT,F,1948,Carolyn,132
CT,F,1948,Jane,131
CT,F,1948,Joanne,131
CT,F,1948,Joyce,129
CT,F,1948,Maureen,128
CT,F,1948,Catherine,124
CT,F,1948,Paula,119
CT,F,1948,Marilyn,118
CT,F,1948,Beverly,116
CT,F,1948,Dorothy,113
CT,F,1948,Virginia,110
CT,F,1948,Ellen,104
CT,F,1948,Katherine,104
CT,F,1948,Frances,102
CT,F,1948,Marie,100
CT,F,1948,Bonnie,98
CT,F,1948,Shirley,98
CT,F,1948,Theresa,97
CT,F,1948,Anne,95
CT,F,1948,Joann,94
CT,F,1948,Lynn,93
CT,F,1948,Eileen,88
CT,F,1948,Laura,87
CT,F,1948,Lorraine,86
CT,F,1948,Jacqueline,85
CT,F,1948,Helen,77
CT,F,1948,Rosemary,76
CT,F,1948,Marcia,74
CT,F,1948,Suzanne,73
CT,F,1948,Diana,71
CT,F,1948,Phyllis,71
CT,F,1948,Sheila,70
CT,F,1948,Ruth,69
CT,F,1948,Gloria,67
CT,F,1948,Louise,67
CT,F,1948,Sally,66
CT,F,1948,Maryann,65
CT,F,1948,Kathryn,64
CT,F,1948,Andrea,61
CT,F,1948,Geraldine,61
CT,F,1948,Jo,60
CT,F,1948,Leslie,60
CT,F,1948,Rose,58
CT,F,1948,Jeanne,57
CT,F,1948,Kathy,56
CT,F,1948,Alice,55
CT,F,1948,Constance,54
CT,F,1948,Martha,53
CT,F,1948,Roberta,53
CT,F,1948,Lois,52
CT,F,1948,Valerie,52
CT,F,1948,Betty,50
CT,F,1948,Judy,50
CT,F,1948,June,50
CT,F,1948,Charlene,49
CT,F,1948,Michele,49
CT,F,1948,Rita,48
CT,F,1948,Evelyn,47
CT,F,1948,Lucille,47
CT,F,1948,Doreen,46
CT,F,1948,Irene,46
CT,F,1948,Marsha,46
CT,F,1948,Brenda,45
CT,F,1948,Cathy,45
CT,F,1948,Dianne,44
CT,F,1948,Marianne,43
CT,F,1948,Marjorie,43
CT,F,1948,Claudia,42
CT,F,1948,Denise,41
CT,F,1948,Maria,41
CT,F,1948,Anita,40
CT,F,1948,Charlotte,40
CT,F,1948,Dolores,40
CT,F,1948,Rosemarie,40
CT,F,1948,Arlene,39
CT,F,1948,Marion,39
CT,F,1948,Marlene,39
CT,F,1948,Lynda,38
CT,F,1948,Anna,37
CT,F,1948,Wendy,34
CT,F,1948,Carole,33
CT,F,1948,Claire,33
CT,F,1948,Candace,32
CT,F,1948,Dale,32
CT,F,1948,Priscilla,32
CT,F,1948,Angela,31
CT,F,1948,Victoria,31
CT,F,1948,Doris,30
CT,F,1948,Eleanor,29
CT,F,1948,Grace,29
CT,F,1948,Josephine,29
CT,F,1948,Audrey,28
CT,F,1948,Betsy,28
CT,F,1948,Gayle,28
CT,F,1948,Paulette,28
CT,F,1948,Darlene,27
CT,F,1948,Pauline,27
CT,F,1948,Teresa,27
CT,F,1948,Sheryl,26
CT,F,1948,Antoinette,24
CT,F,1948,Colleen,24
CT,F,1948,Holly,24
CT,F,1948,Marguerite,24
CT,F,1948,Peggy,24
CT,F,1948,Penelope,24
CT,F,1948,Rosalie,24
CT,F,1948,Sarah,24
CT,F,1948,Bernadette,23
CT,F,1948,Harriet,23
CT,F,1948,Janis,23
CT,F,1948,Lynne,23
CT,F,1948,Terry,23
CT,F,1948,Edith,22
CT,F,1948,Noreen,22
CT,F,1948,Jennifer,21
CT,F,1948,Jill,21
CT,F,1948,Lillian,21
CT,F,1948,Michelle,21
CT,F,1948,Norma,21
CT,F,1948,Sherry,21
CT,F,1948,Veronica,21
CT,F,1948,Yvonne,21
CT,F,1948,Annette,20
CT,F,1948,Francine,20
CT,F,1948,Vivian,20
CT,F,1948,Sue,19
CT,F,1948,Joy,18
CT,F,1948,Julie,18
CT,F,1948,Loretta,18
CT,F,1948,Regina,18
CT,F,1948,Caroline,17
CT,F,1948,Connie,17
CT,F,1948,Dawn,17
CT,F,1948,Emily,17
CT,F,1948,Georgia,17
CT,F,1948,Julia,17
CT,F,1948,Marylou,17
CT,F,1948,Beatrice,16
CT,F,1948,Beth,16
CT,F,1948,Christina,16
CT,F,1948,Florence,16
CT,F,1948,Jeannette,16
CT,F,1948,Laurel,16
CT,F,1948,Lauren,16
CT,F,1948,Laurie,16
CT,F,1948,Maryellen,16
CT,F,1948,Stephanie,16
CT,F,1948,Jan,15
CT,F,1948,Jeanette,15
CT,F,1948,Marian,15
CT,F,1948,Sylvia,15
CT,F,1948,Adrienne,14
CT,F,1948,Bernice,14
CT,F,1948,Faith,14
CT,F,1948,Lisa,14
CT,F,1948,Rebecca,14
CT,F,1948,Robin,14
CT,F,1948,Susanne,14
CT,F,1948,Amy,13
CT,F,1948,Claudette,13
CT,F,1948,Gale,13
CT,F,1948,Heather,13
CT,F,1948,Lucy,13
CT,F,1948,Renee,13
CT,F,1948,Roseann,13
CT,F,1948,Lee,12
CT,F,1948,Lucinda,12
CT,F,1948,Lydia,12
CT,F,1948,Madeline,12
CT,F,1948,Melanie,12
CT,F,1948,Melissa,12
CT,F,1948,Rosanne,12
CT,F,1948,Toni,12
CT,F,1948,Carla,11
CT,F,1948,Dorothea,11
CT,F,1948,Edna,11
CT,F,1948,Jacquelyn,11
CT,F,1948,Juanita,11
CT,F,1948,Penny,11
CT,F,1948,Adele,10
CT,F,1948,Annmarie,10
CT,F,1948,Carmela,10
CT,F,1948,Carolann,10
CT,F,1948,Clara,10
CT,F,1948,Ethel,10
CT,F,1948,Gay,10
CT,F,1948,Heidi,10
CT,F,1948,Margo,10
CT,F,1948,Maryjane,10
CT,F,1948,Wanda,10
CT,F,1948,Agnes,9
CT,F,1948,Alicia,9
CT,F,1948,Candice,9
CT,F,1948,Esther,9
CT,F,1948,Jessica,9
CT,F,1948,Joanna,9
CT,F,1948,Sharyn,9
CT,F,1948,Vicki,9
CT,F,1948,Alison,8
CT,F,1948,Camille,8
CT,F,1948,Cathleen,8
CT,F,1948,Genevieve,8
CT,F,1948,Gertrude,8
CT,F,1948,Gwendolyn,8
CT,F,1948,Ingrid,8
CT,F,1948,Kay,8
CT,F,1948,Leona,8
CT,F,1948,Lynette,8
CT,F,1948,Marcella,8
CT,F,1948,Maryanne,8
CT,F,1948,Maxine,8
CT,F,1948,Monica,8
CT,F,1948,Nora,8
CT,F,1948,Sandy,8
CT,F,1948,Tina,8
CT,F,1948,Aileen,7
CT,F,1948,April,7
CT,F,1948,Bette,7
CT,F,1948,Blanche,7
CT,F,1948,Bonita,7
CT,F,1948,Carmen,7
CT,F,1948,Cecelia,7
CT,F,1948,Concetta,7
CT,F,1948,Cora,7
CT,F,1948,Debbie,7
CT,F,1948,Delores,7
CT,F,1948,Elisabeth,7
CT,F,1948,Eva,7
CT,F,1948,Faye,7
CT,F,1948,Gladys,7
CT,F,1948,Katharine,7
CT,F,1948,Lenore,7
CT,F,1948,Lorna,7
CT,F,1948,Madelyn,7
CT,F,1948,Natalie,7
CT,F,1948,Nina,7
CT,F,1948,Rosalind,7
CT,F,1948,Alyce,6
CT,F,1948,Bertha,6
CT,F,1948,Cecile,6
CT,F,1948,Deirdre,6
CT,F,1948,Delia,6
CT,F,1948,Dianna,6
CT,F,1948,Elena,6
CT,F,1948,Ernestine,6
CT,F,1948,Jamie,6
CT,F,1948,Jayne,6
CT,F,1948,Karin,6
CT,F,1948,Kimberly,6
CT,F,1948,Kristine,6
CT,F,1948,Lesley,6
CT,F,1948,Linnea,6
CT,F,1948,Marilynn,6
CT,F,1948,Meredith,6
CT,F,1948,Mildred,6
CT,F,1948,Patti,6
CT,F,1948,Roslyn,6
CT,F,1948,Thelma,6
CT,F,1948,Allison,5
CT,F,1948,Alma,5
CT,F,1948,Amelia,5
CT,F,1948,Angelina,5
CT,F,1948,Arleen,5
CT,F,1948,Billie,5
CT,F,1948,Cecilia,5
CT,F,1948,Celia,5
CT,F,1948,Corinne,5
CT,F,1948,Dana,5
CT,F,1948,Daphne,5
CT,F,1948,Debra,5
CT,F,1948,Della,5
CT,F,1948,Eunice,5
CT,F,1948,Felicia,5
CT,F,1948,Georgette,5
CT,F,1948,Hannah,5
CT,F,1948,Hazel,5
CT,F,1948,Helene,5
CT,F,1948,Hope,5
CT,F,1948,Iris,5
CT,F,1948,Irma,5
CT,F,1948,Lana,5
CT,F,1948,Leah,5
CT,F,1948,Margery,5
CT,F,1948,Margot,5
CT,F,1948,Marietta,5
CT,F,1948,Marla,5
CT,F,1948,Melinda,5
CT,F,1948,Miriam,5
CT,F,1948,Myra,5
CT,F,1948,Nadine,5
CT,F,1948,Noel,5
CT,F,1948,Palma,5
CT,F,1948,Pat,5
CT,F,1948,Rhonda,5
CT,F,1948,Rochelle,5
CT,F,1948,Roseanne,5
CT,F,1948,Sara,5
CT,F,1948,Sharen,5
CT,F,1948,Sharron,5
CT,F,1948,Stella,5
CT,F,1948,Theodora,5
CT,F,1948,Vickie,5
CT,F,1948,Winifred,5
CT,F,1949,Linda,906
CT,F,1949,Susan,663
CT,F,1949,Patricia,589
CT,F,1949,Mary,586
CT,F,1949,Barbara,578
CT,F,1949,Kathleen,516
CT,F,1949,Nancy,438
CT,F,1949,Carol,389
CT,F,1949,Donna,369
CT,F,1949,Deborah,340
CT,F,1949,Karen,314
CT,F,1949,Sandra,307
CT,F,1949,Sharon,294
CT,F,1949,Judith,292
CT,F,1949,Diane,281
CT,F,1949,Margaret,260
CT,F,1949,Elizabeth,223
CT,F,1949,Christine,222
CT,F,1949,Pamela,208
CT,F,1949,Joan,203
CT,F,1949,Gail,184
CT,F,1949,Janet,183
CT,F,1949,Cynthia,179
CT,F,1949,Ann,166
CT,F,1949,Janice,146
CT,F,1949,Catherine,139
CT,F,1949,Joanne,135
CT,F,1949,Cheryl,131
CT,F,1949,Marilyn,127
CT,F,1949,Beverly,121
CT,F,1949,Joyce,121
CT,F,1949,Elaine,120
CT,F,1949,Ellen,120
CT,F,1949,Lynn,117
CT,F,1949,Jane,115
CT,F,1949,Maureen,114
CT,F,1949,Jean,112
CT,F,1949,Paula,110
CT,F,1949,Shirley,105
CT,F,1949,Lorraine,102
CT,F,1949,Suzanne,101
CT,F,1949,Marie,96
CT,F,1949,Virginia,94
CT,F,1949,Carolyn,93
CT,F,1949,Katherine,93
CT,F,1949,Frances,92
CT,F,1949,Martha,90
CT,F,1949,Anne,89
CT,F,1949,Dorothy,89
CT,F,1949,Laura,87
CT,F,1949,Joann,86
CT,F,1949,Gloria,85
CT,F,1949,Valerie,79
CT,F,1949,Kathryn,77
CT,F,1949,Brenda,73
CT,F,1949,Rosemary,73
CT,F,1949,Jacqueline,72
CT,F,1949,Eileen,71
CT,F,1949,Theresa,67
CT,F,1949,Wendy,65
CT,F,1949,Geraldine,64
CT,F,1949,Bonnie,63
CT,F,1949,Diana,63
CT,F,1949,Helen,63
CT,F,1949,Marcia,63
CT,F,1949,Jeanne,62
CT,F,1949,Maryann,62
CT,F,1949,Ruth,61
CT,F,1949,Alice,60
CT,F,1949,Judy,58
CT,F,1949,Sally,57
CT,F,1949,Rita,55
CT,F,1949,Arlene,54
CT,F,1949,Roberta,53
CT,F,1949,Sheila,53
CT,F,1949,Phyllis,51
CT,F,1949,Irene,48
CT,F,1949,Leslie,48
CT,F,1949,Dianne,47
CT,F,1949,Rose,47
CT,F,1949,Kathy,45
CT,F,1949,Sarah,45
CT,F,1949,Jo,44
CT,F,1949,Louise,44
CT,F,1949,Betty,43
CT,F,1949,Lois,43
CT,F,1949,Lynda,43
CT,F,1949,Charlene,42
CT,F,1949,June,42
CT,F,1949,Michele,41
CT,F,1949,Priscilla,41
CT,F,1949,Claire,40
CT,F,1949,Constance,40
CT,F,1949,Darlene,39
CT,F,1949,Denise,39
CT,F,1949,Lucille,39
CT,F,1949,Charlotte,38
CT,F,1949,Marjorie,38
CT,F,1949,Andrea,37
CT,F,1949,Anna,36
CT,F,1949,Carole,36
CT,F,1949,Marsha,36
CT,F,1949,Lynne,35
CT,F,1949,Claudia,33
CT,F,1949,Dolores,33
CT,F,1949,Victoria,32
CT,F,1949,Anita,31
CT,F,1949,Eleanor,31
CT,F,1949,Janis,31
CT,F,1949,Marianne,31
CT,F,1949,Dale,30
CT,F,1949,Doreen,30
CT,F,1949,Teresa,30
CT,F,1949,Laurie,29
CT,F,1949,Maria,29
CT,F,1949,Cathy,28
CT,F,1949,Jill,28
CT,F,1949,Regina,28
CT,F,1949,Robin,28
CT,F,1949,Candace,27
CT,F,1949,Jan,27
CT,F,1949,Marlene,27
CT,F,1949,Paulette,27
CT,F,1949,Pauline,27
CT,F,1949,Marion,26
CT,F,1949,Holly,25
CT,F,1949,Loretta,25
CT,F,1949,Noreen,25
CT,F,1949,Rebecca,25
CT,F,1949,Audrey,24
CT,F,1949,Christina,24
CT,F,1949,Doris,24
CT,F,1949,Evelyn,24
CT,F,1949,Norma,24
CT,F,1949,Stephanie,24
CT,F,1949,Annette,23
CT,F,1949,Beth,23
CT,F,1949,Rosemarie,23
CT,F,1949,Betsy,22
CT,F,1949,Josephine,22
CT,F,1949,Marguerite,22
CT,F,1949,Angela,21
CT,F,1949,Joy,20
CT,F,1949,Sherry,20
CT,F,1949,Toni,20
CT,F,1949,Antoinette,19
CT,F,1949,Colleen,19
CT,F,1949,Sheryl,19
CT,F,1949,Faith,18
CT,F,1949,Julie,18
CT,F,1949,Renee,18
CT,F,1949,Vivian,18
CT,F,1949,Bernadette,17
CT,F,1949,Edith,17
CT,F,1949,Florence,17
CT,F,1949,Harriet,17
CT,F,1949,Jennifer,17
CT,F,1949,Yvonne,17
CT,F,1949,Lee,16
CT,F,1949,Lillian,16
CT,F,1949,Marian,16
CT,F,1949,Rosalie,16
CT,F,1949,Terry,16
CT,F,1949,Emily,15
CT,F,1949,Francine,15
CT,F,1949,Gayle,15
CT,F,1949,Juanita,15
CT,F,1949,Julia,15
CT,F,1949,Margo,15
CT,F,1949,Maryellen,15
CT,F,1949,Marylou,15
CT,F,1949,Melanie,15
CT,F,1949,Mildred,15
CT,F,1949,Susanne,15
CT,F,1949,Veronica,15
CT,F,1949,Carla,14
CT,F,1949,Caroline,14
CT,F,1949,Clare,14
CT,F,1949,Dana,14
CT,F,1949,Grace,14
CT,F,1949,Natalie,14
CT,F,1949,Rosanne,14
CT,F,1949,Sara,14
CT,F,1949,Beatrice,13
CT,F,1949,Bette,13
CT,F,1949,Bonita,13
CT,F,1949,Cathleen,13
CT,F,1949,Lucy,13
CT,F,1949,Madeline,13
CT,F,1949,Nora,13
CT,F,1949,Penelope,13
CT,F,1949,Annmarie,12
CT,F,1949,Cecelia,12
CT,F,1949,Edna,12
CT,F,1949,Monica,12
CT,F,1949,Adele,11
CT,F,1949,Alison,11
CT,F,1949,Amy,11
CT,F,1949,Corinne,11
CT,F,1949,Dawn,11
CT,F,1949,Debra,11
CT,F,1949,Gertrude,11
CT,F,1949,Heidi,11
CT,F,1949,Jacquelyn,11
CT,F,1949,Jeanette,11
CT,F,1949,Johanna,11
CT,F,1949,Katharine,11
CT,F,1949,Kristine,11
CT,F,1949,Lauren,11
CT,F,1949,Lenore,11
CT,F,1949,Lisa,11
CT,F,1949,Lucinda,11
CT,F,1949,Sylvia,11
CT,F,1949,Adrienne,10
CT,F,1949,Bernice,10
CT,F,1949,Connie,10
CT,F,1949,Deirdre,10
CT,F,1949,Delores,10
CT,F,1949,Gwendolyn,10
CT,F,1949,Helene,10
CT,F,1949,Jayne,10
CT,F,1949,Laurel,10
CT,F,1949,Lesley,10
CT,F,1949,Claudette,9
CT,F,1949,Dianna,9
CT,F,1949,Faye,9
CT,F,1949,Georgia,9
CT,F,1949,Gladys,9
CT,F,1949,Melissa,9
CT,F,1949,Peggy,9
CT,F,1949,Rachel,9
CT,F,1949,Rosalind,9
CT,F,1949,Roseann,9
CT,F,1949,Shelley,9
CT,F,1949,Stella,9
CT,F,1949,Dorothea,8
CT,F,1949,Eva,8
CT,F,1949,Genevieve,8
CT,F,1949,Gretchen,8
CT,F,1949,Hope,8
CT,F,1949,Justine,8
CT,F,1949,Karin,8
CT,F,1949,Kate,8
CT,F,1949,Lorna,8
CT,F,1949,Lydia,8
CT,F,1949,Marcella,8
CT,F,1949,Maryanne,8
CT,F,1949,Michelle,8
CT,F,1949,Miriam,8
CT,F,1949,Naomi,8
CT,F,1949,Roseanne,8
CT,F,1949,Sue,8
CT,F,1949,Vera,8
CT,F,1949,Antonia,7
CT,F,1949,Belinda,7
CT,F,1949,Camille,7
CT,F,1949,Carmen,7
CT,F,1949,Celeste,7
CT,F,1949,Daryl,7
CT,F,1949,Debbie,7
CT,F,1949,Gale,7
CT,F,1949,Georgianna,7
CT,F,1949,Jeannette,7
CT,F,1949,Jeannie,7
CT,F,1949,Kimberly,7
CT,F,1949,Lucia,7
CT,F,1949,Marcy,7
CT,F,1949,Margery,7
CT,F,1949,Myra,7
CT,F,1949,Nadine,7
CT,F,1949,Polly,7
CT,F,1949,Rochelle,7
CT,F,1949,Wanda,7
CT,F,1949,Abigail,6
CT,F,1949,Alberta,6
CT,F,1949,Alexandra,6
CT,F,1949,Alexis,6
CT,F,1949,Alicia,6
CT,F,1949,Althea,6
CT,F,1949,Alyce,6
CT,F,1949,Blanche,6
CT,F,1949,Candice,6
CT,F,1949,Carolann,6
CT,F,1949,Edwina,6
CT,F,1949,Erin,6
CT,F,1949,Francesca,6
CT,F,1949,Georgette,6
CT,F,1949,Glenda,6
CT,F,1949,Heather,6
CT,F,1949,Janie,6
CT,F,1949,Joanna,6
CT,F,1949,Kristin,6
CT,F,1949,Leona,6
CT,F,1949,Marybeth,6
CT,F,1949,Muriel,6
CT,F,1949,Nina,6
CT,F,1949,Rhonda,6
CT,F,1949,Rosalyn,6
CT,F,1949,Roxanne,6
CT,F,1949,Therese,6
CT,F,1949,Wilma,6
CT,F,1949,Alana,5
CT,F,1949,Alma,5
CT,F,1949,Amanda,5
CT,F,1949,Annemarie,5
CT,F,1949,Billie,5
CT,F,1949,Carmela,5
CT,F,1949,Deanna,5
CT,F,1949,Elinor,5
CT,F,1949,Elisabeth,5
CT,F,1949,Eloise,5
CT,F,1949,Estelle,5
CT,F,1949,Ethel,5
CT,F,1949,Eunice,5
CT,F,1949,Hazel,5
CT,F,1949,Ilona,5
CT,F,1949,Jeannine,5
CT,F,1949,Jennie,5
CT,F,1949,Jenny,5
CT,F,1949,Jessica,5
CT,F,1949,Kerry,5
CT,F,1949,Laureen,5
CT,F,1949,Lorelei,5
CT,F,1949,Lyn,5
CT,F,1949,Lynette,5
CT,F,1949,Madeleine,5
CT,F,1949,Marilou,5
CT,F,1949,Marilynn,5
CT,F,1949,Meredith,5
CT,F,1949,Olivia,5
CT,F,1949,Rachael,5
CT,F,1949,Rae,5
CT,F,1949,Rena,5
CT,F,1949,Sharlene,5
CT,F,1949,Sharron,5
CT,F,1949,Sharyn,5
CT,F,1949,Terri,5
CT,F,1949,Trudy,5
CT,F,1949,Violet,5
CT,F,1950,Linda,888
CT,F,1950,Susan,677
CT,F,1950,Patricia,657
CT,F,1950,Mary,614
CT,F,1950,Barbara,539
CT,F,1950,Kathleen,512
CT,F,1950,Nancy,462
CT,F,1950,Deborah,451
CT,F,1950,Donna,395
CT,F,1950,Carol,377
CT,F,1950,Sharon,333
CT,F,1950,Diane,314
CT,F,1950,Karen,294
CT,F,1950,Elizabeth,289
CT,F,1950,Sandra,281
CT,F,1950,Margaret,268
CT,F,1950,Judith,222
CT,F,1950,Gail,221
CT,F,1950,Pamela,213
CT,F,1950,Christine,207
CT,F,1950,Janet,202
CT,F,1950,Cynthia,188
CT,F,1950,Joan,184
CT,F,1950,Janice,174
CT,F,1950,Ann,154
CT,F,1950,Jane,150
CT,F,1950,Cheryl,146
CT,F,1950,Joyce,132
CT,F,1950,Joanne,129
CT,F,1950,Jean,126
CT,F,1950,Elaine,121
CT,F,1950,Catherine,118
CT,F,1950,Maureen,114
CT,F,1950,Paula,112
CT,F,1950,Marilyn,109
CT,F,1950,Ellen,105
CT,F,1950,Laura,105
CT,F,1950,Beverly,104
CT,F,1950,Lynn,103
CT,F,1950,Marie,102
CT,F,1950,Katherine,101
CT,F,1950,Virginia,99
CT,F,1950,Anne,97
CT,F,1950,Denise,92
CT,F,1950,Kathryn,89
CT,F,1950,Shirley,87
CT,F,1950,Carolyn,86
CT,F,1950,Wendy,83
CT,F,1950,Dorothy,81
CT,F,1950,Eileen,80
CT,F,1950,Bonnie,78
CT,F,1950,Lorraine,76
CT,F,1950,Frances,75
CT,F,1950,Rosemary,73
CT,F,1950,Jacqueline,70
CT,F,1950,Martha,70
CT,F,1950,Marcia,68
CT,F,1950,Suzanne,66
CT,F,1950,Joann,65
CT,F,1950,Valerie,65
CT,F,1950,Kathy,64
CT,F,1950,Gloria,62
CT,F,1950,Alice,61
CT,F,1950,Ruth,61
CT,F,1950,Brenda,60
CT,F,1950,Theresa,59
CT,F,1950,Louise,58
CT,F,1950,Sally,58
CT,F,1950,Diana,54
CT,F,1950,Irene,54
CT,F,1950,Charlene,52
CT,F,1950,Jeanne,51
CT,F,1950,Sheila,51
CT,F,1950,Andrea,50
CT,F,1950,Evelyn,50
CT,F,1950,Rita,49
CT,F,1950,Darlene,48
CT,F,1950,Marjorie,48
CT,F,1950,Marlene,48
CT,F,1950,Helen,47
CT,F,1950,Lois,47
CT,F,1950,Michele,47
CT,F,1950,Dianne,46
CT,F,1950,Phyllis,46
CT,F,1950,Arlene,45
CT,F,1950,Judy,45
CT,F,1950,Rose,44
CT,F,1950,Constance,43
CT,F,1950,Debra,43
CT,F,1950,Lynne,43
CT,F,1950,Roberta,42
CT,F,1950,Jo,41
CT,F,1950,Maria,39
CT,F,1950,Betty,38
CT,F,1950,Doreen,38
CT,F,1950,Maryann,38
CT,F,1950,Victoria,38
CT,F,1950,Anita,37
CT,F,1950,Dolores,37
CT,F,1950,Holly,37
CT,F,1950,Marsha,37
CT,F,1950,Candace,36
CT,F,1950,Geraldine,36
CT,F,1950,June,36
CT,F,1950,Cathy,35
CT,F,1950,Claudia,35
CT,F,1950,Lynda,35
CT,F,1950,Anna,34
CT,F,1950,Sherry,33
CT,F,1950,Charlotte,32
CT,F,1950,Leslie,32
CT,F,1950,Sara,32
CT,F,1950,Eleanor,31
CT,F,1950,Sarah,31
CT,F,1950,Beth,30
CT,F,1950,Betsy,30
CT,F,1950,Regina,30
CT,F,1950,Claire,29
CT,F,1950,Jill,29
CT,F,1950,Lisa,29
CT,F,1950,Angela,28
CT,F,1950,Laurie,28
CT,F,1950,Lucille,28
CT,F,1950,Shelley,28
CT,F,1950,Doris,27
CT,F,1950,Marguerite,27
CT,F,1950,Annette,26
CT,F,1950,Carole,26
CT,F,1950,Marion,26
CT,F,1950,Robin,26
CT,F,1950,Stephanie,26
CT,F,1950,Dale,25
CT,F,1950,Peggy,25
CT,F,1950,Rosemarie,25
CT,F,1950,Colleen,24
CT,F,1950,Pauline,24
CT,F,1950,Gayle,23
CT,F,1950,Julie,23
CT,F,1950,Michelle,23
CT,F,1950,Jennifer,22
CT,F,1950,Loretta,22
CT,F,1950,Priscilla,22
CT,F,1950,Alison,21
CT,F,1950,Janis,21
CT,F,1950,Melissa,21
CT,F,1950,Dawn,20
CT,F,1950,Josephine,20
CT,F,1950,Marianne,20
CT,F,1950,Norma,20
CT,F,1950,Christina,19
CT,F,1950,Francine,19
CT,F,1950,Rebecca,19
CT,F,1950,Terry,19
CT,F,1950,Grace,18
CT,F,1950,Roseann,18
CT,F,1950,Julia,17
CT,F,1950,Lillian,17
CT,F,1950,Noreen,17
CT,F,1950,Sylvia,17
CT,F,1950,Teresa,17
CT,F,1950,Vivian,17
CT,F,1950,Amy,16
CT,F,1950,Antoinette,16
CT,F,1950,Emily,16
CT,F,1950,Jeannette,16
CT,F,1950,Lee,16
CT,F,1950,Paulette,16
CT,F,1950,Sue,16
CT,F,1950,Susanne,16
CT,F,1950,Audrey,15
CT,F,1950,Candice,15
CT,F,1950,Cathleen,15
CT,F,1950,Esther,15
CT,F,1950,Gale,15
CT,F,1950,Jan,15
CT,F,1950,Maryellen,15
CT,F,1950,Melanie,15
CT,F,1950,Sheryl,15
CT,F,1950,Bernadette,14
CT,F,1950,Carla,14
CT,F,1950,Florence,14
CT,F,1950,Yvonne,14
CT,F,1950,Cecelia,13
CT,F,1950,Harriet,13
CT,F,1950,Jacquelyn,13
CT,F,1950,Joy,13
CT,F,1950,Lauren,13
CT,F,1950,Madeline,13
CT,F,1950,Mildred,13
CT,F,1950,Penny,13
CT,F,1950,Adrienne,12
CT,F,1950,Annmarie,12
CT,F,1950,Corinne,12
CT,F,1950,Faith,12
CT,F,1950,Jeanette,12
CT,F,1950,Lucy,12
CT,F,1950,Melinda,12
CT,F,1950,Monica,12
CT,F,1950,Penelope,12
CT,F,1950,Rosalie,12
CT,F,1950,Toni,12
CT,F,1950,Wanda,12
CT,F,1950,Agnes,11
CT,F,1950,Bernice,11
CT,F,1950,Celeste,11
CT,F,1950,Gretchen,11
CT,F,1950,Marian,11
CT,F,1950,Renee,11
CT,F,1950,Veronica,11
CT,F,1950,April,10
CT,F,1950,Delores,10
CT,F,1950,Dianna,10
CT,F,1950,Ethel,10
CT,F,1950,Georgia,10
CT,F,1950,Hope,10
CT,F,1950,Katharine,10
CT,F,1950,Lydia,10
CT,F,1950,Margo,10
CT,F,1950,Maryjane,10
CT,F,1950,Meredith,10
CT,F,1950,Rhonda,10
CT,F,1950,Beatrice,9
CT,F,1950,Bette,9
CT,F,1950,Carolann,9
CT,F,1950,Gladys,9
CT,F,1950,Gwendolyn,9
CT,F,1950,Jayne,9
CT,F,1950,Joanna,9
CT,F,1950,Kathi,9
CT,F,1950,Marylou,9
CT,F,1950,Patrice,9
CT,F,1950,Arline,8
CT,F,1950,Bonita,8
CT,F,1950,Caroline,8
CT,F,1950,Cecilia,8
CT,F,1950,Edith,8
CT,F,1950,Helene,8
CT,F,1950,Ida,8
CT,F,1950,Justine,8
CT,F,1950,Karin,8
CT,F,1950,Kristine,8
CT,F,1950,Lenore,8
CT,F,1950,Maryanne,8
CT,F,1950,Rochelle,8
CT,F,1950,Roseanne,8
CT,F,1950,Vicki,8
CT,F,1950,Alicia,7
CT,F,1950,Bridget,7
CT,F,1950,Catharine,7
CT,F,1950,Edna,7
CT,F,1950,Elise,7
CT,F,1950,Ernestine,7
CT,F,1950,Faye,7
CT,F,1950,Georgette,7
CT,F,1950,Laurel,7
CT,F,1950,Laurene,7
CT,F,1950,Lesley,7
CT,F,1950,Lucinda,7
CT,F,1950,Lynette,7
CT,F,1950,Madelyn,7
CT,F,1950,Marcy,7
CT,F,1950,Marietta,7
CT,F,1950,Miriam,7
CT,F,1950,Althea,6
CT,F,1950,Annie,6
CT,F,1950,Bertha,6
CT,F,1950,Camille,6
CT,F,1950,Cecile,6
CT,F,1950,Celia,6
CT,F,1950,Cindy,6
CT,F,1950,Clara,6
CT,F,1950,Connie,6
CT,F,1950,Dana,6
CT,F,1950,Daria,6
CT,F,1950,Debbie,6
CT,F,1950,Eugenia,6
CT,F,1950,Fay,6
CT,F,1950,Heidi,6
CT,F,1950,Johanna,6
CT,F,1950,Kimberly,6
CT,F,1950,Kristin,6
CT,F,1950,Lorna,6
CT,F,1950,Marybeth,6
CT,F,1950,Mona,6
CT,F,1950,Muriel,6
CT,F,1950,Nadine,6
CT,F,1950,Naomi,6
CT,F,1950,Nina,6
CT,F,1950,Olivia,6
CT,F,1950,Rosalind,6
CT,F,1950,Rosanne,6
CT,F,1950,Sharron,6
CT,F,1950,Thelma,6
CT,F,1950,Adele,5
CT,F,1950,Aleta,5
CT,F,1950,Allison,5
CT,F,1950,Antonia,5
CT,F,1950,Carlene,5
CT,F,1950,Cora,5
CT,F,1950,Corrine,5
CT,F,1950,Dorothea,5
CT,F,1950,Eugenie,5
CT,F,1950,Eva,5
CT,F,1950,Genevieve,5
CT,F,1950,Gertrude,5
CT,F,1950,Glenda,5
CT,F,1950,Gwen,5
CT,F,1950,Heather,5
CT,F,1950,Iris,5
CT,F,1950,Jeanine,5
CT,F,1950,Jennie,5
CT,F,1950,Jessica,5
CT,F,1950,Jody,5
CT,F,1950,Juanita,5
CT,F,1950,Kristina,5
CT,F,1950,Laureen,5
CT,F,1950,Lenora,5
CT,F,1950,Leona,5
CT,F,1950,Margie,5
CT,F,1950,Marilynn,5
CT,F,1950,Marta,5
CT,F,1950,Maxine,5
CT,F,1950,Melody,5
CT,F,1950,Molly,5
CT,F,1950,Nellie,5
CT,F,1950,Patti,5
CT,F,1950,Rachel,5
CT,F,1950,Ramona,5
CT,F,1950,Rosalyn,5
CT,F,1950,Roxanne,5
CT,F,1950,Sharyn,5
CT,F,1950,Stella,5
CT,F,1950,Tracy,5
CT,F,1951,Linda,860
CT,F,1951,Patricia,726
CT,F,1951,Susan,661
CT,F,1951,Mary,623
CT,F,1951,Deborah,562
CT,F,1951,Kathleen,488
CT,F,1951,Barbara,463
CT,F,1951,Nancy,440
CT,F,1951,Donna,411
CT,F,1951,Karen,387
CT,F,1951,Diane,370
CT,F,1951,Carol,323
CT,F,1951,Elizabeth,292
CT,F,1951,Sharon,289
CT,F,1951,Judith,265
CT,F,1951,Sandra,264
CT,F,1951,Christine,252
CT,F,1951,Margaret,245
CT,F,1951,Gail,220
CT,F,1951,Pamela,220
CT,F,1951,Janet,206
CT,F,1951,Janice,200
CT,F,1951,Joan,200
CT,F,1951,Cynthia,182
CT,F,1951,Denise,176
CT,F,1951,Catherine,157
CT,F,1951,Ann,154
CT,F,1951,Jane,146
CT,F,1951,Cheryl,144
CT,F,1951,Joanne,138
CT,F,1951,Lynn,138
CT,F,1951,Jean,137
CT,F,1951,Debra,134
CT,F,1951,Joyce,130
CT,F,1951,Maureen,126
CT,F,1951,Ellen,121
CT,F,1951,Paula,120
CT,F,1951,Laura,116
CT,F,1951,Katherine,111
CT,F,1951,Beverly,108
CT,F,1951,Elaine,107
CT,F,1951,Anne,106
CT,F,1951,Carolyn,101
CT,F,1951,Bonnie,99
CT,F,1951,Lorraine,94
CT,F,1951,Marie,93
CT,F,1951,Wendy,92
CT,F,1951,Jacqueline,89
CT,F,1951,Marilyn,89
CT,F,1951,Shirley,86
CT,F,1951,Virginia,83
CT,F,1951,Theresa,80
CT,F,1951,Frances,78
CT,F,1951,Suzanne,76
CT,F,1951,Dorothy,75
CT,F,1951,Kathryn,74
CT,F,1951,Martha,74
CT,F,1951,Ruth,73
CT,F,1951,Louise,72
CT,F,1951,Sheila,72
CT,F,1951,Jeanne,69
CT,F,1951,Roberta,66
CT,F,1951,Lois,64
CT,F,1951,Gloria,63
CT,F,1951,Michele,62
CT,F,1951,Brenda,61
CT,F,1951,Irene,61
CT,F,1951,Joann,61
CT,F,1951,Marcia,61
CT,F,1951,Eileen,60
CT,F,1951,Kathy,59
CT,F,1951,Rosemary,59
CT,F,1951,Helen,58
CT,F,1951,Laurie,58
CT,F,1951,Robin,58
CT,F,1951,Valerie,58
CT,F,1951,Leslie,57
CT,F,1951,Andrea,56
CT,F,1951,Charlene,56
CT,F,1951,Maryann,56
CT,F,1951,Sally,56
CT,F,1951,Lynne,55
CT,F,1951,Phyllis,53
CT,F,1951,Alice,52
CT,F,1951,Darlene,52
CT,F,1951,Judy,52
CT,F,1951,Geraldine,51
CT,F,1951,Diana,50
CT,F,1951,Jill,49
CT,F,1951,Marjorie,48
CT,F,1951,Rose,47
CT,F,1951,Victoria,47
CT,F,1951,Rita,46
CT,F,1951,Cathy,45
CT,F,1951,Claudia,45
CT,F,1951,Betty,44
CT,F,1951,Evelyn,42
CT,F,1951,Angela,41
CT,F,1951,Doreen,41
CT,F,1951,Anna,39
CT,F,1951,Holly,39
CT,F,1951,Marlene,39
CT,F,1951,Beth,38
CT,F,1951,Sarah,38
CT,F,1951,June,37
CT,F,1951,Teresa,37
CT,F,1951,Colleen,36
CT,F,1951,Dianne,36
CT,F,1951,Arlene,35
CT,F,1951,Candace,35
CT,F,1951,Constance,35
CT,F,1951,Jo,35
CT,F,1951,Marion,35
CT,F,1951,Lisa,34
CT,F,1951,Jennifer,33
CT,F,1951,Sherry,33
CT,F,1951,Claire,32
CT,F,1951,Dale,32
CT,F,1951,Maria,32
CT,F,1951,Regina,32
CT,F,1951,Michelle,31
CT,F,1951,Anita,30
CT,F,1951,Charlotte,29
CT,F,1951,Dolores,29
CT,F,1951,Janis,29
CT,F,1951,Marsha,29
CT,F,1951,Carole,28
CT,F,1951,Rebecca,27
CT,F,1951,Shelley,27
CT,F,1951,Pauline,26
CT,F,1951,Christina,25
CT,F,1951,Doris,25
CT,F,1951,Lucille,25
CT,F,1951,Marianne,25
CT,F,1951,Norma,25
CT,F,1951,Amy,24
CT,F,1951,Dawn,24
CT,F,1951,Francine,24
CT,F,1951,Peggy,24
CT,F,1951,Priscilla,24
CT,F,1951,Audrey,22
CT,F,1951,Betsy,22
CT,F,1951,Rosemarie,22
CT,F,1951,Stephanie,22
CT,F,1951,Eleanor,21
CT,F,1951,Gale,21
CT,F,1951,Grace,21
CT,F,1951,Yvonne,21
CT,F,1951,Sara,20
CT,F,1951,Annette,19
CT,F,1951,Cathleen,19
CT,F,1951,Edith,19
CT,F,1951,Florence,19
CT,F,1951,Gayle,19
CT,F,1951,Jeanette,19
CT,F,1951,Josephine,19
CT,F,1951,Joy,19
CT,F,1951,Julie,19
CT,F,1951,Marguerite,19
CT,F,1951,Sylvia,19
CT,F,1951,Jacquelyn,18
CT,F,1951,Lynda,18
CT,F,1951,Renee,18
CT,F,1951,Katharine,17
CT,F,1951,Paulette,17
CT,F,1951,Vivian,17
CT,F,1951,Antoinette,16
CT,F,1951,Bernadette,16
CT,F,1951,Gwendolyn,16
CT,F,1951,Jan,16
CT,F,1951,Kristine,16
CT,F,1951,Loretta,16
CT,F,1951,Lucy,16
CT,F,1951,Melinda,16
CT,F,1951,Melissa,16
CT,F,1951,Terry,16
CT,F,1951,Cindy,15
CT,F,1951,Harriet,15
CT,F,1951,Julia,15
CT,F,1951,Lauren,15
CT,F,1951,Lillian,15
CT,F,1951,Noreen,15
CT,F,1951,Roxanne,15
CT,F,1951,Adele,14
CT,F,1951,Alison,14
CT,F,1951,Bernice,14
CT,F,1951,Carla,14
CT,F,1951,Caroline,14
CT,F,1951,Celeste,14
CT,F,1951,Emily,14
CT,F,1951,Laurel,14
CT,F,1951,Sheryl,14
CT,F,1951,Lee,13
CT,F,1951,Maryellen,13
CT,F,1951,Rosalie,13
CT,F,1951,Sue,13
CT,F,1951,Toni,13
CT,F,1951,Veronica,13
CT,F,1951,Wanda,13
CT,F,1951,Annmarie,12
CT,F,1951,Candice,12
CT,F,1951,Jessica,12
CT,F,1951,Kyle,12
CT,F,1951,Margo,12
CT,F,1951,Mariann,12
CT,F,1951,Melanie,12
CT,F,1951,Monica,12
CT,F,1951,Patti,12
CT,F,1951,Roseann,12
CT,F,1951,Terri,12
CT,F,1951,Adrienne,11
CT,F,1951,Faith,11
CT,F,1951,Faye,11
CT,F,1951,Helene,11
CT,F,1951,Hope,11
CT,F,1951,Karin,11
CT,F,1951,Patrice,11
CT,F,1951,Corinne,10
CT,F,1951,Elise,10
CT,F,1951,Heidi,10
CT,F,1951,Kimberly,10
CT,F,1951,Lydia,10
CT,F,1951,Marylou,10
CT,F,1951,Penny,10
CT,F,1951,Vicki,10
CT,F,1951,Alicia,9
CT,F,1951,Bonita,9
CT,F,1951,Carrie,9
CT,F,1951,Cecilia,9
CT,F,1951,Clare,9
CT,F,1951,Dana,9
CT,F,1951,Ernestine,9
CT,F,1951,Esther,9
CT,F,1951,Georgia,9
CT,F,1951,Heather,9
CT,F,1951,Lenore,9
CT,F,1951,Lucinda,9
CT,F,1951,Madeline,9
CT,F,1951,Maryanne,9
CT,F,1951,Meredith,9
CT,F,1951,Mildred,9
CT,F,1951,Rosanne,9
CT,F,1951,Sharyn,9
CT,F,1951,Bette,8
CT,F,1951,Cecelia,8
CT,F,1951,Connie,8
CT,F,1951,Hazel,8
CT,F,1951,Jeannette,8
CT,F,1951,Juanita,8
CT,F,1951,Kathi,8
CT,F,1951,Kerry,8
CT,F,1951,Natalie,8
CT,F,1951,Nina,8
CT,F,1951,Therese,8
CT,F,1951,Agnes,7
CT,F,1951,Alexis,7
CT,F,1951,Amelia,7
CT,F,1951,Antonia,7
CT,F,1951,Beatrice,7
CT,F,1951,Carmen,7
CT,F,1951,Debora,7
CT,F,1951,Dona,7
CT,F,1951,Edna,7
CT,F,1951,Eva,7
CT,F,1951,Gay,7
CT,F,1951,Gladys,7
CT,F,1951,Gretchen,7
CT,F,1951,Justine,7
CT,F,1951,Lesley,7
CT,F,1951,Marcy,7
CT,F,1951,Maura,7
CT,F,1951,Mona,7
CT,F,1951,Nanette,7
CT,F,1951,Polly,7
CT,F,1951,Rachel,7
CT,F,1951,Rhonda,7
CT,F,1951,Sophie,7
CT,F,1951,Tina,7
CT,F,1951,Alberta,6
CT,F,1951,Camille,6
CT,F,1951,Claudette,6
CT,F,1951,Darleen,6
CT,F,1951,Debbie,6
CT,F,1951,Deidre,6
CT,F,1951,Delores,6
CT,F,1951,Glenda,6
CT,F,1951,Hilary,6
CT,F,1951,Iris,6
CT,F,1951,Janette,6
CT,F,1951,Joanna,6
CT,F,1951,Kathie,6
CT,F,1951,Kay,6
CT,F,1951,Lea,6
CT,F,1951,Lenora,6
CT,F,1951,Lori,6
CT,F,1951,Lorna,6
CT,F,1951,Marcella,6
CT,F,1951,Marta,6
CT,F,1951,Maryjane,6
CT,F,1951,Maxine,6
CT,F,1951,Melody,6
CT,F,1951,Miriam,6
CT,F,1951,Sharlene,6
CT,F,1951,Annie,5
CT,F,1951,April,5
CT,F,1951,Celia,5
CT,F,1951,Clara,5
CT,F,1951,Coleen,5
CT,F,1951,Crystal,5
CT,F,1951,Dianna,5
CT,F,1951,Elena,5
CT,F,1951,Eugenia,5
CT,F,1951,Felicia,5
CT,F,1951,Fern,5
CT,F,1951,Jacalyn,5
CT,F,1951,Jamie,5
CT,F,1951,Janine,5
CT,F,1951,Jayne,5
CT,F,1951,Jenny,5
CT,F,1951,Jody,5
CT,F,1951,Julianne,5
CT,F,1951,Kate,5
CT,F,1951,Kristin,5
CT,F,1951,Lola,5
CT,F,1951,Lucia,5
CT,F,1951,Lyn,5
CT,F,1951,Madelyn,5
CT,F,1951,Marybeth,5
CT,F,1951,Nora,5
CT,F,1951,Pearl,5
CT,F,1951,Philomena,5
CT,F,1951,Ramona,5
CT,F,1951,Rosalind,5
CT,F,1951,Sandy,5
CT,F,1951,Susanne,5
CT,F,1951,Trudy,5
CT,F,1951,Vickie,5
CT,F,1952,Linda,774
CT,F,1952,Patricia,769
CT,F,1952,Susan,729
CT,F,1952,Deborah,668
CT,F,1952,Mary,629
CT,F,1952,Barbara,518
CT,F,1952,Nancy,510
CT,F,1952,Kathleen,507
CT,F,1952,Donna,427
CT,F,1952,Karen,420
CT,F,1952,Diane,408
CT,F,1952,Carol,376
CT,F,1952,Elizabeth,318
CT,F,1952,Sharon,309
CT,F,1952,Sandra,302
CT,F,1952,Christine,295
CT,F,1952,Margaret,273
CT,F,1952,Pamela,266
CT,F,1952,Judith,259
CT,F,1952,Debra,248
CT,F,1952,Cynthia,241
CT,F,1952,Joan,228
CT,F,1952,Gail,227
CT,F,1952,Janet,223
CT,F,1952,Denise,221
CT,F,1952,Janice,187
CT,F,1952,Ann,177
CT,F,1952,Catherine,173
CT,F,1952,Cheryl,163
CT,F,1952,Lynn,156
CT,F,1952,Jane,155
CT,F,1952,Jean,143
CT,F,1952,Joyce,143
CT,F,1952,Laura,141
CT,F,1952,Maureen,141
CT,F,1952,Joanne,126
CT,F,1952,Marilyn,120
CT,F,1952,Anne,119
CT,F,1952,Elaine,119
CT,F,1952,Ellen,115
CT,F,1952,Paula,115
CT,F,1952,Eileen,105
CT,F,1952,Beverly,104
CT,F,1952,Jacqueline,101
CT,F,1952,Marie,100
CT,F,1952,Wendy,99
CT,F,1952,Laurie,98
CT,F,1952,Theresa,97
CT,F,1952,Virginia,94
CT,F,1952,Bonnie,93
CT,F,1952,Kathryn,90
CT,F,1952,Dorothy,89
CT,F,1952,Katherine,89
CT,F,1952,Suzanne,84
CT,F,1952,Michele,83
CT,F,1952,Claudia,81
CT,F,1952,Darlene,81
CT,F,1952,Robin,79
CT,F,1952,Lorraine,76
CT,F,1952,Ruth,76
CT,F,1952,Roberta,75
CT,F,1952,Sally,74
CT,F,1952,Jo,73
CT,F,1952,Sheila,73
CT,F,1952,Carolyn,72
CT,F,1952,Joann,71
CT,F,1952,Rose,71
CT,F,1952,Brenda,70
CT,F,1952,Frances,70
CT,F,1952,Lisa,70
CT,F,1952,Kathy,69
CT,F,1952,Gloria,66
CT,F,1952,Leslie,65
CT,F,1952,Martha,64
CT,F,1952,Louise,63
CT,F,1952,Shirley,62
CT,F,1952,Marcia,61
CT,F,1952,Diana,60
CT,F,1952,Valerie,59
CT,F,1952,Jeanne,58
CT,F,1952,Cathy,56
CT,F,1952,Helen,55
CT,F,1952,Andrea,54
CT,F,1952,Jill,54
CT,F,1952,Charlene,53
CT,F,1952,June,53
CT,F,1952,Rosemary,53
CT,F,1952,Lynne,51
CT,F,1952,Phyllis,51
CT,F,1952,Sarah,51
CT,F,1952,Marlene,50
CT,F,1952,Maryann,50
CT,F,1952,Victoria,50
CT,F,1952,Colleen,49
CT,F,1952,Maria,48
CT,F,1952,Marianne,48
CT,F,1952,Alice,46
CT,F,1952,Doreen,46
CT,F,1952,Judy,45
CT,F,1952,Lois,45
CT,F,1952,Rita,45
CT,F,1952,Marjorie,44
CT,F,1952,Betty,43
CT,F,1952,Arlene,42
CT,F,1952,Holly,42
CT,F,1952,Claire,41
CT,F,1952,Constance,41
CT,F,1952,Anna,40
CT,F,1952,Dale,40
CT,F,1952,Geraldine,40
CT,F,1952,Marsha,40
CT,F,1952,Beth,39
CT,F,1952,Rebecca,39
CT,F,1952,Anita,37
CT,F,1952,Dawn,37
CT,F,1952,Evelyn,36
CT,F,1952,Irene,36
CT,F,1952,Lynda,35
CT,F,1952,Regina,35
CT,F,1952,Amy,34
CT,F,1952,Angela,34
CT,F,1952,Michelle,34
CT,F,1952,Dianne,33
CT,F,1952,Dolores,32
CT,F,1952,Lucille,32
CT,F,1952,Candace,31
CT,F,1952,Priscilla,31
CT,F,1952,Shelley,31
CT,F,1952,Charlotte,28
CT,F,1952,Jennifer,28
CT,F,1952,Christina,27
CT,F,1952,Julie,27
CT,F,1952,Sherry,27
CT,F,1952,Jan,26
CT,F,1952,Joy,26
CT,F,1952,Marion,26
CT,F,1952,Nadine,26
CT,F,1952,Noreen,26
CT,F,1952,Teresa,26
CT,F,1952,Audrey,25
CT,F,1952,Pauline,25
CT,F,1952,Bernadette,24
CT,F,1952,Gayle,24
CT,F,1952,Lauren,24
CT,F,1952,Peggy,24
CT,F,1952,Sara,24
CT,F,1952,Betsy,23
CT,F,1952,Carole,23
CT,F,1952,Eleanor,23
CT,F,1952,Norma,23
CT,F,1952,Roxanne,23
CT,F,1952,Stephanie,23
CT,F,1952,Terry,23
CT,F,1952,Carla,22
CT,F,1952,Francine,22
CT,F,1952,Grace,22
CT,F,1952,Janis,22
CT,F,1952,Julia,22
CT,F,1952,Kim,22
CT,F,1952,Lillian,22
CT,F,1952,Sylvia,22
CT,F,1952,Doris,21
CT,F,1952,Marguerite,21
CT,F,1952,Antoinette,20
CT,F,1952,Laurel,20
CT,F,1952,Natalie,20
CT,F,1952,Sue,20
CT,F,1952,Edith,19
CT,F,1952,Jeanette,19
CT,F,1952,Josephine,19
CT,F,1952,Rosemarie,19
CT,F,1952,Sheryl,19
CT,F,1952,Toni,19
CT,F,1952,Lee,18
CT,F,1952,Paulette,18
CT,F,1952,Renee,18
CT,F,1952,Gale,17
CT,F,1952,Heather,17
CT,F,1952,Kristine,17
CT,F,1952,Loretta,17
CT,F,1952,Nina,17
CT,F,1952,Patti,17
CT,F,1952,Rosanne,17
CT,F,1952,Yvonne,17
CT,F,1952,Melinda,16
CT,F,1952,Rosalie,16
CT,F,1952,Alison,15
CT,F,1952,Emily,15
CT,F,1952,Faith,15
CT,F,1952,Rhonda,15
CT,F,1952,Roseann,15
CT,F,1952,Tina,15
CT,F,1952,Vivian,15
CT,F,1952,Florence,14
CT,F,1952,Jacquelyn,14
CT,F,1952,Lori,14
CT,F,1952,Madeline,14
CT,F,1952,Veronica,14
CT,F,1952,Wanda,14
CT,F,1952,Annette,13
CT,F,1952,Corinne,13
CT,F,1952,Heidi,13
CT,F,1952,Helene,13
CT,F,1952,Jessica,13
CT,F,1952,Jody,13
CT,F,1952,Lenore,13
CT,F,1952,Lucy,13
CT,F,1952,Maryanne,13
CT,F,1952,Susanne,13
CT,F,1952,Gwendolyn,12
CT,F,1952,Johanna,12
CT,F,1952,Maryellen,12
CT,F,1952,Adrienne,11
CT,F,1952,Beatrice,11
CT,F,1952,Cathleen,11
CT,F,1952,Celeste,11
CT,F,1952,Cindy,11
CT,F,1952,Debora,11
CT,F,1952,Jeannette,11
CT,F,1952,Kimberly,11
CT,F,1952,Leona,11
CT,F,1952,Lydia,11
CT,F,1952,Monica,11
CT,F,1952,Penny,11
CT,F,1952,Caroline,10
CT,F,1952,Dana,10
CT,F,1952,Debbie,10
CT,F,1952,Esther,10
CT,F,1952,Harriet,10
CT,F,1952,Jeanine,10
CT,F,1952,Katharine,10
CT,F,1952,Melanie,10
CT,F,1952,Terri,10
CT,F,1952,Abigail,9
CT,F,1952,Adele,9
CT,F,1952,Agnes,9
CT,F,1952,Bernice,9
CT,F,1952,Eva,9
CT,F,1952,Jeannine,9
CT,F,1952,Kathie,9
CT,F,1952,Lorna,9
CT,F,1952,Marylou,9
CT,F,1952,Penelope,9
CT,F,1952,Rachel,9
CT,F,1952,Therese,9
CT,F,1952,Vicki,9
CT,F,1952,April,8
CT,F,1952,Bonita,8
CT,F,1952,Candice,8
CT,F,1952,Carmela,8
CT,F,1952,Cecilia,8
CT,F,1952,Clare,8
CT,F,1952,Delores,8
CT,F,1952,Dona,8
CT,F,1952,Dorene,8
CT,F,1952,Faye,8
CT,F,1952,Hollis,8
CT,F,1952,Hope,8
CT,F,1952,Jayne,8
CT,F,1952,Juanita,8
CT,F,1952,Lorrie,8
CT,F,1952,Margo,8
CT,F,1952,Maura,8
CT,F,1952,Melissa,8
CT,F,1952,Rosalind,8
CT,F,1952,Vera,8
CT,F,1952,Alberta,7
CT,F,1952,Allison,7
CT,F,1952,Alyce,7
CT,F,1952,Annmarie,7
CT,F,1952,Arleen,7
CT,F,1952,Camille,7
CT,F,1952,Carmen,7
CT,F,1952,Claudette,7
CT,F,1952,Coleen,7
CT,F,1952,Dianna,7
CT,F,1952,Ernestine,7
CT,F,1952,Ethel,7
CT,F,1952,Gina,7
CT,F,1952,Ingrid,7
CT,F,1952,Iris,7
CT,F,1952,Janine,7
CT,F,1952,Karin,7
CT,F,1952,Kristen,7
CT,F,1952,Maribeth,7
CT,F,1952,Mildred,7
CT,F,1952,Nora,7
CT,F,1952,Olga,7
CT,F,1952,Patrice,7
CT,F,1952,Rae,7
CT,F,1952,Ramona,7
CT,F,1952,Sallie,7
CT,F,1952,Bette,6
CT,F,1952,Blanche,6
CT,F,1952,Carlene,6
CT,F,1952,Carrie,6
CT,F,1952,Cathryn,6
CT,F,1952,Connie,6
CT,F,1952,David,6
CT,F,1952,Deirdre,6
CT,F,1952,Dorine,6
CT,F,1952,Elisabeth,6
CT,F,1952,Estelle,6
CT,F,1952,Genevieve,6
CT,F,1952,Georgette,6
CT,F,1952,Gretchen,6
CT,F,1952,Ilene,6
CT,F,1952,Joanna,6
CT,F,1952,Lucinda,6
CT,F,1952,Lynette,6
CT,F,1952,Lynnette,6
CT,F,1952,Madelyn,6
CT,F,1952,Marcy,6
CT,F,1952,Margery,6
CT,F,1952,Marian,6
CT,F,1952,Maryjane,6
CT,F,1952,Melody,6
CT,F,1952,Miriam,6
CT,F,1952,Muriel,6
CT,F,1952,Pearl,6
CT,F,1952,Robyn,6
CT,F,1952,Rosalyn,6
CT,F,1952,Sharron,6
CT,F,1952,Theodora,6
CT,F,1952,Vanessa,6
CT,F,1952,Alexandra,5
CT,F,1952,Alicia,5
CT,F,1952,Belinda,5
CT,F,1952,Billie,5
CT,F,1952,Caren,5
CT,F,1952,Caryn,5
CT,F,1952,Catharine,5
CT,F,1952,Cecile,5
CT,F,1952,Charmaine,5
CT,F,1952,Corrine,5
CT,F,1952,Crystal,5
CT,F,1952,Danielle,5
CT,F,1952,Darcy,5
CT,F,1952,Daria,5
CT,F,1952,Deidre,5
CT,F,1952,Dorothea,5
CT,F,1952,Edna,5
CT,F,1952,Gay,5
CT,F,1952,Georgia,5
CT,F,1952,Glenda,5
CT,F,1952,Jennie,5
CT,F,1952,Jeri,5
CT,F,1952,Kerry,5
CT,F,1952,Lana,5
CT,F,1952,Laureen,5
CT,F,1952,Lea,5
CT,F,1952,Lesley,5
CT,F,1952,Lyn,5
CT,F,1952,Margot,5
CT,F,1952,Maxine,5
CT,F,1952,Meredith,5
CT,F,1952,Mona,5
CT,F,1952,Nan,5
CT,F,1952,Naomi,5
CT,F,1952,Patty,5
CT,F,1952,Polly,5
CT,F,1952,Rhea,5
CT,F,1952,Rosa,5
CT,F,1952,Tracy,5
CT,F,1952,Winifred,5
CT,F,1953,Susan,815
CT,F,1953,Deborah,763
CT,F,1953,Linda,730
CT,F,1953,Patricia,718
CT,F,1953,Mary,667
CT,F,1953,Nancy,540
CT,F,1953,Barbara,489
CT,F,1953,Kathleen,485
CT,F,1953,Karen,438
CT,F,1953,Donna,424
CT,F,1953,Diane,389
CT,F,1953,Carol,365
CT,F,1953,Debra,332
CT,F,1953,Elizabeth,327
CT,F,1953,Cynthia,316
CT,F,1953,Sharon,303
CT,F,1953,Pamela,270
CT,F,1953,Janet,259
CT,F,1953,Sandra,257
CT,F,1953,Margaret,245
CT,F,1953,Joan,236
CT,F,1953,Gail,223
CT,F,1953,Denise,220
CT,F,1953,Judith,211
CT,F,1953,Janice,187
CT,F,1953,Christine,186
CT,F,1953,Joanne,175
CT,F,1953,Catherine,170
CT,F,1953,Cheryl,155
CT,F,1953,Ann,153
CT,F,1953,Lynn,151
CT,F,1953,Jane,150
CT,F,1953,Paula,145
CT,F,1953,Jean,131
CT,F,1953,Anne,126
CT,F,1953,Joyce,126
CT,F,1953,Laura,126
CT,F,1953,Maureen,126
CT,F,1953,Ellen,120
CT,F,1953,Robin,119
CT,F,1953,Beverly,117
CT,F,1953,Katherine,116
CT,F,1953,Marilyn,110
CT,F,1953,Kathryn,102
CT,F,1953,Elaine,101
CT,F,1953,Eileen,100
CT,F,1953,Jacqueline,100
CT,F,1953,Kathy,99
CT,F,1953,Jo,98
CT,F,1953,Laurie,95
CT,F,1953,Sheila,95
CT,F,1953,Wendy,95
CT,F,1953,Marie,93
CT,F,1953,Theresa,92
CT,F,1953,Virginia,90
CT,F,1953,Bonnie,89
CT,F,1953,Suzanne,82
CT,F,1953,Sally,81
CT,F,1953,Maria,79
CT,F,1953,Darlene,77
CT,F,1953,Michele,76
CT,F,1953,Dorothy,74
CT,F,1953,Martha,74
CT,F,1953,Carolyn,73
CT,F,1953,Ruth,73
CT,F,1953,Leslie,72
CT,F,1953,Valerie,72
CT,F,1953,Lisa,70
CT,F,1953,Roberta,69
CT,F,1953,Claudia,67
CT,F,1953,Lorraine,67
CT,F,1953,Frances,65
CT,F,1953,Rose,64
CT,F,1953,Joann,63
CT,F,1953,Sarah,63
CT,F,1953,Louise,62
CT,F,1953,Shirley,62
CT,F,1953,Gloria,59
CT,F,1953,Andrea,58
CT,F,1953,Brenda,57
CT,F,1953,Michelle,57
CT,F,1953,Charlene,56
CT,F,1953,Doreen,56
CT,F,1953,Cathy,55
CT,F,1953,Judy,55
CT,F,1953,Alice,54
CT,F,1953,Helen,54
CT,F,1953,Diana,53
CT,F,1953,Rita,53
CT,F,1953,Rosemary,52
CT,F,1953,Jill,50
CT,F,1953,Dawn,49
CT,F,1953,Lois,49
CT,F,1953,Marcia,49
CT,F,1953,Anita,47
CT,F,1953,Colleen,47
CT,F,1953,Jeanne,47
CT,F,1953,Betty,46
CT,F,1953,Holly,46
CT,F,1953,Irene,46
CT,F,1953,Arlene,45
CT,F,1953,Victoria,45
CT,F,1953,Dale,44
CT,F,1953,Evelyn,44
CT,F,1953,Lynne,44
CT,F,1953,Phyllis,44
CT,F,1953,Geraldine,43
CT,F,1953,Beth,41
CT,F,1953,Marjorie,41
CT,F,1953,Marsha,41
CT,F,1953,Marianne,40
CT,F,1953,Rebecca,40
CT,F,1953,Kim,39
CT,F,1953,Teresa,38
CT,F,1953,Anna,37
CT,F,1953,Lauren,36
CT,F,1953,Betsy,35
CT,F,1953,Regina,35
CT,F,1953,Amy,34
CT,F,1953,Candace,33
CT,F,1953,Constance,33
CT,F,1953,June,33
CT,F,1953,Marlene,33
CT,F,1953,Maryann,33
CT,F,1953,Carole,32
CT,F,1953,Lori,32
CT,F,1953,Julie,31
CT,F,1953,Lucille,31
CT,F,1953,Sara,31
CT,F,1953,Janis,30
CT,F,1953,Sherry,30
CT,F,1953,Vanessa,30
CT,F,1953,Dianne,29
CT,F,1953,Nina,29
CT,F,1953,Roxanne,29
CT,F,1953,Charlotte,28
CT,F,1953,Eleanor,28
CT,F,1953,Josephine,28
CT,F,1953,Christina,27
CT,F,1953,Debbie,27
CT,F,1953,Marion,27
CT,F,1953,Peggy,27
CT,F,1953,Priscilla,27
CT,F,1953,Renee,27
CT,F,1953,Shelley,27
CT,F,1953,Angela,26
CT,F,1953,Dolores,26
CT,F,1953,Jennifer,26
CT,F,1953,Norma,26
CT,F,1953,Claire,25
CT,F,1953,Sheryl,25
CT,F,1953,Yvonne,25
CT,F,1953,Audrey,24
CT,F,1953,Lynda,24
CT,F,1953,Stephanie,24
CT,F,1953,Sue,24
CT,F,1953,Bernadette,23
CT,F,1953,Carla,23
CT,F,1953,Doris,23
CT,F,1953,Heidi,23
CT,F,1953,Laurel,23
CT,F,1953,Noreen,23
CT,F,1953,Pauline,23
CT,F,1953,Gayle,22
CT,F,1953,Alison,21
CT,F,1953,Francine,21
CT,F,1953,Grace,21
CT,F,1953,Patrice,21
CT,F,1953,Rosanne,21
CT,F,1953,Faith,20
CT,F,1953,Gale,20
CT,F,1953,Joy,20
CT,F,1953,Melanie,20
CT,F,1953,Melissa,20
CT,F,1953,Toni,20
CT,F,1953,Annette,19
CT,F,1953,Jan,19
CT,F,1953,Julia,19
CT,F,1953,Marian,19
CT,F,1953,Caroline,18
CT,F,1953,Cindy,18
CT,F,1953,Corinne,18
CT,F,1953,Florence,18
CT,F,1953,Kimberly,18
CT,F,1953,Melinda,18
CT,F,1953,Monica,18
CT,F,1953,Paulette,18
CT,F,1953,Rhonda,18
CT,F,1953,Terry,18
CT,F,1953,Jacquelyn,17
CT,F,1953,Jeanette,17
CT,F,1953,Lee,17
CT,F,1953,Nadine,17
CT,F,1953,Rachel,17
CT,F,1953,Sylvia,17
CT,F,1953,Cathleen,16
CT,F,1953,Lillian,16
CT,F,1953,Loretta,16
CT,F,1953,Vicki,16
CT,F,1953,Wanda,16
CT,F,1953,Kristine,15
CT,F,1953,Lucy,15
CT,F,1953,Marguerite,15
CT,F,1953,Patti,15
CT,F,1953,Veronica,15
CT,F,1953,Vivian,15
CT,F,1953,Emily,14
CT,F,1953,Nora,14
CT,F,1953,Adele,13
CT,F,1953,Agnes,13
CT,F,1953,Madeline,13
CT,F,1953,Sherri,13
CT,F,1953,Belinda,12
CT,F,1953,Bonita,12
CT,F,1953,Edith,12
CT,F,1953,Lydia,12
CT,F,1953,Natalie,12
CT,F,1953,Roseann,12
CT,F,1953,Rosemarie,12
CT,F,1953,Susanne,12
CT,F,1953,Terri,12
CT,F,1953,Tina,12
CT,F,1953,Bernice,11
CT,F,1953,Celeste,11
CT,F,1953,Elise,11
CT,F,1953,Helene,11
CT,F,1953,Ingrid,11
CT,F,1953,Janine,11
CT,F,1953,Jeannette,11
CT,F,1953,Katharine,11
CT,F,1953,Luann,11
CT,F,1953,Marylou,11
CT,F,1953,Melody,11
CT,F,1953,Mildred,11
CT,F,1953,Rosalie,11
CT,F,1953,April,10
CT,F,1953,Beatrice,10
CT,F,1953,Clare,10
CT,F,1953,Connie,10
CT,F,1953,Jamie,10
CT,F,1953,Janette,10
CT,F,1953,Jayne,10
CT,F,1953,Jody,10
CT,F,1953,Karin,10
CT,F,1953,Lucia,10
CT,F,1953,Penny,10
CT,F,1953,Ramona,10
CT,F,1953,Adrienne,9
CT,F,1953,Alicia,9
CT,F,1953,Betsey,9
CT,F,1953,Camille,9
CT,F,1953,Carmen,9
CT,F,1953,Carrie,9
CT,F,1953,Edna,9
CT,F,1953,Esther,9
CT,F,1953,Gina,9
CT,F,1953,Jessica,9
CT,F,1953,Juanita,9
CT,F,1953,Lenore,9
CT,F,1953,Lorna,9
CT,F,1953,Lou,9
CT,F,1953,Louann,9
CT,F,1953,Lucinda,9
CT,F,1953,Marybeth,9
CT,F,1953,Muriel,9
CT,F,1953,Sherrie,9
CT,F,1953,Allison,8
CT,F,1953,Annmarie,8
CT,F,1953,Antoinette,8
CT,F,1953,Cindi,8
CT,F,1953,Dana,8
CT,F,1953,Elisabeth,8
CT,F,1953,Gay,8
CT,F,1953,Gwen,8
CT,F,1953,Gwendolyn,8
CT,F,1953,Harriet,8
CT,F,1953,Hope,8
CT,F,1953,Iris,8
CT,F,1953,Joanna,8
CT,F,1953,Kathie,8
CT,F,1953,Kerry,8
CT,F,1953,Lynette,8
CT,F,1953,Margo,8
CT,F,1953,Maryanne,8
CT,F,1953,Maryellen,8
CT,F,1953,Maxine,8
CT,F,1953,Mona,8
CT,F,1953,Polly,8
CT,F,1953,Tracey,8
CT,F,1953,Alberta,7
CT,F,1953,Amelia,7
CT,F,1953,Candice,7
CT,F,1953,Carlene,7
CT,F,1953,Claudette,7
CT,F,1953,Crystal,7
CT,F,1953,Darleen,7
CT,F,1953,Debora,7
CT,F,1953,Deirdre,7
CT,F,1953,Delores,7
CT,F,1953,Eugenia,7
CT,F,1953,Gladys,7
CT,F,1953,Glenda,7
CT,F,1953,Gretchen,7
CT,F,1953,Heather,7
CT,F,1953,Kristin,7
CT,F,1953,Laureen,7
CT,F,1953,Leigh,7
CT,F,1953,Leslee,7
CT,F,1953,Lesley,7
CT,F,1953,Lila,7
CT,F,1953,Lorrie,7
CT,F,1953,Luanne,7
CT,F,1953,Marcy,7
CT,F,1953,Mindy,7
CT,F,1953,Naomi,7
CT,F,1953,Roseanne,7
CT,F,1953,Sophie,7
CT,F,1953,Teri,7
CT,F,1953,Therese,7
CT,F,1953,Arline,6
CT,F,1953,Bette,6
CT,F,1953,Bonny,6
CT,F,1953,Bridget,6
CT,F,1953,Clara,6
CT,F,1953,Eloise,6
CT,F,1953,Emma,6
CT,F,1953,Genevieve,6
CT,F,1953,Ilona,6
CT,F,1953,Isabel,6
CT,F,1953,Jeannine,6
CT,F,1953,Jennie,6
CT,F,1953,Kimberley,6
CT,F,1953,Leona,6
CT,F,1953,Lyn,6
CT,F,1953,Madelyn,6
CT,F,1953,Margot,6
CT,F,1953,Maryjane,6
CT,F,1953,Maura,6
CT,F,1953,Miriam,6
CT,F,1953,Myra,6
CT,F,1953,Randi,6
CT,F,1953,Rena,6
CT,F,1953,Rosalind,6
CT,F,1953,Sallie,6
CT,F,1953,Trudy,6
CT,F,1953,Vickie,6
CT,F,1953,Winifred,6
CT,F,1953,Alexandra,5
CT,F,1953,Alexis,5
CT,F,1953,Amanda,5
CT,F,1953,Angelina,5
CT,F,1953,Ava,5
CT,F,1953,Carmela,5
CT,F,1953,Cheryle,5
CT,F,1953,Chris,5
CT,F,1953,Daria,5
CT,F,1953,Dianna,5
CT,F,1953,Dona,5
CT,F,1953,Doretta,5
CT,F,1953,Elisa,5
CT,F,1953,Eva,5
CT,F,1953,Felice,5
CT,F,1953,Felicia,5
CT,F,1953,Francesca,5
CT,F,1953,Hilary,5
CT,F,1953,Hollis,5
CT,F,1953,Jeanine,5
CT,F,1953,Jocelyn,5
CT,F,1953,Joni,5
CT,F,1953,Justine,5
CT,F,1953,Kay,5
CT,F,1953,Kyle,5
CT,F,1953,Linnea,5
CT,F,1953,Lissie,5
CT,F,1953,Lorene,5
CT,F,1953,Lorie,5
CT,F,1953,Louanne,5
CT,F,1953,Marcella,5
CT,F,1953,Margery,5
CT,F,1953,Mari,5
CT,F,1953,Marla,5
CT,F,1953,Nanci,5
CT,F,1953,Nola,5
CT,F,1953,Rae,5
CT,F,1953,Robyn,5
CT,F,1953,Rochelle,5
CT,F,1953,Rosann,5
CT,F,1953,Roxann,5
CT,F,1953,Ruby,5
CT,F,1953,Sharron,5
CT,F,1953,Tanya,5
CT,F,1953,Yvette,5
CT,F,1954,Susan,864
CT,F,1954,Patricia,761
CT,F,1954,Mary,754
CT,F,1954,Deborah,745
CT,F,1954,Linda,734
CT,F,1954,Nancy,604
CT,F,1954,Debra,507
CT,F,1954,Karen,507
CT,F,1954,Barbara,479
CT,F,1954,Donna,459
CT,F,1954,Kathleen,455
CT,F,1954,Diane,382
CT,F,1954,Cynthia,361
CT,F,1954,Carol,321
CT,F,1954,Sharon,304
CT,F,1954,Pamela,302
CT,F,1954,Elizabeth,266
CT,F,1954,Margaret,248
CT,F,1954,Sandra,246
CT,F,1954,Gail,227
CT,F,1954,Janet,221
CT,F,1954,Joan,208
CT,F,1954,Catherine,190
CT,F,1954,Cheryl,187
CT,F,1954,Lynn,187
CT,F,1954,Judith,181
CT,F,1954,Denise,176
CT,F,1954,Robin,176
CT,F,1954,Ann,166
CT,F,1954,Joanne,164
CT,F,1954,Laura,163
CT,F,1954,Jane,160
CT,F,1954,Janice,156
CT,F,1954,Christine,150
CT,F,1954,Paula,150
CT,F,1954,Maureen,143
CT,F,1954,Anne,140
CT,F,1954,Ellen,137
CT,F,1954,Lisa,136
CT,F,1954,Joyce,135
CT,F,1954,Jean,132
CT,F,1954,Laurie,129
CT,F,1954,Elaine,119
CT,F,1954,Jo,112
CT,F,1954,Rose,104
CT,F,1954,Marie,103
CT,F,1954,Katherine,102
CT,F,1954,Theresa,102
CT,F,1954,Beverly,101
CT,F,1954,Kathryn,101
CT,F,1954,Michele,100
CT,F,1954,Eileen,97
CT,F,1954,Leslie,96
CT,F,1954,Wendy,94
CT,F,1954,Marilyn,92
CT,F,1954,Sheila,88
CT,F,1954,Marian,86
CT,F,1954,Suzanne,86
CT,F,1954,Jacqueline,85
CT,F,1954,Bonnie,83
CT,F,1954,Kathy,82
CT,F,1954,Holly,78
CT,F,1954,Dorothy,75
CT,F,1954,Joann,75
CT,F,1954,Lori,75
CT,F,1954,Dawn,73
CT,F,1954,Lorraine,73
CT,F,1954,Sally,73
CT,F,1954,Andrea,71
CT,F,1954,Martha,70
CT,F,1954,Virginia,70
CT,F,1954,Darlene,69
CT,F,1954,Valerie,69
CT,F,1954,Brenda,68
CT,F,1954,Ruth,67
CT,F,1954,Carolyn,66
CT,F,1954,Maria,66
CT,F,1954,Cathy,64
CT,F,1954,Gloria,63
CT,F,1954,Victoria,63
CT,F,1954,Marcia,62
CT,F,1954,Betty,61
CT,F,1954,Beth,59
CT,F,1954,Claudia,58
CT,F,1954,Diana,58
CT,F,1954,Roberta,58
CT,F,1954,Shirley,58
CT,F,1954,Helen,57
CT,F,1954,Alice,55
CT,F,1954,Jeanne,55
CT,F,1954,Colleen,54
CT,F,1954,Marianne,54
CT,F,1954,Sarah,54
CT,F,1954,Doreen,53
CT,F,1954,Louise,53
CT,F,1954,Rosemary,53
CT,F,1954,Angela,52
CT,F,1954,Kim,52
CT,F,1954,Rita,52
CT,F,1954,Charlene,50
CT,F,1954,Frances,50
CT,F,1954,Jill,50
CT,F,1954,Michelle,50
CT,F,1954,Phyllis,50
CT,F,1954,Teresa,47
CT,F,1954,Amy,46
CT,F,1954,Evelyn,45
CT,F,1954,Lynne,45
CT,F,1954,Judy,43
CT,F,1954,June,43
CT,F,1954,Lois,42
CT,F,1954,Anna,41
CT,F,1954,Dianne,39
CT,F,1954,Rebecca,38
CT,F,1954,Anita,37
CT,F,1954,Lauren,37
CT,F,1954,Jennifer,36
CT,F,1954,Julie,36
CT,F,1954,Dolores,35
CT,F,1954,Candace,33
CT,F,1954,Dale,33
CT,F,1954,Debbie,33
CT,F,1954,Loretta,33
CT,F,1954,Claire,32
CT,F,1954,Constance,32
CT,F,1954,Janis,32
CT,F,1954,Marjorie,32
CT,F,1954,Roxanne,32
CT,F,1954,Cindy,31
CT,F,1954,Renee,31
CT,F,1954,Geraldine,30
CT,F,1954,Marlene,30
CT,F,1954,Regina,30
CT,F,1954,Sherry,30
CT,F,1954,Stephanie,30
CT,F,1954,Irene,29
CT,F,1954,Marion,29
CT,F,1954,Arlene,28
CT,F,1954,Audrey,28
CT,F,1954,Jan,28
CT,F,1954,Pauline,28
CT,F,1954,Lucille,27
CT,F,1954,Nina,27
CT,F,1954,Priscilla,27
CT,F,1954,Shelley,27
CT,F,1954,Terry,27
CT,F,1954,Lucy,26
CT,F,1954,Maryann,26
CT,F,1954,Yvonne,26
CT,F,1954,Carole,25
CT,F,1954,Marsha,25
CT,F,1954,Sara,25
CT,F,1954,Sheryl,25
CT,F,1954,Carla,24
CT,F,1954,Julia,24
CT,F,1954,Toni,24
CT,F,1954,April,23
CT,F,1954,Heidi,23
CT,F,1954,Melissa,23
CT,F,1954,Wanda,23
CT,F,1954,Betsy,22
CT,F,1954,Luann,22
CT,F,1954,Norma,22
CT,F,1954,Vicki,22
CT,F,1954,Vivian,22
CT,F,1954,Charlotte,21
CT,F,1954,Joy,21
CT,F,1954,Paulette,21
CT,F,1954,Sue,21
CT,F,1954,Vanessa,21
CT,F,1954,Veronica,21
CT,F,1954,Bernadette,20
CT,F,1954,Kimberly,20
CT,F,1954,Maura,20
CT,F,1954,Rosanne,20
CT,F,1954,Rosemarie,20
CT,F,1954,Christina,19
CT,F,1954,Eleanor,19
CT,F,1954,Gina,19
CT,F,1954,Lillian,19
CT,F,1954,Nadine,19
CT,F,1954,Peggy,19
CT,F,1954,Annette,18
CT,F,1954,Grace,18
CT,F,1954,Tina,18
CT,F,1954,Carmen,17
CT,F,1954,Doris,17
CT,F,1954,Francine,17
CT,F,1954,Heather,17
CT,F,1954,Jayne,17
CT,F,1954,Lynda,17
CT,F,1954,Maryellen,17
CT,F,1954,Noreen,17
CT,F,1954,Terri,17
CT,F,1954,Alison,16
CT,F,1954,Debora,16
CT,F,1954,Edith,16
CT,F,1954,Jeanette,16
CT,F,1954,Karin,16
CT,F,1954,Marguerite,16
CT,F,1954,Monica,16
CT,F,1954,Robyn,16
CT,F,1954,Celeste,15
CT,F,1954,Dana,15
CT,F,1954,Eva,15
CT,F,1954,Gale,15
CT,F,1954,Gayle,15
CT,F,1954,Lee,15
CT,F,1954,Lydia,15
CT,F,1954,Melanie,15
CT,F,1954,Patrice,15
CT,F,1954,Sylvia,15
CT,F,1954,Emily,14
CT,F,1954,Laurel,14
CT,F,1954,Miriam,14
CT,F,1954,Patti,14
CT,F,1954,Alicia,13
CT,F,1954,Cathleen,13
CT,F,1954,Josephine,13
CT,F,1954,Madeline,13
CT,F,1954,Rachel,13
CT,F,1954,Roseann,13
CT,F,1954,Sherri,13
CT,F,1954,Harriet,12
CT,F,1954,Jacquelyn,12
CT,F,1954,Leigh,12
CT,F,1954,Mariann,12
CT,F,1954,Melinda,12
CT,F,1954,Rhonda,12
CT,F,1954,Belinda,11
CT,F,1954,Bernice,11
CT,F,1954,Bonita,11
CT,F,1954,Delores,11
CT,F,1954,Faith,11
CT,F,1954,Gwendolyn,11
CT,F,1954,Jennie,11
CT,F,1954,Jody,11
CT,F,1954,Kerry,11
CT,F,1954,Lorna,11
CT,F,1954,Louann,11
CT,F,1954,Lucinda,11
CT,F,1954,Mildred,11
CT,F,1954,Penny,11
CT,F,1954,Susanne,11
CT,F,1954,Therese,11
CT,F,1954,Adele,10
CT,F,1954,Alexandra,10
CT,F,1954,Caroline,10
CT,F,1954,Corinne,10
CT,F,1954,Edna,10
CT,F,1954,Florence,10
CT,F,1954,Gretchen,10
CT,F,1954,Margo,10
CT,F,1954,Maryanne,10
CT,F,1954,Patty,10
CT,F,1954,Polly,10
CT,F,1954,Antoinette,9
CT,F,1954,Beatrice,9
CT,F,1954,Carleen,9
CT,F,1954,Claudette,9
CT,F,1954,Elisabeth,9
CT,F,1954,Francesca,9
CT,F,1954,Hope,9
CT,F,1954,Lesley,9
CT,F,1954,Lorrie,9
CT,F,1954,Naomi,9
CT,F,1954,Natalie,9
CT,F,1954,Rosalind,9
CT,F,1954,Amanda,8
CT,F,1954,Dorothea,8
CT,F,1954,Gladys,8
CT,F,1954,Hollis,8
CT,F,1954,Jacalyn,8
CT,F,1954,Janine,8
CT,F,1954,Jeanine,8
CT,F,1954,Joanna,8
CT,F,1954,Juanita,8
CT,F,1954,Kathie,8
CT,F,1954,Kristin,8
CT,F,1954,Kristine,8
CT,F,1954,Lucia,8
CT,F,1954,Melody,8
CT,F,1954,Moira,8
CT,F,1954,Nora,8
CT,F,1954,Penelope,8
CT,F,1954,Rosalie,8
CT,F,1954,Suzan,8
CT,F,1954,Valarie,8
CT,F,1954,Vickie,8
CT,F,1954,Adrienne,7
CT,F,1954,Carlene,7
CT,F,1954,Cassandra,7
CT,F,1954,Connie,7
CT,F,1954,Darcy,7
CT,F,1954,Daria,7
CT,F,1954,Dianna,7
CT,F,1954,Dona,7
CT,F,1954,Elena,7
CT,F,1954,Elise,7
CT,F,1954,Elissa,7
CT,F,1954,Esther,7
CT,F,1954,Fern,7
CT,F,1954,Georgette,7
CT,F,1954,Georgia,7
CT,F,1954,Glenda,7
CT,F,1954,Isabel,7
CT,F,1954,Jeannette,7
CT,F,1954,Jeannine,7
CT,F,1954,Jocelyn,7
CT,F,1954,Kathi,7
CT,F,1954,Laureen,7
CT,F,1954,Laurene,7
CT,F,1954,Lyn,7
CT,F,1954,Maxine,7
CT,F,1954,Mona,7
CT,F,1954,Rae,7
CT,F,1954,Robbin,7
CT,F,1954,Sharlene,7
CT,F,1954,Shawn,7
CT,F,1954,Tara,7
CT,F,1954,Tracey,7
CT,F,1954,Agnes,6
CT,F,1954,Annmarie,6
CT,F,1954,Bette,6
CT,F,1954,Camille,6
CT,F,1954,Cherie,6
CT,F,1954,Clare,6
CT,F,1954,Corrine,6
CT,F,1954,Daryl,6
CT,F,1954,Deirdre,6
CT,F,1954,Della,6
CT,F,1954,Elisa,6
CT,F,1954,Ernestine,6
CT,F,1954,Gay,6
CT,F,1954,Ingrid,6
CT,F,1954,Jessie,6
CT,F,1954,Julianne,6
CT,F,1954,Kate,6
CT,F,1954,Kristen,6
CT,F,1954,Marcella,6
CT,F,1954,Marilynn,6
CT,F,1954,Marla,6
CT,F,1954,Megan,6
CT,F,1954,Myra,6
CT,F,1954,Rosalyn,6
CT,F,1954,Shari,6
CT,F,1954,Sonia,6
CT,F,1954,Abigail,5
CT,F,1954,Allison,5
CT,F,1954,Annemarie,5
CT,F,1954,Arline,5
CT,F,1954,Bettina,5
CT,F,1954,Bridget,5
CT,F,1954,Carmella,5
CT,F,1954,Charleen,5
CT,F,1954,Concetta,5
CT,F,1954,Danielle,5
CT,F,1954,Deena,5
CT,F,1954,Faye,5
CT,F,1954,Gwen,5
CT,F,1954,Helena,5
CT,F,1954,Helene,5
CT,F,1954,Jackie,5
CT,F,1954,Jamie,5
CT,F,1954,Jeannie,5
CT,F,1954,Jenny,5
CT,F,1954,Jeri,5
CT,F,1954,Karla,5
CT,F,1954,Kimberley,5
CT,F,1954,Kristina,5
CT,F,1954,Kyle,5
CT,F,1954,Laraine,5
CT,F,1954,Leah,5
CT,F,1954,Lena,5
CT,F,1954,Lenora,5
CT,F,1954,Lenore,5
CT,F,1954,Leona,5
CT,F,1954,Lizabeth,5
CT,F,1954,Lora,5
CT,F,1954,Loraine,5
CT,F,1954,Lou,5
CT,F,1954,Luanne,5
CT,F,1954,Madelyn,5
CT,F,1954,Mindy,5
CT,F,1954,Nanci,5
CT,F,1954,Noel,5
CT,F,1954,Olivia,5
CT,F,1954,Sandy,5
CT,F,1954,Shelly,5
CT,F,1954,Stacey,5
CT,F,1954,Teri,5
CT,F,1954,Thelma,5
CT,F,1954,Vera,5
CT,F,1954,Winifred,5
CT,F,1955,Susan,927
CT,F,1955,Deborah,782
CT,F,1955,Mary,773
CT,F,1955,Linda,761
CT,F,1955,Patricia,730
CT,F,1955,Nancy,612
CT,F,1955,Debra,561
CT,F,1955,Donna,519
CT,F,1955,Karen,511
CT,F,1955,Barbara,477
CT,F,1955,Kathleen,457
CT,F,1955,Diane,420
CT,F,1955,Carol,381
CT,F,1955,Elizabeth,355
CT,F,1955,Cheryl,339
CT,F,1955,Sharon,307
CT,F,1955,Cynthia,297
CT,F,1955,Pamela,288
CT,F,1955,Sandra,288
CT,F,1955,Margaret,253
CT,F,1955,Lynn,251
CT,F,1955,Robin,238
CT,F,1955,Janet,213
CT,F,1955,Judith,208
CT,F,1955,Denise,202
CT,F,1955,Gail,198
CT,F,1955,Catherine,195
CT,F,1955,Ann,191
CT,F,1955,Joanne,183
CT,F,1955,Lisa,178
CT,F,1955,Laurie,177
CT,F,1955,Joan,168
CT,F,1955,Laura,163
CT,F,1955,Christine,162
CT,F,1955,Janice,159
CT,F,1955,Anne,144
CT,F,1955,Jane,144
CT,F,1955,Jean,133
CT,F,1955,Ellen,127
CT,F,1955,Bonnie,125
CT,F,1955,Paula,123
CT,F,1955,Kim,122
CT,F,1955,Joyce,120
CT,F,1955,Wendy,118
CT,F,1955,Maureen,113
CT,F,1955,Theresa,112
CT,F,1955,Michele,108
CT,F,1955,Suzanne,108
CT,F,1955,Elaine,106
CT,F,1955,Eileen,102
CT,F,1955,Beverly,98
CT,F,1955,Katherine,96
CT,F,1955,Lori,96
CT,F,1955,Kathryn,95
CT,F,1955,Leslie,95
CT,F,1955,Jo,92
CT,F,1955,Kathy,92
CT,F,1955,Darlene,90
CT,F,1955,Lorraine,90
CT,F,1955,Doreen,88
CT,F,1955,Rose,87
CT,F,1955,Marie,86
CT,F,1955,Sheila,85
CT,F,1955,Brenda,80
CT,F,1955,Dawn,80
CT,F,1955,Valerie,77
CT,F,1955,Holly,73
CT,F,1955,Maria,73
CT,F,1955,Virginia,73
CT,F,1955,Martha,72
CT,F,1955,Cathy,71
CT,F,1955,Joann,70
CT,F,1955,Roberta,70
CT,F,1955,Charlene,69
CT,F,1955,Marcia,67
CT,F,1955,Sally,66
CT,F,1955,Andrea,64
CT,F,1955,Teresa,64
CT,F,1955,Helen,63
CT,F,1955,Ruth,62
CT,F,1955,Dorothy,61
CT,F,1955,Jill,61
CT,F,1955,Marilyn,60
CT,F,1955,Shirley,60
CT,F,1955,Colleen,59
CT,F,1955,Alice,58
CT,F,1955,Gloria,57
CT,F,1955,Carolyn,56
CT,F,1955,Jacqueline,56
CT,F,1955,Diana,55
CT,F,1955,Jeanne,55
CT,F,1955,Louise,55
CT,F,1955,Frances,54
CT,F,1955,Maryann,54
CT,F,1955,Sarah,54
CT,F,1955,Rosemary,53
CT,F,1955,Amy,52
CT,F,1955,Kimberly,52
CT,F,1955,Lynne,52
CT,F,1955,Angela,51
CT,F,1955,Beth,51
CT,F,1955,Claudia,51
CT,F,1955,Anna,50
CT,F,1955,Sheryl,50
CT,F,1955,Betty,49
CT,F,1955,June,48
CT,F,1955,Michelle,48
CT,F,1955,Julie,47
CT,F,1955,Phyllis,47
CT,F,1955,Rebecca,47
CT,F,1955,Judy,46
CT,F,1955,Victoria,46
CT,F,1955,Cindy,44
CT,F,1955,Marianne,44
CT,F,1955,Renee,44
CT,F,1955,Sherry,44
CT,F,1955,Debbie,43
CT,F,1955,Rita,43
CT,F,1955,Audrey,42
CT,F,1955,Tina,41
CT,F,1955,Anita,40
CT,F,1955,Constance,40
CT,F,1955,Evelyn,39
CT,F,1955,Lauren,38
CT,F,1955,Lois,38
CT,F,1955,Lynda,38
CT,F,1955,Geraldine,37
CT,F,1955,Marjorie,37
CT,F,1955,Jennifer,34
CT,F,1955,Heidi,33
CT,F,1955,Terry,33
CT,F,1955,Rosanne,32
CT,F,1955,Melanie,31
CT,F,1955,Roxanne,31
CT,F,1955,Stephanie,30
CT,F,1955,Charlotte,29
CT,F,1955,Dianne,29
CT,F,1955,Doris,29
CT,F,1955,Regina,29
CT,F,1955,Terri,29
CT,F,1955,Alison,28
CT,F,1955,Jan,28
CT,F,1955,Lucille,28
CT,F,1955,Marlene,28
CT,F,1955,Carole,27
CT,F,1955,Gina,27
CT,F,1955,Irene,27
CT,F,1955,Laurel,27
CT,F,1955,Luann,27
CT,F,1955,Shelley,27
CT,F,1955,Annette,26
CT,F,1955,Heather,26
CT,F,1955,Jody,26
CT,F,1955,Melissa,26
CT,F,1955,Sara,26
CT,F,1955,Sylvia,26
CT,F,1955,Claire,25
CT,F,1955,Norma,25
CT,F,1955,Vicki,25
CT,F,1955,Arlene,24
CT,F,1955,Corinne,24
CT,F,1955,Janis,24
CT,F,1955,Joy,24
CT,F,1955,Loretta,24
CT,F,1955,Lucy,24
CT,F,1955,April,23
CT,F,1955,Dale,23
CT,F,1955,Lee,23
CT,F,1955,Lillian,23
CT,F,1955,Marion,23
CT,F,1955,Marsha,23
CT,F,1955,Pauline,23
CT,F,1955,Rhonda,23
CT,F,1955,Carla,22
CT,F,1955,Candace,21
CT,F,1955,Dolores,21
CT,F,1955,Eleanor,21
CT,F,1955,Faith,21
CT,F,1955,Gayle,21
CT,F,1955,Josephine,21
CT,F,1955,Melinda,21
CT,F,1955,Peggy,21
CT,F,1955,Priscilla,21
CT,F,1955,Toni,21
CT,F,1955,Wanda,21
CT,F,1955,Yvonne,21
CT,F,1955,Cathleen,20
CT,F,1955,Gale,20
CT,F,1955,Julia,20
CT,F,1955,Noreen,20
CT,F,1955,Sheree,20
CT,F,1955,Francine,19
CT,F,1955,Marian,19
CT,F,1955,Nina,19
CT,F,1955,Sue,19
CT,F,1955,Debora,18
CT,F,1955,Monica,18
CT,F,1955,Rachel,18
CT,F,1955,Vanessa,18
CT,F,1955,Grace,17
CT,F,1955,Harriet,17
CT,F,1955,Susanne,17
CT,F,1955,Connie,16
CT,F,1955,Dana,16
CT,F,1955,Jayne,16
CT,F,1955,Juanita,16
CT,F,1955,Patrice,16
CT,F,1955,Betsy,15
CT,F,1955,Carmen,15
CT,F,1955,Caroline,15
CT,F,1955,Edith,15
CT,F,1955,Gwendolyn,15
CT,F,1955,Veronica,15
CT,F,1955,Carrie,14
CT,F,1955,Celeste,14
CT,F,1955,Christina,14
CT,F,1955,Emily,14
CT,F,1955,Jamie,14
CT,F,1955,Lou,14
CT,F,1955,Lydia,14
CT,F,1955,Marybeth,14
CT,F,1955,Vivian,14
CT,F,1955,Alicia,13
CT,F,1955,Antoinette,13
CT,F,1955,Florence,13
CT,F,1955,Jeanette,13
CT,F,1955,Margo,13
CT,F,1955,Bernadette,12
CT,F,1955,Desiree,12
CT,F,1955,Eva,12
CT,F,1955,Hope,12
CT,F,1955,Katharine,12
CT,F,1955,Kristine,12
CT,F,1955,Lorna,12
CT,F,1955,Luanne,12
CT,F,1955,Miriam,12
CT,F,1955,Nora,12
CT,F,1955,Patti,12
CT,F,1955,Paulette,12
CT,F,1955,Tracey,12
CT,F,1955,Abigail,11
CT,F,1955,Bridget,11
CT,F,1955,Carlene,11
CT,F,1955,Mindy,11
CT,F,1955,Nadine,11
CT,F,1955,Penelope,11
CT,F,1955,Sabrina,11
CT,F,1955,Sherri,11
CT,F,1955,Bernice,10
CT,F,1955,Crystal,10
CT,F,1955,Darleen,10
CT,F,1955,Elise,10
CT,F,1955,Esther,10
CT,F,1955,Georgia,10
CT,F,1955,Jeannette,10
CT,F,1955,Kerry,10
CT,F,1955,Lucinda,10
CT,F,1955,Marcy,10
CT,F,1955,Marguerite,10
CT,F,1955,Marla,10
CT,F,1955,Maura,10
CT,F,1955,Penny,10
CT,F,1955,Roseann,10
CT,F,1955,Rosemarie,10
CT,F,1955,Tracy,10
CT,F,1955,Adele,9
CT,F,1955,Adrienne,9
CT,F,1955,Allison,9
CT,F,1955,Annmarie,9
CT,F,1955,Belinda,9
CT,F,1955,Eve,9
CT,F,1955,Geralyn,9
CT,F,1955,Gladys,9
CT,F,1955,Jacquelyn,9
CT,F,1955,Janine,9
CT,F,1955,Karin,9
CT,F,1955,Leona,9
CT,F,1955,Madeline,9
CT,F,1955,Marilee,9
CT,F,1955,Maryanne,9
CT,F,1955,Maryellen,9
CT,F,1955,Melody,9
CT,F,1955,Mildred,9
CT,F,1955,Mona,9
CT,F,1955,Patty,9
CT,F,1955,Polly,9
CT,F,1955,Ramona,9
CT,F,1955,Rosalie,9
CT,F,1955,Therese,9
CT,F,1955,Alexandra,8
CT,F,1955,Beatrice,8
CT,F,1955,Bonita,8
CT,F,1955,Clare,8
CT,F,1955,Jeannine,8
CT,F,1955,Jodi,8
CT,F,1955,Joni,8
CT,F,1955,Justine,8
CT,F,1955,Kathi,8
CT,F,1955,Lenore,8
CT,F,1955,Natalie,8
CT,F,1955,Roseanne,8
CT,F,1955,Shari,8
CT,F,1955,Thelma,8
CT,F,1955,Agnes,7
CT,F,1955,Bette,7
CT,F,1955,Camille,7
CT,F,1955,Caren,7
CT,F,1955,Cecelia,7
CT,F,1955,Coleen,7
CT,F,1955,Corrine,7
CT,F,1955,Delores,7
CT,F,1955,Dona,7
CT,F,1955,Dorothea,7
CT,F,1955,Edna,7
CT,F,1955,Elena,7
CT,F,1955,Elisa,7
CT,F,1955,Felicia,7
CT,F,1955,Gretchen,7
CT,F,1955,Gwen,7
CT,F,1955,Helene,7
CT,F,1955,Henrietta,7
CT,F,1955,Iris,7
CT,F,1955,Jeanine,7
CT,F,1955,Jennie,7
CT,F,1955,Jeryl,7
CT,F,1955,Jocelyn,7
CT,F,1955,Kathie,7
CT,F,1955,Kristin,7
CT,F,1955,Laureen,7
CT,F,1955,Lesley,7
CT,F,1955,Lisbeth,7
CT,F,1955,Lora,7
CT,F,1955,Loraine,7
CT,F,1955,Lyn,7
CT,F,1955,Marcella,7
CT,F,1955,Maryjane,7
CT,F,1955,Megan,7
CT,F,1955,Moira,7
CT,F,1955,Molly,7
CT,F,1955,Sandy,7
CT,F,1955,Stacey,7
CT,F,1955,Wilma,7
CT,F,1955,Abby,6
CT,F,1955,Bessie,6
CT,F,1955,Dianna,6
CT,F,1955,Elisabeth,6
CT,F,1955,Elissa,6
CT,F,1955,Glenda,6
CT,F,1955,Hilda,6
CT,F,1955,Ida,6
CT,F,1955,Jackie,6
CT,F,1955,Jacklyn,6
CT,F,1955,Kimberley,6
CT,F,1955,Leanne,6
CT,F,1955,Lorie,6
CT,F,1955,Margery,6
CT,F,1955,Mari,6
CT,F,1955,Maribeth,6
CT,F,1955,Marietta,6
CT,F,1955,Marta,6
CT,F,1955,Marylou,6
CT,F,1955,Nanette,6
CT,F,1955,Randi,6
CT,F,1955,Randy,6
CT,F,1955,Robyn,6
CT,F,1955,Rochelle,6
CT,F,1955,Roni,6
CT,F,1955,Tara,6
CT,F,1955,Vera,6
CT,F,1955,Bertha,5
CT,F,1955,Cheri,5
CT,F,1955,Cherie,5
CT,F,1955,Christie,5
CT,F,1955,Clara,5
CT,F,1955,Danielle,5
CT,F,1955,Daphne,5
CT,F,1955,Daria,5
CT,F,1955,Dina,5
CT,F,1955,Dori,5
CT,F,1955,Eloise,5
CT,F,1955,Ernestine,5
CT,F,1955,Georgette,5
CT,F,1955,Gertrude,5
CT,F,1955,Greta,5
CT,F,1955,Jaye,5
CT,F,1955,Jeannie,5
CT,F,1955,Joanna,5
CT,F,1955,Karla,5
CT,F,1955,Krista,5
CT,F,1955,Lea,5
CT,F,1955,Leah,5
CT,F,1955,Lela,5
CT,F,1955,Lorene,5
CT,F,1955,Mara,5
CT,F,1955,Margarita,5
CT,F,1955,Margot,5
CT,F,1955,Mariann,5
CT,F,1955,Maxine,5
CT,F,1955,Meg,5
CT,F,1955,Muriel,5
CT,F,1955,Nan,5
CT,F,1955,Naomi,5
CT,F,1955,Noel,5
CT,F,1955,Rae,5
CT,F,1955,Rene,5
CT,F,1955,Roxann,5
CT,F,1955,Ruby,5
CT,F,1955,Shawn,5
CT,F,1955,Sherrill,5
CT,F,1955,Suzan,5
CT,F,1955,Tamara,5
CT,F,1955,Teri,5
CT,F,1955,Valarie,5
CT,F,1955,Vicky,5
CT,F,1955,Yolanda,5
CT,F,1955,Yvette,5
CT,F,1956,Susan,888
CT,F,1956,Mary,750
CT,F,1956,Deborah,686
CT,F,1956,Patricia,666
CT,F,1956,Linda,659
CT,F,1956,Karen,656
CT,F,1956,Donna,589
CT,F,1956,Nancy,555
CT,F,1956,Debra,480
CT,F,1956,Barbara,464
CT,F,1956,Kathleen,460
CT,F,1956,Diane,444
CT,F,1956,Cynthia,427
CT,F,1956,Sharon,359
CT,F,1956,Cheryl,347
CT,F,1956,Elizabeth,323
CT,F,1956,Carol,319
CT,F,1956,Sandra,294
CT,F,1956,Pamela,278
CT,F,1956,Margaret,249
CT,F,1956,Lynn,239
CT,F,1956,Kim,222
CT,F,1956,Lisa,221
CT,F,1956,Janet,208
CT,F,1956,Laura,205
CT,F,1956,Catherine,196
CT,F,1956,Denise,194
CT,F,1956,Ann,186
CT,F,1956,Gail,186
CT,F,1956,Robin,179
CT,F,1956,Judith,176
CT,F,1956,Joan,173
CT,F,1956,Jane,166
CT,F,1956,Christine,154
CT,F,1956,Laurie,152
CT,F,1956,Lori,147
CT,F,1956,Darlene,141
CT,F,1956,Maureen,140
CT,F,1956,Ellen,139
CT,F,1956,Wendy,138
CT,F,1956,Kathy,134
CT,F,1956,Jean,133
CT,F,1956,Joanne,133
CT,F,1956,Theresa,129
CT,F,1956,Doreen,128
CT,F,1956,Janice,126
CT,F,1956,Joyce,125
CT,F,1956,Paula,125
CT,F,1956,Anne,121
CT,F,1956,Cathy,117
CT,F,1956,Katherine,116
CT,F,1956,Cindy,114
CT,F,1956,Suzanne,114
CT,F,1956,Michele,111
CT,F,1956,Elaine,109
CT,F,1956,Bonnie,108
CT,F,1956,Eileen,106
CT,F,1956,Marie,103
CT,F,1956,Dawn,96
CT,F,1956,Sheila,94
CT,F,1956,Jo,92
CT,F,1956,Valerie,90
CT,F,1956,Beverly,89
CT,F,1956,Debbie,86
CT,F,1956,Holly,86
CT,F,1956,Maria,86
CT,F,1956,Brenda,81
CT,F,1956,Martha,81
CT,F,1956,Jacqueline,80
CT,F,1956,Sally,80
CT,F,1956,Kathryn,77
CT,F,1956,Leslie,76
CT,F,1956,Rose,76
CT,F,1956,Andrea,74
CT,F,1956,Jeanne,70
CT,F,1956,Joann,68
CT,F,1956,Lorraine,68
CT,F,1956,Rita,68
CT,F,1956,Virginia,68
CT,F,1956,Roberta,67
CT,F,1956,Ruth,67
CT,F,1956,Marcia,65
CT,F,1956,Sarah,63
CT,F,1956,Beth,62
CT,F,1956,Charlene,61
CT,F,1956,Kimberly,61
CT,F,1956,Marilyn,60
CT,F,1956,Teresa,60
CT,F,1956,Jennifer,59
CT,F,1956,Carolyn,58
CT,F,1956,Jill,58
CT,F,1956,Colleen,57
CT,F,1956,Lynne,57
CT,F,1956,Judy,56
CT,F,1956,Julie,56
CT,F,1956,Helen,55
CT,F,1956,Michelle,55
CT,F,1956,Diana,54
CT,F,1956,Frances,54
CT,F,1956,Amy,52
CT,F,1956,Gloria,51
CT,F,1956,Victoria,51
CT,F,1956,Angela,50
CT,F,1956,Tina,50
CT,F,1956,Lois,48
CT,F,1956,Phyllis,47
CT,F,1956,Sherry,47
CT,F,1956,Shirley,47
CT,F,1956,Louise,46
CT,F,1956,Rebecca,46
CT,F,1956,Betty,45
CT,F,1956,Lauren,45
CT,F,1956,Sheryl,45
CT,F,1956,Rosemary,44
CT,F,1956,Anna,43
CT,F,1956,Dorothy,43
CT,F,1956,Marianne,43
CT,F,1956,Renee,43
CT,F,1956,Terry,43
CT,F,1956,Claudia,42
CT,F,1956,Heidi,42
CT,F,1956,Evelyn,41
CT,F,1956,Roxanne,41
CT,F,1956,Alice,40
CT,F,1956,Marjorie,39
CT,F,1956,Anita,38
CT,F,1956,Arlene,38
CT,F,1956,Rhonda,38
CT,F,1956,Irene,37
CT,F,1956,Stephanie,37
CT,F,1956,Annette,36
CT,F,1956,Sue,36
CT,F,1956,Lee,35
CT,F,1956,Audrey,34
CT,F,1956,June,33
CT,F,1956,Melissa,33
CT,F,1956,Gina,32
CT,F,1956,Geraldine,31
CT,F,1956,Julia,31
CT,F,1956,Lillian,31
CT,F,1956,Carmen,30
CT,F,1956,Joy,30
CT,F,1956,Maryann,30
CT,F,1956,Norma,30
CT,F,1956,Regina,30
CT,F,1956,Constance,29
CT,F,1956,Lydia,29
CT,F,1956,Marlene,29
CT,F,1956,Gayle,28
CT,F,1956,Janis,28
CT,F,1956,Candace,27
CT,F,1956,Charlotte,27
CT,F,1956,Doris,27
CT,F,1956,Peggy,27
CT,F,1956,Grace,26
CT,F,1956,Yvonne,26
CT,F,1956,Christina,25
CT,F,1956,Jayne,25
CT,F,1956,Loretta,25
CT,F,1956,Melinda,25
CT,F,1956,Priscilla,25
CT,F,1956,Rachel,25
CT,F,1956,Rosanne,25
CT,F,1956,Rosemarie,25
CT,F,1956,Alison,24
CT,F,1956,Betsy,24
CT,F,1956,Gwendolyn,24
CT,F,1956,Lynda,24
CT,F,1956,Vanessa,24
CT,F,1956,Wanda,24
CT,F,1956,Carla,23
CT,F,1956,Melanie,23
CT,F,1956,Sylvia,23
CT,F,1956,April,22
CT,F,1956,Cathleen,22
CT,F,1956,Claire,22
CT,F,1956,Jody,22
CT,F,1956,Terri,22
CT,F,1956,Dale,21
CT,F,1956,Francine,21
CT,F,1956,Josephine,21
CT,F,1956,Patrice,21
CT,F,1956,Sara,21
CT,F,1956,Shelley,21
CT,F,1956,Carole,20
CT,F,1956,Eleanor,20
CT,F,1956,Laurel,20
CT,F,1956,Luann,20
CT,F,1956,Lucy,19
CT,F,1956,Monica,19
CT,F,1956,Noreen,19
CT,F,1956,Patti,19
CT,F,1956,Tracy,19
CT,F,1956,Vicki,19
CT,F,1956,Celeste,18
CT,F,1956,Karin,18
CT,F,1956,Marion,18
CT,F,1956,Maryellen,18
CT,F,1956,Veronica,18
CT,F,1956,Edith,17
CT,F,1956,Luanne,17
CT,F,1956,Maura,17
CT,F,1956,Miriam,17
CT,F,1956,Nina,17
CT,F,1956,Pauline,17
CT,F,1956,Toni,17
CT,F,1956,Antoinette,16
CT,F,1956,Dana,16
CT,F,1956,Lucinda,16
CT,F,1956,Sheree,16
CT,F,1956,Dianne,15
CT,F,1956,Emily,15
CT,F,1956,Heather,15
CT,F,1956,Jan,15
CT,F,1956,Kerry,15
CT,F,1956,Melody,15
CT,F,1956,Patty,15
CT,F,1956,Penny,15
CT,F,1956,Sherrie,15
CT,F,1956,Adrienne,14
CT,F,1956,Allison,14
CT,F,1956,Debora,14
CT,F,1956,Dolores,14
CT,F,1956,Gale,14
CT,F,1956,Lorna,14
CT,F,1956,Robyn,14
CT,F,1956,Tara,14
CT,F,1956,Bernadette,13
CT,F,1956,Carrie,13
CT,F,1956,Esther,13
CT,F,1956,Eva,13
CT,F,1956,Faith,13
CT,F,1956,Gladys,13
CT,F,1956,Iris,13
CT,F,1956,Lucille,13
CT,F,1956,Lynette,13
CT,F,1956,Pam,13
CT,F,1956,Roseann,13
CT,F,1956,Sandy,13
CT,F,1956,Alexandra,12
CT,F,1956,Alicia,12
CT,F,1956,Connie,12
CT,F,1956,Jeanette,12
CT,F,1956,Jeannette,12
CT,F,1956,Joni,12
CT,F,1956,Madeline,12
CT,F,1956,Marcie,12
CT,F,1956,Marguerite,12
CT,F,1956,Maribeth,12
CT,F,1956,Marybeth,12
CT,F,1956,Nadine,12
CT,F,1956,Sheri,12
CT,F,1956,Tracey,12
CT,F,1956,Beatrice,11
CT,F,1956,Deirdre,11
CT,F,1956,Gretchen,11
CT,F,1956,Laureen,11
CT,F,1956,Mildred,11
CT,F,1956,Bertha,10
CT,F,1956,Darcy,10
CT,F,1956,Dianna,10
CT,F,1956,Ethel,10
CT,F,1956,Felicia,10
CT,F,1956,Georgia,10
CT,F,1956,Janine,10
CT,F,1956,Jeannine,10
CT,F,1956,Lorie,10
CT,F,1956,Marcella,10
CT,F,1956,Marsha,10
CT,F,1956,Nora,10
CT,F,1956,Paulette,10
CT,F,1956,Sherri,10
CT,F,1956,Therese,10
CT,F,1956,Amanda,9
CT,F,1956,Belinda,9
CT,F,1956,Bernice,9
CT,F,1956,Cherie,9
CT,F,1956,Corinne,9
CT,F,1956,Dona,9
CT,F,1956,Elise,9
CT,F,1956,Florence,9
CT,F,1956,Gwen,9
CT,F,1956,Helene,9
CT,F,1956,Hilary,9
CT,F,1956,Katharine,9
CT,F,1956,Lenora,9
CT,F,1956,Lorrie,9
CT,F,1956,Marylou,9
CT,F,1956,Teri,9
CT,F,1956,Vera,9
CT,F,1956,Vickie,9
CT,F,1956,Annie,8
CT,F,1956,Annmarie,8
CT,F,1956,Carlene,8
CT,F,1956,Claudette,8
CT,F,1956,Dorene,8
CT,F,1956,Elena,8
CT,F,1956,Elisa,8
CT,F,1956,Jamie,8
CT,F,1956,Karyn,8
CT,F,1956,Leigh,8
CT,F,1956,Mariann,8
CT,F,1956,Maryanne,8
CT,F,1956,Myra,8
CT,F,1956,Olga,8
CT,F,1956,Polly,8
CT,F,1956,Ramona,8
CT,F,1956,Rosalie,8
CT,F,1956,Shari,8
CT,F,1956,Shawn,8
CT,F,1956,Susanne,8
CT,F,1956,Vivian,8
CT,F,1956,Abby,7
CT,F,1956,Billie,7
CT,F,1956,Bridget,7
CT,F,1956,Camille,7
CT,F,1956,Candice,7
CT,F,1956,Cathryn,7
CT,F,1956,Cecilia,7
CT,F,1956,Colette,7
CT,F,1956,Cora,7
CT,F,1956,Daria,7
CT,F,1956,Delores,7
CT,F,1956,Dori,7
CT,F,1956,Erica,7
CT,F,1956,Eve,7
CT,F,1956,Glenda,7
CT,F,1956,Harriet,7
CT,F,1956,Hope,7
CT,F,1956,Jeanie,7
CT,F,1956,Jocelyn,7
CT,F,1956,Johanna,7
CT,F,1956,Juliana,7
CT,F,1956,Leah,7
CT,F,1956,Leona,7
CT,F,1956,Loreen,7
CT,F,1956,Margo,7
CT,F,1956,Marisa,7
CT,F,1956,Marla,7
CT,F,1956,Maxine,7
CT,F,1956,Meredith,7
CT,F,1956,Mindy,7
CT,F,1956,Nicole,7
CT,F,1956,Sabrina,7
CT,F,1956,Shelly,7
CT,F,1956,Tanya,7
CT,F,1956,Trudy,7
CT,F,1956,Yvette,7
CT,F,1956,Adele,6
CT,F,1956,Althea,6
CT,F,1956,Bette,6
CT,F,1956,Bonita,6
CT,F,1956,Bonny,6
CT,F,1956,Carolann,6
CT,F,1956,Caroline,6
CT,F,1956,Caryl,6
CT,F,1956,Caryn,6
CT,F,1956,Cassandra,6
CT,F,1956,Catharine,6
CT,F,1956,Crystal,6
CT,F,1956,Danielle,6
CT,F,1956,Deidre,6
CT,F,1956,Elisabeth,6
CT,F,1956,Elissa,6
CT,F,1956,Faye,6
CT,F,1956,Geralyn,6
CT,F,1956,Jeannie,6
CT,F,1956,Juanita,6
CT,F,1956,Kimberley,6
CT,F,1956,Kristen,6
CT,F,1956,Lorri,6
CT,F,1956,Lyn,6
CT,F,1956,Marcy,6
CT,F,1956,Margarita,6
CT,F,1956,Marian,6
CT,F,1956,Michael,6
CT,F,1956,Mona,6
CT,F,1956,Nanci,6
CT,F,1956,Natalie,6
CT,F,1956,Pat,6
CT,F,1956,Roseanne,6
CT,F,1956,Sonia,6
CT,F,1956,Tami,6
CT,F,1956,Yolanda,6
CT,F,1956,Ana,5
CT,F,1956,Blanca,5
CT,F,1956,Caren,5
CT,F,1956,Carey,5
CT,F,1956,Carmel,5
CT,F,1956,Christie,5
CT,F,1956,Concetta,5
CT,F,1956,Delia,5
CT,F,1956,Desiree,5
CT,F,1956,Edwina,5
CT,F,1956,Ella,5
CT,F,1956,Elsa,5
CT,F,1956,Gay,5
CT,F,1956,Georgette,5
CT,F,1956,Ginger,5
CT,F,1956,Hazel,5
CT,F,1956,Helena,5
CT,F,1956,Ida,5
CT,F,1956,Jeanine,5
CT,F,1956,Jennie,5
CT,F,1956,Karla,5
CT,F,1956,Kay,5
CT,F,1956,Kristin,5
CT,F,1956,Kristine,5
CT,F,1956,Kyle,5
CT,F,1956,Leanne,5
CT,F,1956,Lesley,5
CT,F,1956,Liane,5
CT,F,1956,Lise,5
CT,F,1956,Loraine,5
CT,F,1956,Lorelei,5
CT,F,1956,Lorene,5
CT,F,1956,Lou,5
CT,F,1956,Marita,5
CT,F,1956,Moira,5
CT,F,1956,Naomi,5
CT,F,1956,Pattie,5
CT,F,1956,Phoebe,5
CT,F,1956,Rene,5
CT,F,1956,Rory,5
CT,F,1956,Rosa,5
CT,F,1956,Saundra,5
CT,F,1956,Stacy,5
CT,F,1956,Suzan,5
CT,F,1956,Vicky,5
CT,F,1956,Willie,5
CT,F,1957,Susan,899
CT,F,1957,Mary,761
CT,F,1957,Karen,703
CT,F,1957,Deborah,659
CT,F,1957,Linda,622
CT,F,1957,Nancy,590
CT,F,1957,Cynthia,553
CT,F,1957,Donna,545
CT,F,1957,Patricia,539
CT,F,1957,Diane,463
CT,F,1957,Kathleen,428
CT,F,1957,Debra,424
CT,F,1957,Barbara,391
CT,F,1957,Elizabeth,388
CT,F,1957,Carol,345
CT,F,1957,Cheryl,345
CT,F,1957,Sharon,338
CT,F,1957,Lisa,318
CT,F,1957,Sandra,297
CT,F,1957,Pamela,286
CT,F,1957,Margaret,241
CT,F,1957,Robin,239
CT,F,1957,Lynn,222
CT,F,1957,Cindy,213
CT,F,1957,Laura,210
CT,F,1957,Kim,202
CT,F,1957,Laurie,200
CT,F,1957,Janet,199
CT,F,1957,Ann,195
CT,F,1957,Denise,193
CT,F,1957,Catherine,191
CT,F,1957,Gail,179
CT,F,1957,Christine,178
CT,F,1957,Ellen,170
CT,F,1957,Joanne,169
CT,F,1957,Lori,165
CT,F,1957,Anne,164
CT,F,1957,Kathy,164
CT,F,1957,Judith,162
CT,F,1957,Theresa,162
CT,F,1957,Joan,159
CT,F,1957,Darlene,154
CT,F,1957,Doreen,146
CT,F,1957,Jane,145
CT,F,1957,Debbie,142
CT,F,1957,Janice,142
CT,F,1957,Brenda,140
CT,F,1957,Maureen,139
CT,F,1957,Wendy,123
CT,F,1957,Bonnie,122
CT,F,1957,Leslie,122
CT,F,1957,Jean,121
CT,F,1957,Joyce,118
CT,F,1957,Paula,117
CT,F,1957,Michele,112
CT,F,1957,Cathy,111
CT,F,1957,Katherine,110
CT,F,1957,Kimberly,107
CT,F,1957,Diana,106
CT,F,1957,Marie,104
CT,F,1957,Dawn,102
CT,F,1957,Elaine,102
CT,F,1957,Eileen,99
CT,F,1957,Suzanne,98
CT,F,1957,Beverly,94
CT,F,1957,Kathryn,92
CT,F,1957,Holly,90
CT,F,1957,Beth,89
CT,F,1957,Rose,88
CT,F,1957,Virginia,87
CT,F,1957,Valerie,85
CT,F,1957,Julie,81
CT,F,1957,Jill,79
CT,F,1957,Judy,78
CT,F,1957,Michelle,77
CT,F,1957,Andrea,76
CT,F,1957,Martha,74
CT,F,1957,Carolyn,73
CT,F,1957,Colleen,72
CT,F,1957,Ruth,72
CT,F,1957,Marianne,70
CT,F,1957,Jeanne,69
CT,F,1957,Lorraine,69
CT,F,1957,Teresa,69
CT,F,1957,Frances,68
CT,F,1957,Lynne,68
CT,F,1957,Maria,68
CT,F,1957,Amy,65
CT,F,1957,Jacqueline,64
CT,F,1957,Sally,63
CT,F,1957,Joann,62
CT,F,1957,Sheila,62
CT,F,1957,Louise,61
CT,F,1957,Helen,60
CT,F,1957,Marcia,60
CT,F,1957,Shirley,60
CT,F,1957,Jennifer,59
CT,F,1957,Victoria,59
CT,F,1957,Alice,58
CT,F,1957,Dorothy,57
CT,F,1957,Maryann,57
CT,F,1957,Renee,55
CT,F,1957,Sarah,55
CT,F,1957,Charlene,54
CT,F,1957,Gloria,54
CT,F,1957,Jo,54
CT,F,1957,Rosemary,53
CT,F,1957,Anna,52
CT,F,1957,Roberta,52
CT,F,1957,Lee,49
CT,F,1957,Tina,46
CT,F,1957,Evelyn,45
CT,F,1957,Marilyn,45
CT,F,1957,Melissa,45
CT,F,1957,Rita,45
CT,F,1957,Sue,45
CT,F,1957,Annette,44
CT,F,1957,Dianne,44
CT,F,1957,Angela,43
CT,F,1957,Heidi,43
CT,F,1957,Stephanie,43
CT,F,1957,Betty,42
CT,F,1957,Lauren,42
CT,F,1957,Terri,42
CT,F,1957,Anita,41
CT,F,1957,Irene,41
CT,F,1957,Sheryl,41
CT,F,1957,Yvonne,41
CT,F,1957,Lois,40
CT,F,1957,June,39
CT,F,1957,Terry,39
CT,F,1957,Tammy,38
CT,F,1957,Marion,37
CT,F,1957,Grace,36
CT,F,1957,Rhonda,36
CT,F,1957,Claudia,35
CT,F,1957,Phyllis,35
CT,F,1957,Regina,35
CT,F,1957,Sherry,35
CT,F,1957,Rebecca,34
CT,F,1957,Dale,33
CT,F,1957,Doris,33
CT,F,1957,Jody,33
CT,F,1957,Toni,33
CT,F,1957,April,32
CT,F,1957,Betsy,32
CT,F,1957,Norma,32
CT,F,1957,Marjorie,31
CT,F,1957,Wanda,31
CT,F,1957,Audrey,30
CT,F,1957,Christina,30
CT,F,1957,Constance,30
CT,F,1957,Joy,30
CT,F,1957,Julia,30
CT,F,1957,Loretta,30
CT,F,1957,Monica,30
CT,F,1957,Tracy,30
CT,F,1957,Claire,29
CT,F,1957,Gina,29
CT,F,1957,Patti,29
CT,F,1957,Priscilla,29
CT,F,1957,Marlene,28
CT,F,1957,Melanie,28
CT,F,1957,Sara,28
CT,F,1957,Carmen,27
CT,F,1957,Heather,27
CT,F,1957,Arlene,26
CT,F,1957,Carla,26
CT,F,1957,Carrie,26
CT,F,1957,Debora,26
CT,F,1957,Vanessa,26
CT,F,1957,Dana,25
CT,F,1957,Francine,25
CT,F,1957,Gayle,25
CT,F,1957,Lydia,25
CT,F,1957,Noreen,25
CT,F,1957,Vivian,25
CT,F,1957,Carole,24
CT,F,1957,Cathleen,24
CT,F,1957,Jan,24
CT,F,1957,Josephine,24
CT,F,1957,Patty,24
CT,F,1957,Peggy,24
CT,F,1957,Geraldine,23
CT,F,1957,Janis,23
CT,F,1957,Jayne,23
CT,F,1957,Lucy,23
CT,F,1957,Lynda,23
CT,F,1957,Alison,22
CT,F,1957,Antoinette,22
CT,F,1957,Melinda,22
CT,F,1957,Penny,22
CT,F,1957,Rosanne,22
CT,F,1957,Sandy,22
CT,F,1957,Tracey,22
CT,F,1957,Dolores,21
CT,F,1957,Lillian,21
CT,F,1957,Nora,21
CT,F,1957,Roxanne,21
CT,F,1957,Bernadette,20
CT,F,1957,Eleanor,20
CT,F,1957,Karin,20
CT,F,1957,Pam,20
CT,F,1957,Shelley,20
CT,F,1957,Caroline,19
CT,F,1957,Celeste,19
CT,F,1957,Laurel,19
CT,F,1957,Marsha,19
CT,F,1957,Faith,18
CT,F,1957,Jamie,18
CT,F,1957,Lucille,18
CT,F,1957,Pauline,18
CT,F,1957,Rachel,18
CT,F,1957,Sherri,18
CT,F,1957,Vicki,18
CT,F,1957,Candace,17
CT,F,1957,Chris,17
CT,F,1957,Connie,17
CT,F,1957,Erin,17
CT,F,1957,Gale,17
CT,F,1957,Gwendolyn,17
CT,F,1957,Lorrie,17
CT,F,1957,Marguerite,17
CT,F,1957,Nadine,17
CT,F,1957,Kerry,16
CT,F,1957,Maura,16
CT,F,1957,Rosemarie,16
CT,F,1957,Veronica,16
CT,F,1957,Allison,15
CT,F,1957,Corinne,15
CT,F,1957,Edna,15
CT,F,1957,Patrice,15
CT,F,1957,Charlotte,14
CT,F,1957,Crystal,14
CT,F,1957,Eva,14
CT,F,1957,Iris,14
CT,F,1957,Marylou,14
CT,F,1957,Nina,14
CT,F,1957,Sylvia,14
CT,F,1957,Adele,13
CT,F,1957,Beatrice,13
CT,F,1957,Edith,13
CT,F,1957,Emily,13
CT,F,1957,Laureen,13
CT,F,1957,Marybeth,13
CT,F,1957,Miriam,13
CT,F,1957,Shari,13
CT,F,1957,Adrienne,12
CT,F,1957,Alicia,12
CT,F,1957,Bernice,12
CT,F,1957,Georgia,12
CT,F,1957,Gladys,12
CT,F,1957,Jackie,12
CT,F,1957,Jacquelyn,12
CT,F,1957,Jeannette,12
CT,F,1957,Jocelyn,12
CT,F,1957,Lenore,12
CT,F,1957,Marisa,12
CT,F,1957,Maryellen,12
CT,F,1957,Natalie,12
CT,F,1957,Shelly,12
CT,F,1957,Sherrie,12
CT,F,1957,Dianna,11
CT,F,1957,Florence,11
CT,F,1957,Gwen,11
CT,F,1957,Jeanette,11
CT,F,1957,Luann,11
CT,F,1957,Maryanne,11
CT,F,1957,Mildred,11
CT,F,1957,Rae,11
CT,F,1957,Robyn,11
CT,F,1957,Sheri,11
CT,F,1957,Susanne,11
CT,F,1957,Therese,11
CT,F,1957,Vera,11
CT,F,1957,Belinda,10
CT,F,1957,Cherie,10
CT,F,1957,Daisy,10
CT,F,1957,Deirdre,10
CT,F,1957,Jeannine,10
CT,F,1957,Jenny,10
CT,F,1957,Jodi,10
CT,F,1957,Jodie,10
CT,F,1957,Jolene,10
CT,F,1957,Joni,10
CT,F,1957,Kimberley,10
CT,F,1957,Leigh,10
CT,F,1957,Lorna,10
CT,F,1957,Melody,10
CT,F,1957,Shawn,10
CT,F,1957,Carmel,9
CT,F,1957,Esther,9
CT,F,1957,Faye,9
CT,F,1957,Felicia,9
CT,F,1957,Kathie,9
CT,F,1957,Leah,9
CT,F,1957,Marcella,9
CT,F,1957,Marian,9
CT,F,1957,Tanya,9
CT,F,1957,Yolanda,9
CT,F,1957,Abigail,8
CT,F,1957,Allyson,8
CT,F,1957,Angelina,8
CT,F,1957,Bonita,8
CT,F,1957,Bridget,8
CT,F,1957,Caren,8
CT,F,1957,Claudette,8
CT,F,1957,Deanna,8
CT,F,1957,Dona,8
CT,F,1957,Fay,8
CT,F,1957,Geralyn,8
CT,F,1957,Gretchen,8
CT,F,1957,Helene,8
CT,F,1957,Hilary,8
CT,F,1957,Ida,8
CT,F,1957,Ingrid,8
CT,F,1957,Jeri,8
CT,F,1957,Joanna,8
CT,F,1957,Juanita,8
CT,F,1957,Katharine,8
CT,F,1957,Kelly,8
CT,F,1957,Kristin,8
CT,F,1957,Kristine,8
CT,F,1957,Lucia,8
CT,F,1957,Lucinda,8
CT,F,1957,Luz,8
CT,F,1957,Maryjane,8
CT,F,1957,Pat,8
CT,F,1957,Polly,8
CT,F,1957,Rosa,8
CT,F,1957,Sabrina,8
CT,F,1957,Stacy,8
CT,F,1957,Tamara,8
CT,F,1957,Tammie,8
CT,F,1957,Tara,8
CT,F,1957,Teri,8
CT,F,1957,Vickie,8
CT,F,1957,Alberta,7
CT,F,1957,Alexandra,7
CT,F,1957,Althea,7
CT,F,1957,Amanda,7
CT,F,1957,Bertha,7
CT,F,1957,Bettina,7
CT,F,1957,Bonny,7
CT,F,1957,Cassandra,7
CT,F,1957,Clara,7
CT,F,1957,Debby,7
CT,F,1957,Elisabeth,7
CT,F,1957,Harriet,7
CT,F,1957,Isabel,7
CT,F,1957,Jessica,7
CT,F,1957,Karla,7
CT,F,1957,Kay,7
CT,F,1957,Lesley,7
CT,F,1957,Lorie,7
CT,F,1957,Marcy,7
CT,F,1957,Margie,7
CT,F,1957,Melodie,7
CT,F,1957,Nancie,7
CT,F,1957,Nanette,7
CT,F,1957,Ramona,7
CT,F,1957,Randi,7
CT,F,1957,Roseann,7
CT,F,1957,Stacey,7
CT,F,1957,Vicky,7
CT,F,1957,Amelia,6
CT,F,1957,Annmarie,6
CT,F,1957,Bette,6
CT,F,1957,Camille,6
CT,F,1957,Candice,6
CT,F,1957,Carmella,6
CT,F,1957,Dori,6
CT,F,1957,Elena,6
CT,F,1957,Gisele,6
CT,F,1957,Greta,6
CT,F,1957,Hope,6
CT,F,1957,Ivy,6
CT,F,1957,Janine,6
CT,F,1957,Jennie,6
CT,F,1957,Karyn,6
CT,F,1957,Kate,6
CT,F,1957,Kathi,6
CT,F,1957,Kristen,6
CT,F,1957,Kyle,6
CT,F,1957,Leisa,6
CT,F,1957,Lenora,6
CT,F,1957,Linnea,6
CT,F,1957,Liz,6
CT,F,1957,Luanne,6
CT,F,1957,Lyn,6
CT,F,1957,Margo,6
CT,F,1957,Marla,6
CT,F,1957,Marta,6
CT,F,1957,Mona,6
CT,F,1957,Myra,6
CT,F,1957,Paulette,6
CT,F,1957,Penelope,6
CT,F,1957,Rena,6
CT,F,1957,Rhoda,6
CT,F,1957,Tami,6
CT,F,1957,Ursula,6
CT,F,1957,Valarie,6
CT,F,1957,Winifred,6
CT,F,1957,Alisa,5
CT,F,1957,Annie,5
CT,F,1957,Candy,5
CT,F,1957,Cathie,5
CT,F,1957,Celia,5
CT,F,1957,Cheri,5
CT,F,1957,Cindi,5
CT,F,1957,Coleen,5
CT,F,1957,Concetta,5
CT,F,1957,Danette,5
CT,F,1957,Darleen,5
CT,F,1957,Daryl,5
CT,F,1957,Debi,5
CT,F,1957,Dina,5
CT,F,1957,Dorene,5
CT,F,1957,Estelle,5
CT,F,1957,Eugenia,5
CT,F,1957,Eve,5
CT,F,1957,Francesca,5
CT,F,1957,Gay,5
CT,F,1957,Gertrude,5
CT,F,1957,Ginny,5
CT,F,1957,Irma,5
CT,F,1957,Janette,5
CT,F,1957,Jeannie,5
CT,F,1957,Jessie,5
CT,F,1957,Johanna,5
CT,F,1957,Judi,5
CT,F,1957,Kendra,5
CT,F,1957,Laure,5
CT,F,1957,Laurene,5
CT,F,1957,Leanne,5
CT,F,1957,Leeann,5
CT,F,1957,Lena,5
CT,F,1957,Loreen,5
CT,F,1957,Lorelei,5
CT,F,1957,Loren,5
CT,F,1957,Lou,5
CT,F,1957,Lu,5
CT,F,1957,Lucie,5
CT,F,1957,Mariann,5
CT,F,1957,Maribeth,5
CT,F,1957,Marjory,5
CT,F,1957,Maxine,5
CT,F,1957,Mindy,5
CT,F,1957,Nilda,5
CT,F,1957,Sonia,5
CT,F,1957,Stacie,5
CT,F,1957,Susanna,5
CT,F,1957,Suzann,5
CT,F,1957,Tracie,5
CT,F,1957,Trudy,5
CT,F,1958,Susan,932
CT,F,1958,Mary,704
CT,F,1958,Patricia,603
CT,F,1958,Linda,602
CT,F,1958,Karen,600
CT,F,1958,Deborah,552
CT,F,1958,Nancy,516
CT,F,1958,Donna,460
CT,F,1958,Debra,439
CT,F,1958,Cynthia,436
CT,F,1958,Kathleen,432
CT,F,1958,Diane,416
CT,F,1958,Elizabeth,401
CT,F,1958,Cheryl,400
CT,F,1958,Lisa,394
CT,F,1958,Barbara,346
CT,F,1958,Sharon,303
CT,F,1958,Carol,300
CT,F,1958,Pamela,300
CT,F,1958,Laura,256
CT,F,1958,Sandra,256
CT,F,1958,Lori,233
CT,F,1958,Lynn,230
CT,F,1958,Margaret,225
CT,F,1958,Denise,215
CT,F,1958,Christine,207
CT,F,1958,Robin,206
CT,F,1958,Joanne,199
CT,F,1958,Laurie,197
CT,F,1958,Catherine,196
CT,F,1958,Kathy,183
CT,F,1958,Ann,177
CT,F,1958,Gail,177
CT,F,1958,Debbie,175
CT,F,1958,Kim,171
CT,F,1958,Cindy,167
CT,F,1958,Janet,167
CT,F,1958,Joan,154
CT,F,1958,Anne,151
CT,F,1958,Maureen,143
CT,F,1958,Theresa,141
CT,F,1958,Brenda,136
CT,F,1958,Jane,135
CT,F,1958,Ellen,132
CT,F,1958,Darlene,126
CT,F,1958,Joyce,126
CT,F,1958,Judith,125
CT,F,1958,Jean,124
CT,F,1958,Katherine,124
CT,F,1958,Michele,124
CT,F,1958,Janice,122
CT,F,1958,Dawn,114
CT,F,1958,Maria,111
CT,F,1958,Kathryn,110
CT,F,1958,Leslie,109
CT,F,1958,Kimberly,108
CT,F,1958,Eileen,107
CT,F,1958,Wendy,107
CT,F,1958,Paula,105
CT,F,1958,Cathy,104
CT,F,1958,Elaine,103
CT,F,1958,Doreen,100
CT,F,1958,Suzanne,98
CT,F,1958,Diana,96
CT,F,1958,Marie,92
CT,F,1958,Sally,92
CT,F,1958,Julie,90
CT,F,1958,Amy,88
CT,F,1958,Bonnie,87
CT,F,1958,Carolyn,87
CT,F,1958,Andrea,86
CT,F,1958,Valerie,86
CT,F,1958,Beth,85
CT,F,1958,Judy,83
CT,F,1958,Joann,82
CT,F,1958,Martha,81
CT,F,1958,Michelle,80
CT,F,1958,Jennifer,77
CT,F,1958,Sheila,77
CT,F,1958,Lorraine,73
CT,F,1958,Jill,70
CT,F,1958,Lynne,70
CT,F,1958,Marianne,70
CT,F,1958,Holly,68
CT,F,1958,Beverly,67
CT,F,1958,Teresa,66
CT,F,1958,Victoria,65
CT,F,1958,Jo,62
CT,F,1958,Colleen,60
CT,F,1958,Jacqueline,60
CT,F,1958,Roberta,60
CT,F,1958,Dorothy,59
CT,F,1958,Terri,59
CT,F,1958,Sue,58
CT,F,1958,Angela,56
CT,F,1958,Helen,56
CT,F,1958,Anna,55
CT,F,1958,Rose,54
CT,F,1958,Tina,54
CT,F,1958,Ruth,53
CT,F,1958,Sarah,53
CT,F,1958,Terry,53
CT,F,1958,Virginia,53
CT,F,1958,Annette,52
CT,F,1958,Phyllis,52
CT,F,1958,Heidi,51
CT,F,1958,Charlene,50
CT,F,1958,Rebecca,49
CT,F,1958,Frances,48
CT,F,1958,Jeanne,48
CT,F,1958,Alice,47
CT,F,1958,Evelyn,47
CT,F,1958,Louise,47
CT,F,1958,Tammy,47
CT,F,1958,Anita,46
CT,F,1958,Shirley,45
CT,F,1958,Lauren,44
CT,F,1958,Maryann,44
CT,F,1958,Dianne,42
CT,F,1958,Peggy,42
CT,F,1958,Regina,42
CT,F,1958,Rosemary,42
CT,F,1958,Betty,41
CT,F,1958,Gloria,41
CT,F,1958,Lois,41
CT,F,1958,Stephanie,41
CT,F,1958,Gina,40
CT,F,1958,Rita,40
CT,F,1958,Gayle,38
CT,F,1958,Renee,38
CT,F,1958,Sheryl,38
CT,F,1958,Joy,37
CT,F,1958,June,37
CT,F,1958,Marcia,37
CT,F,1958,Claudia,35
CT,F,1958,Jody,35
CT,F,1958,Yvonne,35
CT,F,1958,Alison,34
CT,F,1958,Betsy,34
CT,F,1958,Marilyn,34
CT,F,1958,Melissa,34
CT,F,1958,Carrie,33
CT,F,1958,Marlene,33
CT,F,1958,Toni,33
CT,F,1958,Irene,32
CT,F,1958,Rhonda,32
CT,F,1958,Audrey,31
CT,F,1958,Christina,31
CT,F,1958,Loretta,31
CT,F,1958,Wanda,31
CT,F,1958,Kelly,30
CT,F,1958,Marjorie,30
CT,F,1958,Sara,30
CT,F,1958,Connie,29
CT,F,1958,Grace,29
CT,F,1958,Allison,28
CT,F,1958,Arlene,28
CT,F,1958,Carole,28
CT,F,1958,Debora,28
CT,F,1958,Heather,28
CT,F,1958,Josephine,28
CT,F,1958,Julia,28
CT,F,1958,Lucy,28
CT,F,1958,Patti,28
CT,F,1958,April,27
CT,F,1958,Lee,27
CT,F,1958,Shelley,27
CT,F,1958,Tracy,27
CT,F,1958,Constance,26
CT,F,1958,Melinda,26
CT,F,1958,Monica,26
CT,F,1958,Patrice,26
CT,F,1958,Priscilla,26
CT,F,1958,Sherry,26
CT,F,1958,Carla,25
CT,F,1958,Caroline,25
CT,F,1958,Doris,25
CT,F,1958,Melanie,25
CT,F,1958,Roxanne,25
CT,F,1958,Vicki,25
CT,F,1958,Geraldine,24
CT,F,1958,Jan,24
CT,F,1958,Claire,23
CT,F,1958,Jayne,23
CT,F,1958,Lynda,23
CT,F,1958,Patty,23
CT,F,1958,Rosemarie,23
CT,F,1958,Sandy,23
CT,F,1958,Susanne,23
CT,F,1958,Veronica,23
CT,F,1958,Corinne,22
CT,F,1958,Cathleen,21
CT,F,1958,Erin,21
CT,F,1958,Gale,21
CT,F,1958,Sylvia,21
CT,F,1958,Tracey,21
CT,F,1958,Charlotte,20
CT,F,1958,Dana,20
CT,F,1958,Dolores,20
CT,F,1958,Emily,20
CT,F,1958,Maura,20
CT,F,1958,Nora,20
CT,F,1958,Norma,20
CT,F,1958,Shari,20
CT,F,1958,Candace,19
CT,F,1958,Carmen,19
CT,F,1958,Jackie,19
CT,F,1958,Lillian,19
CT,F,1958,Nadine,19
CT,F,1958,Bernadette,18
CT,F,1958,Dale,18
CT,F,1958,Eleanor,18
CT,F,1958,Jeanette,18
CT,F,1958,Lydia,18
CT,F,1958,Noreen,18
CT,F,1958,Penny,18
CT,F,1958,Sherri,18
CT,F,1958,Teri,18
CT,F,1958,Vanessa,18
CT,F,1958,Gwendolyn,17
CT,F,1958,Kerry,17
CT,F,1958,Celeste,16
CT,F,1958,Jamie,16
CT,F,1958,Jeannette,16
CT,F,1958,Juanita,16
CT,F,1958,Lucille,16
CT,F,1958,Marybeth,16
CT,F,1958,Nina,16
CT,F,1958,Rachel,16
CT,F,1958,Tami,16
CT,F,1958,Faith,15
CT,F,1958,Francine,15
CT,F,1958,Kristine,15
CT,F,1958,Marion,15
CT,F,1958,Miriam,15
CT,F,1958,Pauline,15
CT,F,1958,Vivian,15
CT,F,1958,Adrienne,14
CT,F,1958,Alicia,14
CT,F,1958,Antoinette,14
CT,F,1958,Katharine,14
CT,F,1958,Lorrie,14
CT,F,1958,Lou,14
CT,F,1958,Maryellen,14
CT,F,1958,Annmarie,13
CT,F,1958,Beatrice,13
CT,F,1958,Iris,13
CT,F,1958,Karin,13
CT,F,1958,Laurel,13
CT,F,1958,Leah,13
CT,F,1958,Lorna,13
CT,F,1958,Lucinda,13
CT,F,1958,Marian,13
CT,F,1958,Roseann,13
CT,F,1958,Belinda,12
CT,F,1958,Crystal,12
CT,F,1958,Deirdre,12
CT,F,1958,Elise,12
CT,F,1958,Florence,12
CT,F,1958,Janis,12
CT,F,1958,Jodi,12
CT,F,1958,Madeline,12
CT,F,1958,Mildred,12
CT,F,1958,Naomi,12
CT,F,1958,Natalie,12
CT,F,1958,Robbin,12
CT,F,1958,Stacey,12
CT,F,1958,Tara,12
CT,F,1958,Vicky,12
CT,F,1958,Billie,11
CT,F,1958,Claudette,11
CT,F,1958,Eva,11
CT,F,1958,Ingrid,11
CT,F,1958,Jacquelyn,11
CT,F,1958,Lenore,11
CT,F,1958,Lora,11
CT,F,1958,Lynette,11
CT,F,1958,Marsha,11
CT,F,1958,Melody,11
CT,F,1958,Pam,11
CT,F,1958,Paulette,11
CT,F,1958,Sherrie,11
CT,F,1958,Sonia,11
CT,F,1958,Tamara,11
CT,F,1958,Tanya,11
CT,F,1958,Elena,10
CT,F,1958,Gladys,10
CT,F,1958,Gretchen,10
CT,F,1958,Jessica,10
CT,F,1958,Kathi,10
CT,F,1958,Laureen,10
CT,F,1958,Lorie,10
CT,F,1958,Luann,10
CT,F,1958,Lucia,10
CT,F,1958,Madelyn,10
CT,F,1958,Marguerite,10
CT,F,1958,Pat,10
CT,F,1958,Rochelle,10
CT,F,1958,Rosanne,10
CT,F,1958,Cherie,9
CT,F,1958,Debby,9
CT,F,1958,Edith,9
CT,F,1958,Elisa,9
CT,F,1958,Elisabeth,9
CT,F,1958,Esther,9
CT,F,1958,Ethel,9
CT,F,1958,Georgia,9
CT,F,1958,Gwen,9
CT,F,1958,Harriet,9
CT,F,1958,Hope,9
CT,F,1958,Janine,9
CT,F,1958,Jeannine,9
CT,F,1958,Jennie,9
CT,F,1958,Johanna,9
CT,F,1958,Kristen,9
CT,F,1958,Lauri,9
CT,F,1958,Leigh,9
CT,F,1958,Robyn,9
CT,F,1958,Vera,9
CT,F,1958,Adele,8
CT,F,1958,Amanda,8
CT,F,1958,Ana,8
CT,F,1958,Bridget,8
CT,F,1958,Candy,8
CT,F,1958,Cassandra,8
CT,F,1958,Cecilia,8
CT,F,1958,Chris,8
CT,F,1958,Dori,8
CT,F,1958,Helena,8
CT,F,1958,Helene,8
CT,F,1958,Kate,8
CT,F,1958,Kimberley,8
CT,F,1958,Kristina,8
CT,F,1958,Marcy,8
CT,F,1958,Marylou,8
CT,F,1958,Mona,8
CT,F,1958,Penelope,8
CT,F,1958,Rosa,8
CT,F,1958,Sheri,8
CT,F,1958,Tammie,8
CT,F,1958,Angelina,7
CT,F,1958,Antonia,7
CT,F,1958,Arline,7
CT,F,1958,Becky,7
CT,F,1958,Bernice,7
CT,F,1958,Carleen,7
CT,F,1958,Carlene,7
CT,F,1958,Cathryn,7
CT,F,1958,Cheri,7
CT,F,1958,Christa,7
CT,F,1958,Clare,7
CT,F,1958,Colette,7
CT,F,1958,Danielle,7
CT,F,1958,Darcy,7
CT,F,1958,Darleen,7
CT,F,1958,Dena,7
CT,F,1958,Dianna,7
CT,F,1958,Eve,7
CT,F,1958,Georgette,7
CT,F,1958,Jenny,7
CT,F,1958,Joanna,7
CT,F,1958,Jodie,7
CT,F,1958,Lesley,7
CT,F,1958,Lyn,7
CT,F,1958,Maribeth,7
CT,F,1958,Marisa,7
CT,F,1958,Maryanne,7
CT,F,1958,Ramona,7
CT,F,1958,Rene,7
CT,F,1958,Rosalie,7
CT,F,1958,Sabrina,7
CT,F,1958,Sharlene,7
CT,F,1958,Trudy,7
CT,F,1958,Vickie,7
CT,F,1958,Yolanda,7
CT,F,1958,Alexandra,6
CT,F,1958,Amelia,6
CT,F,1958,Bonita,6
CT,F,1958,Camille,6
CT,F,1958,Celia,6
CT,F,1958,Clara,6
CT,F,1958,Daryl,6
CT,F,1958,Deanna,6
CT,F,1958,Delores,6
CT,F,1958,Desiree,6
CT,F,1958,Dora,6
CT,F,1958,Dorene,6
CT,F,1958,Edna,6
CT,F,1958,Ella,6
CT,F,1958,Felicia,6
CT,F,1958,Gay,6
CT,F,1958,Gertrude,6
CT,F,1958,Gisele,6
CT,F,1958,Hillary,6
CT,F,1958,Jocelyn,6
CT,F,1958,Joellen,6
CT,F,1958,Judi,6
CT,F,1958,Justine,6
CT,F,1958,Kathie,6
CT,F,1958,Kristin,6
CT,F,1958,Kyle,6
CT,F,1958,Lenora,6
CT,F,1958,Liza,6
CT,F,1958,Marci,6
CT,F,1958,Maxine,6
CT,F,1958,Moira,6
CT,F,1958,Nicole,6
CT,F,1958,Pearl,6
CT,F,1958,Rae,6
CT,F,1958,Rena,6
CT,F,1958,Roseanne,6
CT,F,1958,Shelly,6
CT,F,1958,Terese,6
CT,F,1958,Ursula,6
CT,F,1958,Yvette,6
CT,F,1958,Agnes,5
CT,F,1958,Alissa,5
CT,F,1958,Arleen,5
CT,F,1958,Bernadine,5
CT,F,1958,Caren,5
CT,F,1958,Christie,5
CT,F,1958,Coleen,5
CT,F,1958,Delia,5
CT,F,1958,Della,5
CT,F,1958,Elissa,5
CT,F,1958,Erica,5
CT,F,1958,Genevieve,5
CT,F,1958,Georgianna,5
CT,F,1958,Ivy,5
CT,F,1958,James,5
CT,F,1958,Janette,5
CT,F,1958,Janie,5
CT,F,1958,Jeannie,5
CT,F,1958,Jenifer,5
CT,F,1958,Jeri,5
CT,F,1958,Jerri,5
CT,F,1958,Kelley,5
CT,F,1958,Lea,5
CT,F,1958,Lise,5
CT,F,1958,Lissa,5
CT,F,1958,Luisa,5
CT,F,1958,Luz,5
CT,F,1958,Margo,5
CT,F,1958,Margot,5
CT,F,1958,Maritza,5
CT,F,1958,Megan,5
CT,F,1958,Merry,5
CT,F,1958,Muriel,5
CT,F,1958,Pattie,5
CT,F,1958,Ronda,5
CT,F,1958,Sandi,5
CT,F,1958,Shannon,5
CT,F,1958,Sondra,5
CT,F,1958,Suzan,5
CT,F,1958,Therese,5
CT,F,1959,Susan,841
CT,F,1959,Mary,763
CT,F,1959,Donna,691
CT,F,1959,Karen,586
CT,F,1959,Linda,555
CT,F,1959,Patricia,545
CT,F,1959,Nancy,508
CT,F,1959,Lisa,507
CT,F,1959,Deborah,482
CT,F,1959,Cynthia,424
CT,F,1959,Elizabeth,407
CT,F,1959,Diane,400
CT,F,1959,Debra,374
CT,F,1959,Cheryl,371
CT,F,1959,Kathleen,369
CT,F,1959,Barbara,327
CT,F,1959,Pamela,323
CT,F,1959,Carol,298
CT,F,1959,Sharon,294
CT,F,1959,Lori,273
CT,F,1959,Laura,270
CT,F,1959,Sandra,257
CT,F,1959,Robin,249
CT,F,1959,Denise,209
CT,F,1959,Janet,201
CT,F,1959,Kathy,201
CT,F,1959,Christine,197
CT,F,1959,Ann,196
CT,F,1959,Margaret,196
CT,F,1959,Catherine,192
CT,F,1959,Lynn,184
CT,F,1959,Dawn,178
CT,F,1959,Theresa,174
CT,F,1959,Cindy,169
CT,F,1959,Laurie,166
CT,F,1959,Debbie,165
CT,F,1959,Kim,164
CT,F,1959,Brenda,155
CT,F,1959,Judith,155
CT,F,1959,Ellen,153
CT,F,1959,Anne,152
CT,F,1959,Gail,152
CT,F,1959,Joan,151
CT,F,1959,Joanne,151
CT,F,1959,Janice,134
CT,F,1959,Wendy,134
CT,F,1959,Beth,130
CT,F,1959,Maureen,130
CT,F,1959,Paula,127
CT,F,1959,Jane,122
CT,F,1959,Leslie,116
CT,F,1959,Jean,115
CT,F,1959,Kimberly,115
CT,F,1959,Suzanne,112
CT,F,1959,Kathryn,109
CT,F,1959,Cathy,108
CT,F,1959,Jennifer,108
CT,F,1959,Darlene,106
CT,F,1959,Joyce,105
CT,F,1959,Katherine,105
CT,F,1959,Amy,102
CT,F,1959,Michele,100
CT,F,1959,Marie,97
CT,F,1959,Michelle,96
CT,F,1959,Doreen,94
CT,F,1959,Eileen,93
CT,F,1959,Bonnie,89
CT,F,1959,Joann,89
CT,F,1959,Maria,89
CT,F,1959,Teresa,88
CT,F,1959,Elaine,87
CT,F,1959,Colleen,84
CT,F,1959,Sheila,84
CT,F,1959,Valerie,83
CT,F,1959,Julie,81
CT,F,1959,Judy,80
CT,F,1959,Andrea,79
CT,F,1959,Diana,75
CT,F,1959,Dorothy,75
CT,F,1959,Beverly,74
CT,F,1959,Jacqueline,73
CT,F,1959,Carolyn,72
CT,F,1959,Jill,71
CT,F,1959,Sally,71
CT,F,1959,Tina,71
CT,F,1959,Lorraine,70
CT,F,1959,Angela,69
CT,F,1959,Annette,69
CT,F,1959,Sarah,69
CT,F,1959,Ruth,67
CT,F,1959,Tammy,66
CT,F,1959,Anna,62
CT,F,1959,Louise,62
CT,F,1959,Tracy,61
CT,F,1959,Victoria,61
CT,F,1959,Holly,60
CT,F,1959,Jeanne,60
CT,F,1959,Virginia,59
CT,F,1959,Rebecca,58
CT,F,1959,Betty,56
CT,F,1959,Jo,54
CT,F,1959,Lynne,53
CT,F,1959,Rose,53
CT,F,1959,Sue,53
CT,F,1959,Melissa,51
CT,F,1959,Terri,51
CT,F,1959,Renee,50
CT,F,1959,Martha,49
CT,F,1959,Frances,48
CT,F,1959,Lauren,48
CT,F,1959,Roberta,48
CT,F,1959,Helen,47
CT,F,1959,Regina,47
CT,F,1959,Rita,46
CT,F,1959,Alice,45
CT,F,1959,Betsy,45
CT,F,1959,Shirley,45
CT,F,1959,Gina,44
CT,F,1959,Heidi,44
CT,F,1959,Kelly,44
CT,F,1959,Marianne,44
CT,F,1959,Charlene,42
CT,F,1959,Julia,42
CT,F,1959,Rosemary,42
CT,F,1959,Stephanie,42
CT,F,1959,Terry,42
CT,F,1959,Maryann,41
CT,F,1959,Alison,40
CT,F,1959,Dianne,40
CT,F,1959,Joy,39
CT,F,1959,Sherry,38
CT,F,1959,Carrie,37
CT,F,1959,Peggy,37
CT,F,1959,Anita,36
CT,F,1959,Christina,36
CT,F,1959,Patty,36
CT,F,1959,Evelyn,35
CT,F,1959,Heather,34
CT,F,1959,Irene,34
CT,F,1959,Penny,34
CT,F,1959,Phyllis,34
CT,F,1959,Audrey,33
CT,F,1959,Bernadette,33
CT,F,1959,Lee,33
CT,F,1959,Claire,32
CT,F,1959,Constance,32
CT,F,1959,Arlene,31
CT,F,1959,Lois,31
CT,F,1959,Lynda,31
CT,F,1959,Marcia,31
CT,F,1959,June,30
CT,F,1959,Monica,30
CT,F,1959,Rhonda,30
CT,F,1959,Yvonne,30
CT,F,1959,Claudia,29
CT,F,1959,Gloria,29
CT,F,1959,Loretta,29
CT,F,1959,Wanda,29
CT,F,1959,April,28
CT,F,1959,Carla,28
CT,F,1959,Cathleen,28
CT,F,1959,Lucy,28
CT,F,1959,Marilyn,28
CT,F,1959,Marjorie,28
CT,F,1959,Sheryl,28
CT,F,1959,Rosemarie,27
CT,F,1959,Roxanne,27
CT,F,1959,Teri,27
CT,F,1959,Grace,26
CT,F,1959,Dale,25
CT,F,1959,Doris,25
CT,F,1959,Marlene,25
CT,F,1959,Melanie,25
CT,F,1959,Norma,25
CT,F,1959,Shari,25
CT,F,1959,Carmen,24
CT,F,1959,Carole,24
CT,F,1959,Pam,24
CT,F,1959,Tami,24
CT,F,1959,Pauline,23
CT,F,1959,Sara,23
CT,F,1959,Toni,23
CT,F,1959,Tracey,23
CT,F,1959,Dana,22
CT,F,1959,Lillian,22
CT,F,1959,Stacey,22
CT,F,1959,Allison,21
CT,F,1959,Francine,21
CT,F,1959,Jody,21
CT,F,1959,Kerry,21
CT,F,1959,Marion,21
CT,F,1959,Maura,21
CT,F,1959,Nadine,21
CT,F,1959,Rachel,21
CT,F,1959,Robbin,21
CT,F,1959,Sandy,21
CT,F,1959,Veronica,21
CT,F,1959,Caroline,20
CT,F,1959,Dolores,20
CT,F,1959,Jayne,20
CT,F,1959,Priscilla,20
CT,F,1959,Shelley,20
CT,F,1959,Vanessa,20
CT,F,1959,Josephine,19
CT,F,1959,Laurel,19
CT,F,1959,Natalie,19
CT,F,1959,Noreen,19
CT,F,1959,Crystal,18
CT,F,1959,Deirdre,18
CT,F,1959,Marybeth,18
CT,F,1959,Elisa,17
CT,F,1959,Eva,17
CT,F,1959,Jeanette,17
CT,F,1959,Jeannette,17
CT,F,1959,Jodi,17
CT,F,1959,Maryellen,17
CT,F,1959,Patrice,17
CT,F,1959,Vicki,17
CT,F,1959,Candace,16
CT,F,1959,Debora,16
CT,F,1959,Gayle,16
CT,F,1959,Geraldine,16
CT,F,1959,Jackie,16
CT,F,1959,Jan,16
CT,F,1959,Karin,16
CT,F,1959,Melinda,16
CT,F,1959,Robyn,16
CT,F,1959,Alicia,15
CT,F,1959,Connie,15
CT,F,1959,Elise,15
CT,F,1959,Jamie,15
CT,F,1959,Jeanine,15
CT,F,1959,Liz,15
CT,F,1959,Patti,15
CT,F,1959,Sheri,15
CT,F,1959,Sherri,15
CT,F,1959,Sylvia,15
CT,F,1959,Tamara,15
CT,F,1959,Yolanda,15
CT,F,1959,Antoinette,14
CT,F,1959,Bernice,14
CT,F,1959,Emily,14
CT,F,1959,Gale,14
CT,F,1959,Jessica,14
CT,F,1959,Lucille,14
CT,F,1959,Madeline,14
CT,F,1959,Miriam,14
CT,F,1959,Nina,14
CT,F,1959,Ramona,14
CT,F,1959,Belinda,13
CT,F,1959,Corinne,13
CT,F,1959,Eleanor,13
CT,F,1959,Faith,13
CT,F,1959,Lydia,13
CT,F,1959,Roseann,13
CT,F,1959,Susanne,13
CT,F,1959,Chris,12
CT,F,1959,Gwendolyn,12
CT,F,1959,Kristine,12
CT,F,1959,Laureen,12
CT,F,1959,Luann,12
CT,F,1959,Marsha,12
CT,F,1959,Mildred,12
CT,F,1959,Yvette,12
CT,F,1959,Bridget,11
CT,F,1959,Carmela,11
CT,F,1959,Debby,11
CT,F,1959,Florence,11
CT,F,1959,Gretchen,11
CT,F,1959,Harriet,11
CT,F,1959,Joanna,11
CT,F,1959,Kathi,11
CT,F,1959,Kimberley,11
CT,F,1959,Lenore,11
CT,F,1959,Lorna,11
CT,F,1959,Lorrie,11
CT,F,1959,Rosanne,11
CT,F,1959,Sandi,11
CT,F,1959,Tanya,11
CT,F,1959,Tara,11
CT,F,1959,Terese,11
CT,F,1959,Abigail,10
CT,F,1959,Annmarie,10
CT,F,1959,Celeste,10
CT,F,1959,Charlotte,10
CT,F,1959,Deanna,10
CT,F,1959,Elisabeth,10
CT,F,1959,Erin,10
CT,F,1959,Hilary,10
CT,F,1959,Hope,10
CT,F,1959,Janis,10
CT,F,1959,Jodie,10
CT,F,1959,Lorri,10
CT,F,1959,Melody,10
CT,F,1959,Molly,10
CT,F,1959,Rosa,10
CT,F,1959,Adrienne,9
CT,F,1959,Candy,9
CT,F,1959,Edna,9
CT,F,1959,Gladys,9
CT,F,1959,Iris,9
CT,F,1959,Jeannine,9
CT,F,1959,Katharine,9
CT,F,1959,Leigh,9
CT,F,1959,Lora,9
CT,F,1959,Marcy,9
CT,F,1959,Marian,9
CT,F,1959,Nanette,9
CT,F,1959,Nora,9
CT,F,1959,Polly,9
CT,F,1959,Rene,9
CT,F,1959,Stacy,9
CT,F,1959,Tammie,9
CT,F,1959,Therese,9
CT,F,1959,Vivian,9
CT,F,1959,Amanda,8
CT,F,1959,Ana,8
CT,F,1959,Annemarie,8
CT,F,1959,Bonita,8
CT,F,1959,Camille,8
CT,F,1959,Carmel,8
CT,F,1959,Cecile,8
CT,F,1959,Coleen,8
CT,F,1959,Ethel,8
CT,F,1959,Felicia,8
CT,F,1959,Geralyn,8
CT,F,1959,Gwen,8
CT,F,1959,Helene,8
CT,F,1959,Jacquelyn,8
CT,F,1959,Joni,8
CT,F,1959,Karla,8
CT,F,1959,Kirsten,8
CT,F,1959,Kristi,8
CT,F,1959,Kyle,8
CT,F,1959,Lorie,8
CT,F,1959,Lucinda,8
CT,F,1959,Megan,8
CT,F,1959,Meredith,8
CT,F,1959,Migdalia,8
CT,F,1959,Pat,8
CT,F,1959,Sonia,8
CT,F,1959,Vera,8
CT,F,1959,Vickie,8
CT,F,1959,Agnes,7
CT,F,1959,Alberta,7
CT,F,1959,Alexandra,7
CT,F,1959,Alexis,7
CT,F,1959,Candice,7
CT,F,1959,Cecilia,7
CT,F,1959,Celia,7
CT,F,1959,Corrine,7
CT,F,1959,Della,7
CT,F,1959,Dianna,7
CT,F,1959,Edith,7
CT,F,1959,Ginger,7
CT,F,1959,Janine,7
CT,F,1959,Jenny,7
CT,F,1959,Juanita,7
CT,F,1959,Leanne,7
CT,F,1959,Liane,7
CT,F,1959,Luanne,7
CT,F,1959,Lynette,7
CT,F,1959,Margo,7
CT,F,1959,Margot,7
CT,F,1959,Marguerite,7
CT,F,1959,Maryanne,7
CT,F,1959,Monique,7
CT,F,1959,Rena,7
CT,F,1959,Rochelle,7
CT,F,1959,Shawn,7
CT,F,1959,Shelly,7
CT,F,1959,Vicky,7
CT,F,1959,Alma,6
CT,F,1959,Althea,6
CT,F,1959,Annie,6
CT,F,1959,Becky,6
CT,F,1959,Camilla,6
CT,F,1959,Caren,6
CT,F,1959,Carlene,6
CT,F,1959,Cecelia,6
CT,F,1959,Cheri,6
CT,F,1959,Cherie,6
CT,F,1959,Claudette,6
CT,F,1959,Dorene,6
CT,F,1959,Erika,6
CT,F,1959,Eve,6
CT,F,1959,Francesca,6
CT,F,1959,Georgia,6
CT,F,1959,Georgina,6
CT,F,1959,Gertrude,6
CT,F,1959,Ida,6
CT,F,1959,Ingrid,6
CT,F,1959,Ivy,6
CT,F,1959,Jeannie,6
CT,F,1959,Jennie,6
CT,F,1959,Jeri,6
CT,F,1959,Jocelyn,6
CT,F,1959,Julianne,6
CT,F,1959,Kate,6
CT,F,1959,Katie,6
CT,F,1959,Kristina,6
CT,F,1959,Leah,6
CT,F,1959,Lise,6
CT,F,1959,Loraine,6
CT,F,1959,Lucia,6
CT,F,1959,Marcie,6
CT,F,1959,Maribeth,6
CT,F,1959,Marylou,6
CT,F,1959,Meg,6
CT,F,1959,Myra,6
CT,F,1959,Myrna,6
CT,F,1959,Naomi,6
CT,F,1959,Paulette,6
CT,F,1959,Penelope,6
CT,F,1959,Randi,6
CT,F,1959,Rosalie,6
CT,F,1959,Sharlene,6
CT,F,1959,Sherrie,6
CT,F,1959,Stacie,6
CT,F,1959,Stella,6
CT,F,1959,Thelma,6
CT,F,1959,Abby,5
CT,F,1959,Aimee,5
CT,F,1959,Amelia,5
CT,F,1959,Bethany,5
CT,F,1959,Bonny,5
CT,F,1959,Catharine,5
CT,F,1959,Cathryn,5
CT,F,1959,Clara,5
CT,F,1959,Colette,5
CT,F,1959,Daisy,5
CT,F,1959,Danielle,5
CT,F,1959,Dara,5
CT,F,1959,Desiree,5
CT,F,1959,Diann,5
CT,F,1959,Dorinda,5
CT,F,1959,Elena,5
CT,F,1959,Erica,5
CT,F,1959,Esther,5
CT,F,1959,Georgette,5
CT,F,1959,Hilda,5
CT,F,1959,Jessie,5
CT,F,1959,Kathrine,5
CT,F,1959,Kelley,5
CT,F,1959,Kellie,5
CT,F,1959,Kristen,5
CT,F,1959,Kristin,5
CT,F,1959,Lana,5
CT,F,1959,Laurene,5
CT,F,1959,Laverne,5
CT,F,1959,Leona,5
CT,F,1959,Lesley,5
CT,F,1959,Loren,5
CT,F,1959,Marcella,5
CT,F,1959,Margarita,5
CT,F,1959,Margie,5
CT,F,1959,Mariann,5
CT,F,1959,Marisa,5
CT,F,1959,Marta,5
CT,F,1959,May,5
CT,F,1959,Michael,5
CT,F,1959,Moira,5
CT,F,1959,Mona,5
CT,F,1959,Nydia,5
CT,F,1959,Sheree,5
CT,F,1959,Sophia,5
CT,F,1959,Sophie,5
CT,F,1959,Thomas,5
CT,F,1959,Viola,5
CT,F,1960,Susan,789
CT,F,1960,Mary,681
CT,F,1960,Lisa,628
CT,F,1960,Donna,627
CT,F,1960,Karen,565
CT,F,1960,Linda,552
CT,F,1960,Patricia,551
CT,F,1960,Nancy,447
CT,F,1960,Deborah,442
CT,F,1960,Kathleen,398
CT,F,1960,Diane,387
CT,F,1960,Elizabeth,375
CT,F,1960,Cynthia,352
CT,F,1960,Lori,319
CT,F,1960,Sandra,315
CT,F,1960,Debra,312
CT,F,1960,Laura,312
CT,F,1960,Barbara,309
CT,F,1960,Carol,301
CT,F,1960,Cheryl,301
CT,F,1960,Robin,299
CT,F,1960,Sharon,285
CT,F,1960,Pamela,271
CT,F,1960,Denise,236
CT,F,1960,Laurie,234
CT,F,1960,Janet,208
CT,F,1960,Catherine,206
CT,F,1960,Brenda,204
CT,F,1960,Margaret,200
CT,F,1960,Ann,196
CT,F,1960,Kim,193
CT,F,1960,Kimberly,189
CT,F,1960,Lynn,187
CT,F,1960,Christine,186
CT,F,1960,Joanne,172
CT,F,1960,Kathy,170
CT,F,1960,Theresa,168
CT,F,1960,Wendy,167
CT,F,1960,Debbie,164
CT,F,1960,Dawn,161
CT,F,1960,Cindy,155
CT,F,1960,Maureen,142
CT,F,1960,Judith,137
CT,F,1960,Anne,135
CT,F,1960,Maria,135
CT,F,1960,Michele,133
CT,F,1960,Janice,129
CT,F,1960,Jennifer,127
CT,F,1960,Ellen,124
CT,F,1960,Joan,121
CT,F,1960,Katherine,121
CT,F,1960,Jane,117
CT,F,1960,Teresa,116
CT,F,1960,Suzanne,115
CT,F,1960,Darlene,114
CT,F,1960,Paula,114
CT,F,1960,Eileen,111
CT,F,1960,Jean,110
CT,F,1960,Gail,109
CT,F,1960,Beth,107
CT,F,1960,Jill,104
CT,F,1960,Michelle,104
CT,F,1960,Carolyn,103
CT,F,1960,Sheila,101
CT,F,1960,Cathy,98
CT,F,1960,Joyce,98
CT,F,1960,Amy,96
CT,F,1960,Elaine,96
CT,F,1960,Julie,95
CT,F,1960,Tracy,88
CT,F,1960,Diana,86
CT,F,1960,Andrea,85
CT,F,1960,Bonnie,85
CT,F,1960,Tina,84
CT,F,1960,Marie,82
CT,F,1960,Kathryn,81
CT,F,1960,Tammy,80
CT,F,1960,Doreen,79
CT,F,1960,Joann,78
CT,F,1960,Valerie,78
CT,F,1960,Jacqueline,77
CT,F,1960,Annette,76
CT,F,1960,Kelly,76
CT,F,1960,Leslie,71
CT,F,1960,Lorraine,70
CT,F,1960,Lynne,70
CT,F,1960,Martha,69
CT,F,1960,Holly,67
CT,F,1960,Beverly,66
CT,F,1960,Judy,66
CT,F,1960,Sarah,66
CT,F,1960,Melissa,65
CT,F,1960,Victoria,63
CT,F,1960,Evelyn,62
CT,F,1960,Colleen,61
CT,F,1960,Terri,61
CT,F,1960,Anna,60
CT,F,1960,Rose,60
CT,F,1960,Frances,58
CT,F,1960,Heidi,58
CT,F,1960,Renee,58
CT,F,1960,Virginia,58
CT,F,1960,Roberta,57
CT,F,1960,Angela,56
CT,F,1960,Shirley,53
CT,F,1960,Marianne,52
CT,F,1960,Jeanne,51
CT,F,1960,Terry,51
CT,F,1960,Alison,50
CT,F,1960,Charlene,50
CT,F,1960,Gina,49
CT,F,1960,Sherry,49
CT,F,1960,Dorothy,48
CT,F,1960,Jo,48
CT,F,1960,Regina,48
CT,F,1960,Stephanie,48
CT,F,1960,Helen,47
CT,F,1960,Sue,47
CT,F,1960,Sally,46
CT,F,1960,Lauren,45
CT,F,1960,Rosemary,45
CT,F,1960,Betsy,44
CT,F,1960,Gloria,44
CT,F,1960,Rebecca,44
CT,F,1960,Anita,43
CT,F,1960,Rhonda,43
CT,F,1960,Rita,43
CT,F,1960,Marcia,42
CT,F,1960,Phyllis,41
CT,F,1960,Tracey,41
CT,F,1960,Betty,39
CT,F,1960,Ruth,39
CT,F,1960,Dianne,38
CT,F,1960,Heather,38
CT,F,1960,Irene,38
CT,F,1960,Alice,37
CT,F,1960,Louise,37
CT,F,1960,Maryann,36
CT,F,1960,Jamie,35
CT,F,1960,Christina,34
CT,F,1960,Dana,34
CT,F,1960,Melanie,34
CT,F,1960,Monica,34
CT,F,1960,Priscilla,34
CT,F,1960,Audrey,33
CT,F,1960,Sheryl,32
CT,F,1960,Wanda,32
CT,F,1960,Caroline,31
CT,F,1960,Carrie,31
CT,F,1960,Jody,31
CT,F,1960,Patty,31
CT,F,1960,Carmen,29
CT,F,1960,Julia,29
CT,F,1960,Marilyn,29
CT,F,1960,Maryellen,29
CT,F,1960,Peggy,29
CT,F,1960,Sara,29
CT,F,1960,Carole,28
CT,F,1960,Gayle,28
CT,F,1960,Toni,28
CT,F,1960,Grace,27
CT,F,1960,Joy,27
CT,F,1960,Bernadette,26
CT,F,1960,Charlotte,26
CT,F,1960,Geraldine,26
CT,F,1960,June,26
CT,F,1960,Lee,26
CT,F,1960,Lois,26
CT,F,1960,Marjorie,26
CT,F,1960,Maura,26
CT,F,1960,Yvonne,26
CT,F,1960,Lynda,25
CT,F,1960,Penny,25
CT,F,1960,Shelley,25
CT,F,1960,Veronica,25
CT,F,1960,Cathleen,24
CT,F,1960,Patti,24
CT,F,1960,Rosemarie,24
CT,F,1960,Vicki,24
CT,F,1960,Antoinette,23
CT,F,1960,Carla,23
CT,F,1960,Jan,23
CT,F,1960,Jodi,23
CT,F,1960,Miriam,23
CT,F,1960,Shari,23
CT,F,1960,Allison,22
CT,F,1960,April,22
CT,F,1960,Kimberley,22
CT,F,1960,Lillian,22
CT,F,1960,Loretta,22
CT,F,1960,Roxanne,22
CT,F,1960,Chris,21
CT,F,1960,Claudia,21
CT,F,1960,Felicia,21
CT,F,1960,Sandy,21
CT,F,1960,Sheri,21
CT,F,1960,Claire,20
CT,F,1960,Dolores,20
CT,F,1960,Eva,20
CT,F,1960,Gretchen,20
CT,F,1960,Marlene,20
CT,F,1960,Norma,20
CT,F,1960,Sherri,20
CT,F,1960,Vivian,20
CT,F,1960,Connie,19
CT,F,1960,Emily,19
CT,F,1960,Kristen,19
CT,F,1960,Melinda,19
CT,F,1960,Nina,19
CT,F,1960,Sylvia,19
CT,F,1960,Alicia,18
CT,F,1960,Francine,18
CT,F,1960,Melody,18
CT,F,1960,Nadine,18
CT,F,1960,Noreen,18
CT,F,1960,Tamara,18
CT,F,1960,Corinne,17
CT,F,1960,Debora,17
CT,F,1960,Edith,17
CT,F,1960,Faith,17
CT,F,1960,Jackie,17
CT,F,1960,Josephine,17
CT,F,1960,Leigh,17
CT,F,1960,Lucy,17
CT,F,1960,Arlene,16
CT,F,1960,Crystal,16
CT,F,1960,Dale,16
CT,F,1960,Erin,16
CT,F,1960,Janine,16
CT,F,1960,Karin,16
CT,F,1960,Lydia,16
CT,F,1960,Marian,16
CT,F,1960,Pam,16
CT,F,1960,Therese,16
CT,F,1960,Vanessa,16
CT,F,1960,Candace,15
CT,F,1960,Constance,15
CT,F,1960,Gwendolyn,15
CT,F,1960,Jeanette,15
CT,F,1960,Kristine,15
CT,F,1960,Laureen,15
CT,F,1960,Laurel,15
CT,F,1960,Marybeth,15
CT,F,1960,Natalie,15
CT,F,1960,Rosanne,15
CT,F,1960,Bridget,14
CT,F,1960,Deanna,14
CT,F,1960,Deirdre,14
CT,F,1960,Doris,14
CT,F,1960,Eleanor,14
CT,F,1960,Kerry,14
CT,F,1960,Lorrie,14
CT,F,1960,Monique,14
CT,F,1960,Naomi,14
CT,F,1960,Patrice,14
CT,F,1960,Ramona,14
CT,F,1960,Sonia,14
CT,F,1960,Stacey,14
CT,F,1960,Susanne,14
CT,F,1960,Teri,14
CT,F,1960,Kelley,13
CT,F,1960,Marion,13
CT,F,1960,Mildred,13
CT,F,1960,Pauline,13
CT,F,1960,Yolanda,13
CT,F,1960,Ana,12
CT,F,1960,Bernice,12
CT,F,1960,Elisa,12
CT,F,1960,Florence,12
CT,F,1960,Jacquelyn,12
CT,F,1960,Jayne,12
CT,F,1960,Jessica,12
CT,F,1960,Kimberlee,12
CT,F,1960,Lenore,12
CT,F,1960,Luann,12
CT,F,1960,Randi,12
CT,F,1960,Tara,12
CT,F,1960,Yvette,12
CT,F,1960,Agnes,11
CT,F,1960,Beatrice,11
CT,F,1960,Cheri,11
CT,F,1960,Elena,11
CT,F,1960,Elise,11
CT,F,1960,Hope,11
CT,F,1960,Janis,11
CT,F,1960,Jeannine,11
CT,F,1960,Louann,11
CT,F,1960,Lucille,11
CT,F,1960,Megan,11
CT,F,1960,Moira,11
CT,F,1960,Rosa,11
CT,F,1960,Shelly,11
CT,F,1960,Stacy,11
CT,F,1960,Alberta,10
CT,F,1960,Annmarie,10
CT,F,1960,Belinda,10
CT,F,1960,Carlene,10
CT,F,1960,Edna,10
CT,F,1960,Esther,10
CT,F,1960,Gwen,10
CT,F,1960,Kristin,10
CT,F,1960,Marisa,10
CT,F,1960,Marsha,10
CT,F,1960,Nora,10
CT,F,1960,Rachel,10
CT,F,1960,Robbin,10
CT,F,1960,Robyn,10
CT,F,1960,Roseann,10
CT,F,1960,Tami,10
CT,F,1960,Tanya,10
CT,F,1960,Aida,9
CT,F,1960,Alexandra,9
CT,F,1960,Annemarie,9
CT,F,1960,Carmela,9
CT,F,1960,Clara,9
CT,F,1960,Emma,9
CT,F,1960,Francesca,9
CT,F,1960,Hilary,9
CT,F,1960,Jeannette,9
CT,F,1960,Jocelyn,9
CT,F,1960,Katharine,9
CT,F,1960,Liz,9
CT,F,1960,Lorna,9
CT,F,1960,Lucinda,9
CT,F,1960,Marcy,9
CT,F,1960,Marguerite,9
CT,F,1960,Maryanne,9
CT,F,1960,Migdalia,9
CT,F,1960,Pat,9
CT,F,1960,Allyson,8
CT,F,1960,Daisy,8
CT,F,1960,Darla,8
CT,F,1960,Debi,8
CT,F,1960,Dina,8
CT,F,1960,Gale,8
CT,F,1960,Georgia,8
CT,F,1960,Iris,8
CT,F,1960,Jenny,8
CT,F,1960,Joni,8
CT,F,1960,Kate,8
CT,F,1960,Katie,8
CT,F,1960,Katrina,8
CT,F,1960,Laurene,8
CT,F,1960,Lauri,8
CT,F,1960,Lorie,8
CT,F,1960,Lucia,8
CT,F,1960,Madeline,8
CT,F,1960,Margot,8
CT,F,1960,Marylou,8
CT,F,1960,Maxine,8
CT,F,1960,Meredith,8
CT,F,1960,Paulette,8
CT,F,1960,Polly,8
CT,F,1960,Rosalie,8
CT,F,1960,Sherrie,8
CT,F,1960,Tammie,8
CT,F,1960,Wendi,8
CT,F,1960,Arline,7
CT,F,1960,Becky,7
CT,F,1960,Caren,7
CT,F,1960,Cassandra,7
CT,F,1960,Darcy,7
CT,F,1960,Dawne,7
CT,F,1960,Debby,7
CT,F,1960,Deidre,7
CT,F,1960,Desiree,7
CT,F,1960,Dona,7
CT,F,1960,Estelle,7
CT,F,1960,Georgette,7
CT,F,1960,Gladys,7
CT,F,1960,Greta,7
CT,F,1960,Ingrid,7
CT,F,1960,Jeanine,7
CT,F,1960,Johanna,7
CT,F,1960,Kari,7
CT,F,1960,Kyle,7
CT,F,1960,Lenora,7
CT,F,1960,Lesley,7
CT,F,1960,Lora,7
CT,F,1960,Luanne,7
CT,F,1960,Marcella,7
CT,F,1960,Margarita,7
CT,F,1960,Maryjane,7
CT,F,1960,Olga,7
CT,F,1960,Penelope,7
CT,F,1960,Rene,7
CT,F,1960,Rosalyn,7
CT,F,1960,Sandi,7
CT,F,1960,Siobhan,7
CT,F,1960,Vera,7
CT,F,1960,Adrienne,6
CT,F,1960,Amanda,6
CT,F,1960,Annie,6
CT,F,1960,Camille,6
CT,F,1960,Carolann,6
CT,F,1960,Caron,6
CT,F,1960,Catharine,6
CT,F,1960,Cecilia,6
CT,F,1960,Celeste,6
CT,F,1960,Cherie,6
CT,F,1960,Clare,6
CT,F,1960,Dianna,6
CT,F,1960,Ethel,6
CT,F,1960,Gaye,6
CT,F,1960,Genevieve,6
CT,F,1960,Harriet,6
CT,F,1960,Jeffrey,6
CT,F,1960,Judi,6
CT,F,1960,Lila,6
CT,F,1960,Louisa,6
CT,F,1960,Marcie,6
CT,F,1960,Mark,6
CT,F,1960,Rochelle,6
CT,F,1960,Sabrina,6
CT,F,1960,Stacie,6
CT,F,1960,Valarie,6
CT,F,1960,Vicky,6
CT,F,1960,Winifred,6
CT,F,1960,Ada,5
CT,F,1960,Alana,5
CT,F,1960,Bertha,5
CT,F,1960,Bette,5
CT,F,1960,Bonny,5
CT,F,1960,Candy,5
CT,F,1960,Cathryn,5
CT,F,1960,Cecily,5
CT,F,1960,Charles,5
CT,F,1960,Cindi,5
CT,F,1960,Claudette,5
CT,F,1960,Colette,5
CT,F,1960,Daria,5
CT,F,1960,Dorene,5
CT,F,1960,Erica,5
CT,F,1960,Eve,5
CT,F,1960,Ginny,5
CT,F,1960,Glenda,5
CT,F,1960,Jeannie,5
CT,F,1960,Jennie,5
CT,F,1960,Joanna,5
CT,F,1960,Jodie,5
CT,F,1960,Jolene,5
CT,F,1960,Juanita,5
CT,F,1960,Kellie,5
CT,F,1960,Kirsten,5
CT,F,1960,Krista,5
CT,F,1960,Leah,5
CT,F,1960,Leeann,5
CT,F,1960,Leila,5
CT,F,1960,Leona,5
CT,F,1960,Mara,5
CT,F,1960,Margo,5
CT,F,1960,Marina,5
CT,F,1960,Melodie,5
CT,F,1960,Michael,5
CT,F,1960,Nanette,5
CT,F,1960,Nicole,5
CT,F,1960,Nola,5
CT,F,1960,Ronda,5
CT,F,1960,Rosanna,5
CT,F,1960,Sharlene,5
CT,F,1960,Shelia,5
CT,F,1960,Sonya,5
CT,F,1960,Susanna,5
CT,F,1960,Susie,5
CT,F,1960,Tamra,5
CT,F,1960,Terrie,5
CT,F,1960,Tonya,5
CT,F,1960,Tracie,5
CT,F,1960,Ursula,5
CT,F,1960,Verna,5
CT,F,1960,Vickie,5
CT,F,1960,Violet,5
CT,F,1961,Lisa,785
CT,F,1961,Susan,732
CT,F,1961,Mary,662
CT,F,1961,Linda,541
CT,F,1961,Karen,536
CT,F,1961,Donna,529
CT,F,1961,Patricia,477
CT,F,1961,Nancy,461
CT,F,1961,Elizabeth,405
CT,F,1961,Deborah,400
CT,F,1961,Lori,353
CT,F,1961,Kathleen,337
CT,F,1961,Cynthia,329
CT,F,1961,Robin,326
CT,F,1961,Barbara,321
CT,F,1961,Diane,319
CT,F,1961,Laura,310
CT,F,1961,Sharon,306
CT,F,1961,Cheryl,299
CT,F,1961,Sandra,297
CT,F,1961,Debra,265
CT,F,1961,Laurie,265
CT,F,1961,Carol,259
CT,F,1961,Pamela,232
CT,F,1961,Christine,227
CT,F,1961,Denise,226
CT,F,1961,Margaret,212
CT,F,1961,Brenda,211
CT,F,1961,Jacqueline,200
CT,F,1961,Catherine,195
CT,F,1961,Kimberly,195
CT,F,1961,Ann,192
CT,F,1961,Dawn,189
CT,F,1961,Janet,189
CT,F,1961,Theresa,185
CT,F,1961,Lynn,167
CT,F,1961,Kim,166
CT,F,1961,Michele,165
CT,F,1961,Suzanne,153
CT,F,1961,Maureen,139
CT,F,1961,Jennifer,138
CT,F,1961,Kathy,134
CT,F,1961,Wendy,131
CT,F,1961,Judith,130
CT,F,1961,Darlene,129
CT,F,1961,Debbie,129
CT,F,1961,Joanne,127
CT,F,1961,Anne,126
CT,F,1961,Ellen,126
CT,F,1961,Maria,126
CT,F,1961,Michelle,126
CT,F,1961,Carolyn,123
CT,F,1961,Jane,115
CT,F,1961,Katherine,115
CT,F,1961,Cindy,111
CT,F,1961,Gail,111
CT,F,1961,Leslie,106
CT,F,1961,Julie,105
CT,F,1961,Beth,104
CT,F,1961,Elaine,100
CT,F,1961,Tammy,99
CT,F,1961,Diana,97
CT,F,1961,Kathryn,97
CT,F,1961,Tracy,95
CT,F,1961,Janice,94
CT,F,1961,Teresa,94
CT,F,1961,Valerie,94
CT,F,1961,Amy,93
CT,F,1961,Eileen,92
CT,F,1961,Paula,91
CT,F,1961,Joan,89
CT,F,1961,Jean,85
CT,F,1961,Jill,85
CT,F,1961,Sarah,84
CT,F,1961,Bonnie,82
CT,F,1961,Tina,82
CT,F,1961,Doreen,81
CT,F,1961,Holly,81
CT,F,1961,Heidi,80
CT,F,1961,Marie,80
CT,F,1961,Sheila,78
CT,F,1961,Cathy,75
CT,F,1961,Andrea,74
CT,F,1961,Kelly,74
CT,F,1961,Joann,73
CT,F,1961,Joyce,73
CT,F,1961,Lorraine,73
CT,F,1961,Martha,73
CT,F,1961,Renee,73
CT,F,1961,Sally,70
CT,F,1961,Angela,67
CT,F,1961,Anna,67
CT,F,1961,Judy,66
CT,F,1961,Jeanne,64
CT,F,1961,Tracey,60
CT,F,1961,Ruth,59
CT,F,1961,Stephanie,59
CT,F,1961,Victoria,58
CT,F,1961,Annette,57
CT,F,1961,Gloria,57
CT,F,1961,Rose,56
CT,F,1961,Terri,54
CT,F,1961,Colleen,53
CT,F,1961,Melissa,53
CT,F,1961,Sherry,53
CT,F,1961,Frances,51
CT,F,1961,Lynne,51
CT,F,1961,Beverly,50
CT,F,1961,Dorothy,50
CT,F,1961,Gina,49
CT,F,1961,Charlene,48
CT,F,1961,Lauren,48
CT,F,1961,Rebecca,48
CT,F,1961,Louise,47
CT,F,1961,Sue,47
CT,F,1961,Marianne,46
CT,F,1961,Shirley,46
CT,F,1961,Helen,45
CT,F,1961,Rita,45
CT,F,1961,Virginia,45
CT,F,1961,Alice,44
CT,F,1961,Marcia,44
CT,F,1961,Allison,42
CT,F,1961,Anita,42
CT,F,1961,Maryann,42
CT,F,1961,Rosemary,42
CT,F,1961,Phyllis,41
CT,F,1961,Regina,41
CT,F,1961,Roberta,41
CT,F,1961,Yvonne,41
CT,F,1961,Evelyn,40
CT,F,1961,Carla,39
CT,F,1961,Julia,39
CT,F,1961,Rhonda,39
CT,F,1961,Betty,38
CT,F,1961,Caroline,37
CT,F,1961,Alison,36
CT,F,1961,Christina,36
CT,F,1961,Roxanne,36
CT,F,1961,Terry,36
CT,F,1961,Heather,35
CT,F,1961,Jo,35
CT,F,1961,Irene,34
CT,F,1961,Marilyn,34
CT,F,1961,Veronica,34
CT,F,1961,Dana,33
CT,F,1961,Dianne,33
CT,F,1961,Rosemarie,33
CT,F,1961,Lynda,32
CT,F,1961,Wanda,32
CT,F,1961,Claire,31
CT,F,1961,Jackie,31
CT,F,1961,June,31
CT,F,1961,Peggy,31
CT,F,1961,Carmen,30
CT,F,1961,Cathleen,30
CT,F,1961,Jamie,30
CT,F,1961,Melanie,30
CT,F,1961,Noreen,30
CT,F,1961,Penny,30
CT,F,1961,Janine,29
CT,F,1961,Patty,29
CT,F,1961,Sara,29
CT,F,1961,Shari,29
CT,F,1961,Sheryl,29
CT,F,1961,Doris,28
CT,F,1961,Jody,28
CT,F,1961,Lee,28
CT,F,1961,Lois,28
CT,F,1961,Marjorie,28
CT,F,1961,Maura,28
CT,F,1961,Monica,28
CT,F,1961,Alicia,27
CT,F,1961,Joy,27
CT,F,1961,Lucy,27
CT,F,1961,Patti,27
CT,F,1961,Annmarie,26
CT,F,1961,Betsy,26
CT,F,1961,Grace,26
CT,F,1961,Jeanette,26
CT,F,1961,Sandy,26
CT,F,1961,Carole,25
CT,F,1961,Gayle,25
CT,F,1961,Josephine,25
CT,F,1961,Loretta,25
CT,F,1961,Sherri,25
CT,F,1961,Marlene,24
CT,F,1961,Melinda,24
CT,F,1961,Robyn,24
CT,F,1961,Toni,24
CT,F,1961,Carrie,23
CT,F,1961,Claudia,23
CT,F,1961,Connie,23
CT,F,1961,Corinne,23
CT,F,1961,Deirdre,23
CT,F,1961,Jodi,23
CT,F,1961,Rachel,23
CT,F,1961,April,22
CT,F,1961,Bernadette,22
CT,F,1961,Felicia,22
CT,F,1961,Gretchen,22
CT,F,1961,Norma,22
CT,F,1961,Shelley,22
CT,F,1961,Vicki,22
CT,F,1961,Leigh,21
CT,F,1961,Shelly,21
CT,F,1961,Sheri,21
CT,F,1961,Teri,21
CT,F,1961,Vanessa,21
CT,F,1961,Audrey,20
CT,F,1961,Deanna,20
CT,F,1961,Kerry,20
CT,F,1961,Bridget,19
CT,F,1961,Erin,19
CT,F,1961,Gwendolyn,19
CT,F,1961,Jacquelyn,19
CT,F,1961,Lillian,19
CT,F,1961,Lydia,19
CT,F,1961,Marybeth,19
CT,F,1961,Megan,19
CT,F,1961,Miriam,19
CT,F,1961,Sylvia,19
CT,F,1961,Tamara,19
CT,F,1961,Amanda,18
CT,F,1961,Chris,18
CT,F,1961,Nadine,18
CT,F,1961,Roseann,18
CT,F,1961,Crystal,17
CT,F,1961,Emily,17
CT,F,1961,Pam,17
CT,F,1961,Priscilla,17
CT,F,1961,Rosa,17
CT,F,1961,Arlene,16
CT,F,1961,Constance,16
CT,F,1961,Dale,16
CT,F,1961,Dolores,16
CT,F,1961,Geraldine,16
CT,F,1961,Karin,16
CT,F,1961,Kimberley,16
CT,F,1961,Marion,16
CT,F,1961,Stacey,16
CT,F,1961,Therese,16
CT,F,1961,Vivian,16
CT,F,1961,Belinda,15
CT,F,1961,Edith,15
CT,F,1961,Eva,15
CT,F,1961,Jayne,15
CT,F,1961,Kimberlee,15
CT,F,1961,Lauri,15
CT,F,1961,Lorie,15
CT,F,1961,Lucille,15
CT,F,1961,Natalie,15
CT,F,1961,Patrice,15
CT,F,1961,Tara,15
CT,F,1961,Danielle,14
CT,F,1961,Gwen,14
CT,F,1961,Jessica,14
CT,F,1961,Katharine,14
CT,F,1961,Maryanne,14
CT,F,1961,Maryellen,14
CT,F,1961,Melody,14
CT,F,1961,Pauline,14
CT,F,1961,Susanne,14
CT,F,1961,Candace,13
CT,F,1961,Elisa,13
CT,F,1961,Faith,13
CT,F,1961,Florence,13
CT,F,1961,Jeannette,13
CT,F,1961,Nina,13
CT,F,1961,Ramona,13
CT,F,1961,Sonia,13
CT,F,1961,Yvette,13
CT,F,1961,Alisa,12
CT,F,1961,Charlotte,12
CT,F,1961,Cheri,12
CT,F,1961,Elise,12
CT,F,1961,Francine,12
CT,F,1961,Jan,12
CT,F,1961,Kristin,12
CT,F,1961,Kristine,12
CT,F,1961,Lesley,12
CT,F,1961,Loriann,12
CT,F,1961,Lorna,12
CT,F,1961,Madeline,12
CT,F,1961,Marsha,12
CT,F,1961,Stacy,12
CT,F,1961,Vickie,12
CT,F,1961,Antoinette,11
CT,F,1961,Becky,11
CT,F,1961,Carlene,11
CT,F,1961,Cassandra,11
CT,F,1961,Debora,11
CT,F,1961,Joanna,11
CT,F,1961,Karla,11
CT,F,1961,Liz,11
CT,F,1961,Lucia,11
CT,F,1961,Marcy,11
CT,F,1961,Marylou,11
CT,F,1961,Mildred,11
CT,F,1961,Monique,11
CT,F,1961,Nora,11
CT,F,1961,Rosanne,11
CT,F,1961,Yolanda,11
CT,F,1961,Alexandra,10
CT,F,1961,Allyson,10
CT,F,1961,Angel,10
CT,F,1961,Beatrice,10
CT,F,1961,Celeste,10
CT,F,1961,Delores,10
CT,F,1961,Dianna,10
CT,F,1961,Dina,10
CT,F,1961,Jana,10
CT,F,1961,Jeannine,10
CT,F,1961,Jessie,10
CT,F,1961,Julianne,10
CT,F,1961,Kate,10
CT,F,1961,Laurel,10
CT,F,1961,Lorri,10
CT,F,1961,Marguerite,10
CT,F,1961,Marisa,10
CT,F,1961,Nicole,10
CT,F,1961,Roxann,10
CT,F,1961,Shawn,10
CT,F,1961,Trudy,10
CT,F,1961,Agnes,9
CT,F,1961,Amelia,9
CT,F,1961,Eleanor,9
CT,F,1961,Elisabeth,9
CT,F,1961,Gale,9
CT,F,1961,Ingrid,9
CT,F,1961,Jodie,9
CT,F,1961,Kristen,9
CT,F,1961,Laureen,9
CT,F,1961,Leah,9
CT,F,1961,Lorrie,9
CT,F,1961,Madelyn,9
CT,F,1961,Maryjane,9
CT,F,1961,Rene,9
CT,F,1961,Rochelle,9
CT,F,1961,Sherrie,9
CT,F,1961,Sonya,9
CT,F,1961,Traci,9
CT,F,1961,Adele,8
CT,F,1961,Alane,8
CT,F,1961,Bernice,8
CT,F,1961,Daphne,8
CT,F,1961,Darcy,8
CT,F,1961,Georgia,8
CT,F,1961,Hope,8
CT,F,1961,Iris,8
CT,F,1961,Jeanine,8
CT,F,1961,Jeri,8
CT,F,1961,Kathi,8
CT,F,1961,Kelley,8
CT,F,1961,Kellie,8
CT,F,1961,Krista,8
CT,F,1961,Leanne,8
CT,F,1961,Leeann,8
CT,F,1961,Louann,8
CT,F,1961,Maritza,8
CT,F,1961,Maxine,8
CT,F,1961,Paige,8
CT,F,1961,Stacie,8
CT,F,1961,Tracie,8
CT,F,1961,Tricia,8
CT,F,1961,Valarie,8
CT,F,1961,Aileen,7
CT,F,1961,Ana,7
CT,F,1961,Annamarie,7
CT,F,1961,Caren,7
CT,F,1961,Celia,7
CT,F,1961,Christie,7
CT,F,1961,Clare,7
CT,F,1961,Colette,7
CT,F,1961,Cora,7
CT,F,1961,Darleen,7
CT,F,1961,Deidre,7
CT,F,1961,Dorene,7
CT,F,1961,Esther,7
CT,F,1961,Ethel,7
CT,F,1961,Gladys,7
CT,F,1961,Harriet,7
CT,F,1961,Isabel,7
CT,F,1961,Jennie,7
CT,F,1961,Juanita,7
CT,F,1961,Louisa,7
CT,F,1961,Luann,7
CT,F,1961,Lynette,7
CT,F,1961,Meredith,7
CT,F,1961,Mona,7
CT,F,1961,Polly,7
CT,F,1961,Robbin,7
CT,F,1961,Ronda,7
CT,F,1961,Rosalind,7
CT,F,1961,Roslyn,7
CT,F,1961,Shannon,7
CT,F,1961,Tami,7
CT,F,1961,Vera,7
CT,F,1961,Vicky,7
CT,F,1961,Adrienne,6
CT,F,1961,Annie,6
CT,F,1961,Brigid,6
CT,F,1961,Camille,6
CT,F,1961,Carmela,6
CT,F,1961,Claudette,6
CT,F,1961,David,6
CT,F,1961,Deanne,6
CT,F,1961,Debby,6
CT,F,1961,Dorothea,6
CT,F,1961,Edna,6
CT,F,1961,Elsie,6
CT,F,1961,Estelle,6
CT,F,1961,Eve,6
CT,F,1961,Gigi,6
CT,F,1961,Gwyn,6
CT,F,1961,Hilary,6
CT,F,1961,Ivette,6
CT,F,1961,Janette,6
CT,F,1961,John,6
CT,F,1961,Juliet,6
CT,F,1961,Laverne,6
CT,F,1961,Lizabeth,6
CT,F,1961,Luanne,6
CT,F,1961,Maribeth,6
CT,F,1961,Marla,6
CT,F,1961,Maryjo,6
CT,F,1961,Migdalia,6
CT,F,1961,Nanci,6
CT,F,1961,Nereida,6
CT,F,1961,Penelope,6
CT,F,1961,Rosalie,6
CT,F,1961,Suzette,6
CT,F,1961,Tanya,6
CT,F,1961,William,6
CT,F,1961,Abby,5
CT,F,1961,Alberta,5
CT,F,1961,Alma,5
CT,F,1961,Angelique,5
CT,F,1961,Bette,5
CT,F,1961,Cherie,5
CT,F,1961,Christy,5
CT,F,1961,Clara,5
CT,F,1961,Concetta,5
CT,F,1961,Daniel,5
CT,F,1961,Deena,5
CT,F,1961,Dena,5
CT,F,1961,Desiree,5
CT,F,1961,Dora,5
CT,F,1961,Dori,5
CT,F,1961,Ella,5
CT,F,1961,Eugenia,5
CT,F,1961,Genevieve,5
CT,F,1961,Georgette,5
CT,F,1961,Gillian,5
CT,F,1961,Janina,5
CT,F,1961,Janis,5
CT,F,1961,Jeannie,5
CT,F,1961,Jenny,5
CT,F,1961,Jocelyn,5
CT,F,1961,Johanna,5
CT,F,1961,Johnna,5
CT,F,1961,Judi,5
CT,F,1961,Kathie,5
CT,F,1961,Katrina,5
CT,F,1961,Kerri,5
CT,F,1961,Kirsten,5
CT,F,1961,Kris,5
CT,F,1961,Kristi,5
CT,F,1961,Lenore,5
CT,F,1961,Lora,5
CT,F,1961,Lourdes,5
CT,F,1961,Marcie,5
CT,F,1961,Michael,5
CT,F,1961,Mindy,5
CT,F,1961,Moira,5
CT,F,1961,Nanette,5
CT,F,1961,Robert,5
CT,F,1961,Roseanne,5
CT,F,1961,Selina,5
CT,F,1961,Sherryl,5
CT,F,1961,Sonja,5
CT,F,1961,Stella,5
CT,F,1961,Tammie,5
CT,F,1961,Tonya,5
CT,F,1962,Lisa,852
CT,F,1962,Susan,777
CT,F,1962,Karen,580
CT,F,1962,Mary,576
CT,F,1962,Linda,508
CT,F,1962,Donna,448
CT,F,1962,Lori,408
CT,F,1962,Patricia,399
CT,F,1962,Elizabeth,388
CT,F,1962,Kathleen,368
CT,F,1962,Deborah,348
CT,F,1962,Cynthia,341
CT,F,1962,Nancy,339
CT,F,1962,Diane,329
CT,F,1962,Robin,306
CT,F,1962,Laura,303
CT,F,1962,Cheryl,289
CT,F,1962,Sharon,287
CT,F,1962,Barbara,268
CT,F,1962,Sandra,266
CT,F,1962,Carol,263
CT,F,1962,Laurie,261
CT,F,1962,Pamela,253
CT,F,1962,Debra,247
CT,F,1962,Christine,222
CT,F,1962,Kimberly,221
CT,F,1962,Dawn,189
CT,F,1962,Margaret,186
CT,F,1962,Catherine,182
CT,F,1962,Brenda,178
CT,F,1962,Denise,174
CT,F,1962,Michele,173
CT,F,1962,Kim,170
CT,F,1962,Lynn,170
CT,F,1962,Ann,168
CT,F,1962,Jennifer,168
CT,F,1962,Wendy,157
CT,F,1962,Janet,156
CT,F,1962,Maria,153
CT,F,1962,Jacqueline,152
CT,F,1962,Theresa,146
CT,F,1962,Judith,143
CT,F,1962,Michelle,140
CT,F,1962,Tracy,134
CT,F,1962,Suzanne,133
CT,F,1962,Joanne,123
CT,F,1962,Cindy,121
CT,F,1962,Amy,120
CT,F,1962,Julie,120
CT,F,1962,Anne,119
CT,F,1962,Kathy,119
CT,F,1962,Ellen,115
CT,F,1962,Kelly,114
CT,F,1962,Beth,111
CT,F,1962,Janice,109
CT,F,1962,Katherine,105
CT,F,1962,Jane,104
CT,F,1962,Maureen,104
CT,F,1962,Carolyn,103
CT,F,1962,Debbie,101
CT,F,1962,Tina,101
CT,F,1962,Teresa,100
CT,F,1962,Angela,99
CT,F,1962,Darlene,99
CT,F,1962,Leslie,99
CT,F,1962,Tammy,98
CT,F,1962,Eileen,93
CT,F,1962,Paula,93
CT,F,1962,Gail,89
CT,F,1962,Jill,88
CT,F,1962,Elaine,87
CT,F,1962,Sheila,87
CT,F,1962,Jean,86
CT,F,1962,Tracey,85
CT,F,1962,Doreen,84
CT,F,1962,Marie,83
CT,F,1962,Heidi,82
CT,F,1962,Valerie,82
CT,F,1962,Bonnie,81
CT,F,1962,Diana,78
CT,F,1962,Cathy,77
CT,F,1962,Colleen,77
CT,F,1962,Joan,76
CT,F,1962,Lynne,76
CT,F,1962,Sarah,76
CT,F,1962,Melissa,74
CT,F,1962,Andrea,71
CT,F,1962,Joann,71
CT,F,1962,Sherry,70
CT,F,1962,Holly,69
CT,F,1962,Kathryn,67
CT,F,1962,Renee,66
CT,F,1962,Lorraine,64
CT,F,1962,Terri,62
CT,F,1962,Judy,59
CT,F,1962,Martha,59
CT,F,1962,Gina,58
CT,F,1962,Beverly,55
CT,F,1962,Ruth,54
CT,F,1962,Anna,53
CT,F,1962,Sally,53
CT,F,1962,Jeanne,52
CT,F,1962,Evelyn,51
CT,F,1962,Joyce,51
CT,F,1962,Sherri,50
CT,F,1962,Alison,49
CT,F,1962,Lauren,49
CT,F,1962,Regina,48
CT,F,1962,Rose,48
CT,F,1962,Rebecca,47
CT,F,1962,Sue,47
CT,F,1962,Rhonda,46
CT,F,1962,Stephanie,46
CT,F,1962,Annette,45
CT,F,1962,Heather,44
CT,F,1962,Anita,43
CT,F,1962,Dana,43
CT,F,1962,Victoria,43
CT,F,1962,Virginia,43
CT,F,1962,Dorothy,42
CT,F,1962,Marianne,42
CT,F,1962,Terry,42
CT,F,1962,Roberta,41
CT,F,1962,Carla,40
CT,F,1962,Caroline,40
CT,F,1962,Helen,40
CT,F,1962,Marilyn,40
CT,F,1962,Shirley,40
CT,F,1962,Stacey,40
CT,F,1962,Penny,39
CT,F,1962,Allison,38
CT,F,1962,Marcia,38
CT,F,1962,Maryann,38
CT,F,1962,Wanda,38
CT,F,1962,Alice,37
CT,F,1962,Carrie,37
CT,F,1962,Julia,37
CT,F,1962,Carole,36
CT,F,1962,Charlene,36
CT,F,1962,Louise,36
CT,F,1962,Dianne,35
CT,F,1962,Frances,34
CT,F,1962,Toni,33
CT,F,1962,Audrey,32
CT,F,1962,Monica,32
CT,F,1962,Rosemary,32
CT,F,1962,Gloria,31
CT,F,1962,Marlene,31
CT,F,1962,Phyllis,31
CT,F,1962,Sheri,30
CT,F,1962,Jamie,29
CT,F,1962,Jo,29
CT,F,1962,Lynda,29
CT,F,1962,Nadine,29
CT,F,1962,Rita,29
CT,F,1962,Carmen,28
CT,F,1962,Maura,28
CT,F,1962,Rosemarie,28
CT,F,1962,Sara,28
CT,F,1962,Sheryl,28
CT,F,1962,Jodi,27
CT,F,1962,Vicki,27
CT,F,1962,Christina,26
CT,F,1962,Claudia,26
CT,F,1962,Jody,26
CT,F,1962,Joy,26
CT,F,1962,Lee,26
CT,F,1962,Noreen,26
CT,F,1962,Sylvia,26
CT,F,1962,Constance,25
CT,F,1962,Loretta,25
CT,F,1962,Melanie,25
CT,F,1962,Yvonne,25
CT,F,1962,Betsy,24
CT,F,1962,Dina,24
CT,F,1962,Jeanette,24
CT,F,1962,Josephine,24
CT,F,1962,Kimberley,24
CT,F,1962,Shari,24
CT,F,1962,Shelley,24
CT,F,1962,Vanessa,24
CT,F,1962,Bridget,23
CT,F,1962,Connie,23
CT,F,1962,Janine,23
CT,F,1962,Marjorie,23
CT,F,1962,Marybeth,23
CT,F,1962,Veronica,23
CT,F,1962,Cathleen,22
CT,F,1962,Crystal,22
CT,F,1962,Dolores,22
CT,F,1962,Doris,22
CT,F,1962,Gretchen,22
CT,F,1962,Jackie,22
CT,F,1962,Lydia,22
CT,F,1962,Natalie,22
CT,F,1962,Pam,22
CT,F,1962,Peggy,22
CT,F,1962,Tamara,22
CT,F,1962,Yvette,22
CT,F,1962,Alicia,21
CT,F,1962,April,21
CT,F,1962,Charlotte,21
CT,F,1962,Claire,21
CT,F,1962,Kerry,21
CT,F,1962,Lillian,21
CT,F,1962,Lucy,21
CT,F,1962,Nicole,21
CT,F,1962,Norma,21
CT,F,1962,Rosa,21
CT,F,1962,Stacy,21
CT,F,1962,Tami,21
CT,F,1962,Annmarie,20
CT,F,1962,Betty,20
CT,F,1962,Deanna,20
CT,F,1962,Kelley,20
CT,F,1962,Kristin,20
CT,F,1962,Nina,20
CT,F,1962,Robyn,20
CT,F,1962,Sandy,20
CT,F,1962,Corinne,19
CT,F,1962,Deirdre,19
CT,F,1962,Kristen,19
CT,F,1962,Lois,19
CT,F,1962,Marsha,19
CT,F,1962,Danielle,18
CT,F,1962,Jacquelyn,18
CT,F,1962,Melinda,18
CT,F,1962,Nora,18
CT,F,1962,Susanne,18
CT,F,1962,Yolanda,18
CT,F,1962,June,17
CT,F,1962,Kristine,17
CT,F,1962,Rachel,17
CT,F,1962,Tara,17
CT,F,1962,Amanda,16
CT,F,1962,Antoinette,16
CT,F,1962,Arlene,16
CT,F,1962,Belinda,16
CT,F,1962,Bernadette,16
CT,F,1962,Francine,16
CT,F,1962,Grace,16
CT,F,1962,Irene,16
CT,F,1962,Monique,16
CT,F,1962,Therese,16
CT,F,1962,Traci,16
CT,F,1962,Elena,15
CT,F,1962,Erin,15
CT,F,1962,Jayne,15
CT,F,1962,Maryellen,15
CT,F,1962,Miriam,15
CT,F,1962,Roxanne,15
CT,F,1962,Shelly,15
CT,F,1962,Adrienne,14
CT,F,1962,Eleanor,14
CT,F,1962,Eva,14
CT,F,1962,Gladys,14
CT,F,1962,Jan,14
CT,F,1962,Joanna,14
CT,F,1962,Karin,14
CT,F,1962,Marion,14
CT,F,1962,Pauline,14
CT,F,1962,Tammie,14
CT,F,1962,Geraldine,13
CT,F,1962,Gwendolyn,13
CT,F,1962,Laureen,13
CT,F,1962,Laurel,13
CT,F,1962,Luann,13
CT,F,1962,Patrice,13
CT,F,1962,Priscilla,13
CT,F,1962,Sherrie,13
CT,F,1962,Faith,12
CT,F,1962,Felicia,12
CT,F,1962,Jessica,12
CT,F,1962,Johanna,12
CT,F,1962,Loriann,12
CT,F,1962,Sonya,12
CT,F,1962,Vickie,12
CT,F,1962,Cherie,11
CT,F,1962,Debora,11
CT,F,1962,Edna,11
CT,F,1962,Elisa,11
CT,F,1962,Elisabeth,11
CT,F,1962,Florence,11
CT,F,1962,Jeannine,11
CT,F,1962,Juanita,11
CT,F,1962,Kimberlee,11
CT,F,1962,Lorie,11
CT,F,1962,Meg,11
CT,F,1962,Teri,11
CT,F,1962,Daphne,10
CT,F,1962,Emma,10
CT,F,1962,Gwen,10
CT,F,1962,Ingrid,10
CT,F,1962,Iris,10
CT,F,1962,Jeannette,10
CT,F,1962,Jenifer,10
CT,F,1962,Justine,10
CT,F,1962,Lesley,10
CT,F,1962,Lorrie,10
CT,F,1962,Lucille,10
CT,F,1962,Lucinda,10
CT,F,1962,Madeline,10
CT,F,1962,Marcella,10
CT,F,1962,Maritza,10
CT,F,1962,Mildred,10
CT,F,1962,Paige,10
CT,F,1962,Patti,10
CT,F,1962,Patty,10
CT,F,1962,Rae,10
CT,F,1962,Shawn,10
CT,F,1962,Tracie,10
CT,F,1962,Vicky,10
CT,F,1962,Vivian,10
CT,F,1962,Annemarie,9
CT,F,1962,Candace,9
CT,F,1962,Cara,9
CT,F,1962,Cheri,9
CT,F,1962,Chris,9
CT,F,1962,Clare,9
CT,F,1962,Darcy,9
CT,F,1962,Dianna,9
CT,F,1962,Emily,9
CT,F,1962,Erica,9
CT,F,1962,Glenda,9
CT,F,1962,Jenny,9
CT,F,1962,Julianne,9
CT,F,1962,Kara,9
CT,F,1962,Marcy,9
CT,F,1962,Margarita,9
CT,F,1962,Melody,9
CT,F,1962,Migdalia,9
CT,F,1962,Sonia,9
CT,F,1962,Suzette,9
CT,F,1962,Annie,8
CT,F,1962,Cassandra,8
CT,F,1962,Christa,8
CT,F,1962,Desiree,8
CT,F,1962,Dora,8
CT,F,1962,Francesca,8
CT,F,1962,Georgia,8
CT,F,1962,Karla,8
CT,F,1962,Katharine,8
CT,F,1962,Leigh,8
CT,F,1962,Marci,8
CT,F,1962,Margot,8
CT,F,1962,Marguerite,8
CT,F,1962,Maribeth,8
CT,F,1962,Megan,8
CT,F,1962,Olga,8
CT,F,1962,Roseanne,8
CT,F,1962,Becky,7
CT,F,1962,Bernice,7
CT,F,1962,Candy,7
CT,F,1962,Claudette,7
CT,F,1962,Daria,7
CT,F,1962,Delores,7
CT,F,1962,Edith,7
CT,F,1962,Eve,7
CT,F,1962,Georgette,7
CT,F,1962,Janis,7
CT,F,1962,Jodie,7
CT,F,1962,Kristina,7
CT,F,1962,Lauri,7
CT,F,1962,Leah,7
CT,F,1962,Leanne,7
CT,F,1962,Lenora,7
CT,F,1962,Lucia,7
CT,F,1962,Luz,7
CT,F,1962,Margie,7
CT,F,1962,Marla,7
CT,F,1962,Maryanne,7
CT,F,1962,Marylou,7
CT,F,1962,Milagros,7
CT,F,1962,Minerva,7
CT,F,1962,Naomi,7
CT,F,1962,Rene,7
CT,F,1962,Rochelle,7
CT,F,1962,Roseann,7
CT,F,1962,Sabrina,7
CT,F,1962,Tanya,7
CT,F,1962,Terrie,7
CT,F,1962,Tonya,7
CT,F,1962,Wilma,7
CT,F,1962,Awilda,6
CT,F,1962,Beatrice,6
CT,F,1962,Caryn,6
CT,F,1962,Cecilia,6
CT,F,1962,Celia,6
CT,F,1962,Cindi,6
CT,F,1962,Cornelia,6
CT,F,1962,Debby,6
CT,F,1962,Deidre,6
CT,F,1962,Dona,6
CT,F,1962,Elise,6
CT,F,1962,Erika,6
CT,F,1962,Esther,6
CT,F,1962,Gayle,6
CT,F,1962,Helene,6
CT,F,1962,Jocelyn,6
CT,F,1962,Johnna,6
CT,F,1962,Juliann,6
CT,F,1962,Kate,6
CT,F,1962,Katrina,6
CT,F,1962,Kelli,6
CT,F,1962,Kirsten,6
CT,F,1962,Leeann,6
CT,F,1962,Lenore,6
CT,F,1962,Lise,6
CT,F,1962,Liz,6
CT,F,1962,Liza,6
CT,F,1962,Lora,6
CT,F,1962,Margo,6
CT,F,1962,Marian,6
CT,F,1962,Marisa,6
CT,F,1962,Maryjo,6
CT,F,1962,Ramona,6
CT,F,1962,Randi,6
CT,F,1962,Ronda,6
CT,F,1962,Rosalie,6
CT,F,1962,Terese,6
CT,F,1962,Abigail,5
CT,F,1962,Aileen,5
CT,F,1962,Amber,5
CT,F,1962,Angelina,5
CT,F,1962,Annamaria,5
CT,F,1962,Caren,5
CT,F,1962,Carleen,5
CT,F,1962,Cathryn,5
CT,F,1962,Celeste,5
CT,F,1962,Colette,5
CT,F,1962,Daisy,5
CT,F,1962,Dale,5
CT,F,1962,Dorene,5
CT,F,1962,Ethel,5
CT,F,1962,Faye,5
CT,F,1962,Gale,5
CT,F,1962,Genevieve,5
CT,F,1962,Gisele,5
CT,F,1962,Hilary,5
CT,F,1962,Hope,5
CT,F,1962,Ida,5
CT,F,1962,Ivy,5
CT,F,1962,Jennie,5
CT,F,1962,John,5
CT,F,1962,Joni,5
CT,F,1962,Kari,5
CT,F,1962,Karyn,5
CT,F,1962,Katy,5
CT,F,1962,Lena,5
CT,F,1962,Leona,5
CT,F,1962,Lorna,5
CT,F,1962,Lyn,5
CT,F,1962,Maryjane,5
CT,F,1962,Meredith,5
CT,F,1962,Mimi,5
CT,F,1962,Mindy,5
CT,F,1962,Mona,5
CT,F,1962,Muriel,5
CT,F,1962,Nanette,5
CT,F,1962,Nilda,5
CT,F,1962,Noemi,5
CT,F,1962,Paulette,5
CT,F,1962,Rena,5
CT,F,1962,Robert,5
CT,F,1962,Rosalind,5
CT,F,1962,Simone,5
CT,F,1962,Tammi,5
CT,F,1962,Tamra,5
CT,F,1962,Tricia,5
CT,F,1962,Valarie,5
CT,F,1962,Vera,5
CT,F,1963,Lisa,1086
CT,F,1963,Susan,714
CT,F,1963,Karen,596
CT,F,1963,Mary,590
CT,F,1963,Linda,453
CT,F,1963,Donna,430
CT,F,1963,Lori,413
CT,F,1963,Elizabeth,405
CT,F,1963,Deborah,402
CT,F,1963,Patricia,392
CT,F,1963,Kathleen,335
CT,F,1963,Laura,310
CT,F,1963,Cheryl,300
CT,F,1963,Sandra,294
CT,F,1963,Cynthia,293
CT,F,1963,Christine,286
CT,F,1963,Nancy,279
CT,F,1963,Diane,275
CT,F,1963,Barbara,271
CT,F,1963,Kimberly,267
CT,F,1963,Pamela,255
CT,F,1963,Robin,248
CT,F,1963,Sharon,238
CT,F,1963,Laurie,236
CT,F,1963,Denise,207
CT,F,1963,Margaret,207
CT,F,1963,Debra,204
CT,F,1963,Brenda,202
CT,F,1963,Dawn,200
CT,F,1963,Carol,197
CT,F,1963,Lynn,195
CT,F,1963,Jennifer,194
CT,F,1963,Theresa,187
CT,F,1963,Wendy,178
CT,F,1963,Catherine,173
CT,F,1963,Michele,172
CT,F,1963,Ann,169
CT,F,1963,Kim,166
CT,F,1963,Michelle,158
CT,F,1963,Maria,156
CT,F,1963,Tracy,156
CT,F,1963,Paula,152
CT,F,1963,Tammy,151
CT,F,1963,Janet,148
CT,F,1963,Beth,141
CT,F,1963,Kelly,141
CT,F,1963,Suzanne,138
CT,F,1963,Jacqueline,130
CT,F,1963,Amy,129
CT,F,1963,Maureen,128
CT,F,1963,Tina,122
CT,F,1963,Anne,121
CT,F,1963,Judith,117
CT,F,1963,Katherine,115
CT,F,1963,Leslie,113
CT,F,1963,Cindy,107
CT,F,1963,Julie,106
CT,F,1963,Jane,104
CT,F,1963,Sheila,103
CT,F,1963,Janice,102
CT,F,1963,Andrea,100
CT,F,1963,Gail,97
CT,F,1963,Ellen,96
CT,F,1963,Kathy,96
CT,F,1963,Bonnie,95
CT,F,1963,Eileen,94
CT,F,1963,Carolyn,92
CT,F,1963,Jean,91
CT,F,1963,Darlene,90
CT,F,1963,Diana,89
CT,F,1963,Teresa,89
CT,F,1963,Melissa,88
CT,F,1963,Jill,85
CT,F,1963,Valerie,83
CT,F,1963,Colleen,82
CT,F,1963,Debbie,82
CT,F,1963,Sarah,82
CT,F,1963,Heidi,81
CT,F,1963,Joan,81
CT,F,1963,Marie,81
CT,F,1963,Joanne,79
CT,F,1963,Tracey,79
CT,F,1963,Gina,78
CT,F,1963,Kathryn,78
CT,F,1963,Martha,76
CT,F,1963,Holly,72
CT,F,1963,Angela,70
CT,F,1963,Sherry,70
CT,F,1963,Doreen,69
CT,F,1963,Renee,69
CT,F,1963,Rebecca,68
CT,F,1963,Cathy,66
CT,F,1963,Elaine,64
CT,F,1963,Lynne,64
CT,F,1963,Sherri,63
CT,F,1963,Terri,63
CT,F,1963,Anna,60
CT,F,1963,Joann,60
CT,F,1963,Stephanie,60
CT,F,1963,Alison,59
CT,F,1963,Joyce,58
CT,F,1963,Judy,58
CT,F,1963,Lauren,56
CT,F,1963,Regina,55
CT,F,1963,Victoria,55
CT,F,1963,Christina,54
CT,F,1963,Heather,52
CT,F,1963,Lorraine,51
CT,F,1963,Virginia,51
CT,F,1963,Gloria,50
CT,F,1963,Jeanne,50
CT,F,1963,Sally,50
CT,F,1963,Dana,49
CT,F,1963,Ruth,48
CT,F,1963,Annette,47
CT,F,1963,Dorothy,46
CT,F,1963,Rhonda,46
CT,F,1963,Wanda,45
CT,F,1963,Anita,44
CT,F,1963,April,44
CT,F,1963,Monica,44
CT,F,1963,Charlene,43
CT,F,1963,Evelyn,43
CT,F,1963,Helen,43
CT,F,1963,Shirley,43
CT,F,1963,Marianne,42
CT,F,1963,Louise,41
CT,F,1963,Rita,41
CT,F,1963,Rose,41
CT,F,1963,Stacey,41
CT,F,1963,Penny,39
CT,F,1963,Roberta,39
CT,F,1963,Alice,38
CT,F,1963,Allison,38
CT,F,1963,Marilyn,37
CT,F,1963,Rosemary,37
CT,F,1963,Terry,37
CT,F,1963,Caroline,36
CT,F,1963,Marcia,36
CT,F,1963,Sheryl,36
CT,F,1963,Melanie,35
CT,F,1963,Phyllis,35
CT,F,1963,Sara,35
CT,F,1963,Carrie,34
CT,F,1963,Marjorie,34
CT,F,1963,Beverly,33
CT,F,1963,Loretta,33
CT,F,1963,Marlene,33
CT,F,1963,Carla,32
CT,F,1963,Julia,32
CT,F,1963,Yvonne,32
CT,F,1963,Kristin,31
CT,F,1963,Maryann,30
CT,F,1963,Maura,30
CT,F,1963,Alicia,29
CT,F,1963,Carmen,29
CT,F,1963,Connie,29
CT,F,1963,Dianne,29
CT,F,1963,Joy,29
CT,F,1963,Doris,28
CT,F,1963,Rosemarie,28
CT,F,1963,Sue,28
CT,F,1963,Yvette,28
CT,F,1963,Audrey,27
CT,F,1963,Betsy,27
CT,F,1963,Priscilla,27
CT,F,1963,Rachel,27
CT,F,1963,Stacy,27
CT,F,1963,Jodi,26
CT,F,1963,Monique,26
CT,F,1963,Sheri,26
CT,F,1963,Veronica,26
CT,F,1963,Annmarie,25
CT,F,1963,Dina,25
CT,F,1963,Erin,25
CT,F,1963,Gretchen,25
CT,F,1963,Jamie,25
CT,F,1963,Jody,25
CT,F,1963,Kristen,25
CT,F,1963,Maryellen,25
CT,F,1963,Claudia,24
CT,F,1963,Constance,24
CT,F,1963,Shari,24
CT,F,1963,Sylvia,24
CT,F,1963,Betty,23
CT,F,1963,Cherie,23
CT,F,1963,Crystal,23
CT,F,1963,Frances,23
CT,F,1963,Jo,23
CT,F,1963,Melinda,23
CT,F,1963,Peggy,23
CT,F,1963,Robyn,23
CT,F,1963,Carole,22
CT,F,1963,June,22
CT,F,1963,Kerry,22
CT,F,1963,Lee,22
CT,F,1963,Irene,21
CT,F,1963,Jessica,21
CT,F,1963,Kristine,21
CT,F,1963,Leah,21
CT,F,1963,Natalie,21
CT,F,1963,Tamara,21
CT,F,1963,Belinda,20
CT,F,1963,Danielle,20
CT,F,1963,Deirdre,20
CT,F,1963,Faith,20
CT,F,1963,Karin,20
CT,F,1963,Marybeth,20
CT,F,1963,Patty,20
CT,F,1963,Tara,20
CT,F,1963,Emily,19
CT,F,1963,Felicia,19
CT,F,1963,Kelley,19
CT,F,1963,Sandy,19
CT,F,1963,Shelly,19
CT,F,1963,Arlene,18
CT,F,1963,Bridget,18
CT,F,1963,Grace,18
CT,F,1963,Kirsten,18
CT,F,1963,Patti,18
CT,F,1963,Sonya,18
CT,F,1963,Toni,18
CT,F,1963,Vicki,18
CT,F,1963,Yolanda,18
CT,F,1963,Lillian,17
CT,F,1963,Lorie,17
CT,F,1963,Lucy,17
CT,F,1963,Madeline,17
CT,F,1963,Marsha,17
CT,F,1963,Roxanne,17
CT,F,1963,Vivian,17
CT,F,1963,Adrienne,16
CT,F,1963,Alexandra,16
CT,F,1963,Cathleen,16
CT,F,1963,Corinne,16
CT,F,1963,Deanna,16
CT,F,1963,Jeanette,16
CT,F,1963,Josephine,16
CT,F,1963,Kara,16
CT,F,1963,Lois,16
CT,F,1963,Lydia,16
CT,F,1963,Lynda,16
CT,F,1963,Norma,16
CT,F,1963,Shelley,16
CT,F,1963,Tami,16
CT,F,1963,Therese,16
CT,F,1963,Tracie,16
CT,F,1963,Charlotte,15
CT,F,1963,Gayle,15
CT,F,1963,Geraldine,15
CT,F,1963,Ivette,15
CT,F,1963,Laurel,15
CT,F,1963,Lucille,15
CT,F,1963,Nicole,15
CT,F,1963,Nora,15
CT,F,1963,Susanne,15
CT,F,1963,Tanya,15
CT,F,1963,Vanessa,15
CT,F,1963,Celeste,14
CT,F,1963,Gwendolyn,14
CT,F,1963,Jackie,14
CT,F,1963,Janine,14
CT,F,1963,Kristina,14
CT,F,1963,Leigh,14
CT,F,1963,Marguerite,14
CT,F,1963,Marisa,14
CT,F,1963,Megan,14
CT,F,1963,Melody,14
CT,F,1963,Sonia,14
CT,F,1963,Tammie,14
CT,F,1963,Abigail,13
CT,F,1963,Amanda,13
CT,F,1963,Francine,13
CT,F,1963,Jan,13
CT,F,1963,Joanna,13
CT,F,1963,Lorrie,13
CT,F,1963,Marion,13
CT,F,1963,Miriam,13
CT,F,1963,Nadine,13
CT,F,1963,Noreen,13
CT,F,1963,Paige,13
CT,F,1963,Patrice,13
CT,F,1963,Ramona,13
CT,F,1963,Bernadette,12
CT,F,1963,Claire,12
CT,F,1963,Eleanor,12
CT,F,1963,Elise,12
CT,F,1963,Janis,12
CT,F,1963,Marcy,12
CT,F,1963,Nina,12
CT,F,1963,Roseann,12
CT,F,1963,Teri,12
CT,F,1963,Becky,11
CT,F,1963,Elisa,11
CT,F,1963,Jayne,11
CT,F,1963,Shawn,11
CT,F,1963,Vickie,11
CT,F,1963,Alisa,10
CT,F,1963,Antoinette,10
CT,F,1963,Candace,10
CT,F,1963,Dale,10
CT,F,1963,Eva,10
CT,F,1963,Georgia,10
CT,F,1963,Gladys,10
CT,F,1963,Jacquelyn,10
CT,F,1963,Jeannette,10
CT,F,1963,Jennie,10
CT,F,1963,Katharine,10
CT,F,1963,Krista,10
CT,F,1963,Lora,10
CT,F,1963,Lynette,10
CT,F,1963,Maritza,10
CT,F,1963,Pam,10
CT,F,1963,Vicky,10
CT,F,1963,Cassandra,9
CT,F,1963,Darcy,9
CT,F,1963,Debby,9
CT,F,1963,Elisabeth,9
CT,F,1963,Erica,9
CT,F,1963,Iris,9
CT,F,1963,Johanna,9
CT,F,1963,Kimberlee,9
CT,F,1963,Lauri,9
CT,F,1963,Lorri,9
CT,F,1963,Marisol,9
CT,F,1963,Maryanne,9
CT,F,1963,Mildred,9
CT,F,1963,Moira,9
CT,F,1963,Myra,9
CT,F,1963,Nanette,9
CT,F,1963,Naomi,9
CT,F,1963,Penelope,9
CT,F,1963,Polly,9
CT,F,1963,Sabrina,9
CT,F,1963,Sherrie,9
CT,F,1963,Aileen,8
CT,F,1963,Ana,8
CT,F,1963,Arleen,8
CT,F,1963,Beatrice,8
CT,F,1963,Candy,8
CT,F,1963,Cara,8
CT,F,1963,Chris,8
CT,F,1963,Daria,8
CT,F,1963,Debora,8
CT,F,1963,Deidre,8
CT,F,1963,Elena,8
CT,F,1963,Erika,8
CT,F,1963,Esther,8
CT,F,1963,Glenda,8
CT,F,1963,Hilary,8
CT,F,1963,Jenny,8
CT,F,1963,Karla,8
CT,F,1963,Kate,8
CT,F,1963,Kay,8
CT,F,1963,Laureen,8
CT,F,1963,Leann,8
CT,F,1963,Lesley,8
CT,F,1963,Luz,8
CT,F,1963,Mari,8
CT,F,1963,Marian,8
CT,F,1963,Mona,8
CT,F,1963,Pauline,8
CT,F,1963,Rene,8
CT,F,1963,Rosanne,8
CT,F,1963,Tonya,8
CT,F,1963,Abby,7
CT,F,1963,Allyson,7
CT,F,1963,Angel,7
CT,F,1963,Annamarie,7
CT,F,1963,Bethann,7
CT,F,1963,Blanca,7
CT,F,1963,Carmela,7
CT,F,1963,Claudette,7
CT,F,1963,Daphne,7
CT,F,1963,Darleen,7
CT,F,1963,Deanne,7
CT,F,1963,Desiree,7
CT,F,1963,Dolores,7
CT,F,1963,Dora,7
CT,F,1963,Florence,7
CT,F,1963,Gwen,7
CT,F,1963,Ida,7
CT,F,1963,Ingrid,7
CT,F,1963,Jeanine,7
CT,F,1963,Jenifer,7
CT,F,1963,John,7
CT,F,1963,Karyn,7
CT,F,1963,Kelli,7
CT,F,1963,Leanne,7
CT,F,1963,Leona,7
CT,F,1963,Loriann,7
CT,F,1963,Lucinda,7
CT,F,1963,Marta,7
CT,F,1963,Maryjane,7
CT,F,1963,Marylou,7
CT,F,1963,Maxine,7
CT,F,1963,Paulette,7
CT,F,1963,Rena,7
CT,F,1963,Rosalie,7
CT,F,1963,Stella,7
CT,F,1963,Suzette,7
CT,F,1963,Trudy,7
CT,F,1963,Verna,7
CT,F,1963,Zina,7
CT,F,1963,Aimee,6
CT,F,1963,Alyson,6
CT,F,1963,Annemarie,6
CT,F,1963,Daisy,6
CT,F,1963,Dianna,6
CT,F,1963,Dorinda,6
CT,F,1963,Edith,6
CT,F,1963,Elsie,6
CT,F,1963,Faye,6
CT,F,1963,Georgette,6
CT,F,1963,Giovanna,6
CT,F,1963,Harriet,6
CT,F,1963,Hillary,6
CT,F,1963,Jeannine,6
CT,F,1963,Johnna,6
CT,F,1963,Joni,6
CT,F,1963,Juanita,6
CT,F,1963,Julianne,6
CT,F,1963,Kathie,6
CT,F,1963,Katrina,6
CT,F,1963,Kellie,6
CT,F,1963,Keri,6
CT,F,1963,Kimberley,6
CT,F,1963,Lana,6
CT,F,1963,Laurieann,6
CT,F,1963,Lorine,6
CT,F,1963,Lucia,6
CT,F,1963,Marcella,6
CT,F,1963,Mariann,6
CT,F,1963,Migdalia,6
CT,F,1963,Olga,6
CT,F,1963,Robbin,6
CT,F,1963,Shannon,6
CT,F,1963,Susanna,6
CT,F,1963,Traci,6
CT,F,1963,Adele,5
CT,F,1963,Amber,5
CT,F,1963,Amelia,5
CT,F,1963,Bernard,5
CT,F,1963,Bonita,5
CT,F,1963,Brigid,5
CT,F,1963,Charleen,5
CT,F,1963,Clare,5
CT,F,1963,Colette,5
CT,F,1963,Corrine,5
CT,F,1963,Courtney,5
CT,F,1963,Dayna,5
CT,F,1963,Deana,5
CT,F,1963,Deena,5
CT,F,1963,Delores,5
CT,F,1963,Dorothea,5
CT,F,1963,Edna,5
CT,F,1963,Eve,5
CT,F,1963,Gillian,5
CT,F,1963,Giselle,5
CT,F,1963,Helene,5
CT,F,1963,Hope,5
CT,F,1963,Jana,5
CT,F,1963,Janette,5
CT,F,1963,Jeri,5
CT,F,1963,Jocelyn,5
CT,F,1963,Jodie,5
CT,F,1963,Judi,5
CT,F,1963,Justine,5
CT,F,1963,Kari,5
CT,F,1963,Laurene,5
CT,F,1963,Leeann,5
CT,F,1963,Lenore,5
CT,F,1963,Lise,5
CT,F,1963,Loreen,5
CT,F,1963,Lorna,5
CT,F,1963,Luann,5
CT,F,1963,Luisa,5
CT,F,1963,Marci,5
CT,F,1963,Margie,5
CT,F,1963,Margot,5
CT,F,1963,Maribeth,5
CT,F,1963,Marina,5
CT,F,1963,Marla,5
CT,F,1963,Merry,5
CT,F,1963,Milagros,5
CT,F,1963,Molly,5
CT,F,1963,Nilda,5
CT,F,1963,Patrica,5
CT,F,1963,Rae,5
CT,F,1963,Randi,5
CT,F,1963,Richard,5
CT,F,1963,Robert,5
CT,F,1963,Rochelle,5
CT,F,1963,Ronda,5
CT,F,1963,Rosa,5
CT,F,1963,Sallie,5
CT,F,1963,Selina,5
CT,F,1963,Sondra,5
CT,F,1963,Tammi,5
CT,F,1963,Tricia,5
CT,F,1963,Vera,5
CT,F,1964,Lisa,950
CT,F,1964,Susan,699
CT,F,1964,Mary,592
CT,F,1964,Karen,504
CT,F,1964,Donna,426
CT,F,1964,Elizabeth,415
CT,F,1964,Patricia,391
CT,F,1964,Deborah,369
CT,F,1964,Linda,363
CT,F,1964,Laura,337
CT,F,1964,Kathleen,333
CT,F,1964,Christine,327
CT,F,1964,Dawn,319
CT,F,1964,Lori,312
CT,F,1964,Robin,294
CT,F,1964,Kimberly,281
CT,F,1964,Diane,275
CT,F,1964,Nancy,275
CT,F,1964,Pamela,275
CT,F,1964,Sandra,267
CT,F,1964,Cheryl,263
CT,F,1964,Cynthia,255
CT,F,1964,Sharon,245
CT,F,1964,Jennifer,241
CT,F,1964,Barbara,228
CT,F,1964,Debra,221
CT,F,1964,Denise,220
CT,F,1964,Michelle,209
CT,F,1964,Michele,205
CT,F,1964,Catherine,204
CT,F,1964,Margaret,199
CT,F,1964,Tracy,194
CT,F,1964,Carol,190
CT,F,1964,Brenda,187
CT,F,1964,Lynn,187
CT,F,1964,Laurie,184
CT,F,1964,Maria,183
CT,F,1964,Jacqueline,179
CT,F,1964,Amy,156
CT,F,1964,Theresa,154
CT,F,1964,Wendy,152
CT,F,1964,Suzanne,151
CT,F,1964,Julie,149
CT,F,1964,Tammy,149
CT,F,1964,Ann,146
CT,F,1964,Tina,139
CT,F,1964,Anne,132
CT,F,1964,Kelly,132
CT,F,1964,Kim,131
CT,F,1964,Paula,129
CT,F,1964,Janet,122
CT,F,1964,Beth,120
CT,F,1964,Jill,118
CT,F,1964,Andrea,112
CT,F,1964,Maureen,111
CT,F,1964,Sheila,111
CT,F,1964,Ellen,109
CT,F,1964,Heidi,105
CT,F,1964,Carolyn,104
CT,F,1964,Darlene,104
CT,F,1964,Judith,102
CT,F,1964,Leslie,101
CT,F,1964,Katherine,100
CT,F,1964,Joanne,97
CT,F,1964,Kathryn,91
CT,F,1964,Renee,91
CT,F,1964,Cindy,90
CT,F,1964,Melissa,90
CT,F,1964,Angela,89
CT,F,1964,Joan,88
CT,F,1964,Tracey,88
CT,F,1964,Diana,87
CT,F,1964,Gina,87
CT,F,1964,Teresa,87
CT,F,1964,Colleen,86
CT,F,1964,Marie,86
CT,F,1964,Kathy,85
CT,F,1964,Sarah,85
CT,F,1964,Valerie,85
CT,F,1964,Eileen,80
CT,F,1964,Bonnie,77
CT,F,1964,Janice,77
CT,F,1964,Gail,75
CT,F,1964,Jane,75
CT,F,1964,Jean,75
CT,F,1964,Terri,74
CT,F,1964,Rebecca,70
CT,F,1964,Joann,69
CT,F,1964,Doreen,68
CT,F,1964,Anna,67
CT,F,1964,Holly,67
CT,F,1964,Stephanie,67
CT,F,1964,Debbie,62
CT,F,1964,Heather,62
CT,F,1964,Christina,61
CT,F,1964,Rhonda,61
CT,F,1964,Sherry,61
CT,F,1964,Monica,58
CT,F,1964,Dana,56
CT,F,1964,Joyce,55
CT,F,1964,Judy,55
CT,F,1964,Lauren,55
CT,F,1964,Victoria,55
CT,F,1964,Lorraine,54
CT,F,1964,Lynne,53
CT,F,1964,Martha,53
CT,F,1964,Ruth,53
CT,F,1964,Cathy,52
CT,F,1964,Dorothy,50
CT,F,1964,Virginia,50
CT,F,1964,April,49
CT,F,1964,Elaine,48
CT,F,1964,Regina,48
CT,F,1964,Stacey,48
CT,F,1964,Sally,46
CT,F,1964,Alison,45
CT,F,1964,Alice,43
CT,F,1964,Allison,43
CT,F,1964,Roberta,43
CT,F,1964,Annette,42
CT,F,1964,Kristen,42
CT,F,1964,Yvonne,42
CT,F,1964,Beverly,41
CT,F,1964,Dianne,41
CT,F,1964,Jodi,41
CT,F,1964,Maryann,41
CT,F,1964,Charlene,40
CT,F,1964,Jeanne,40
CT,F,1964,Julia,40
CT,F,1964,Lynda,40
CT,F,1964,Sheri,40
CT,F,1964,Gloria,39
CT,F,1964,Helen,39
CT,F,1964,Shirley,39
CT,F,1964,Terry,39
CT,F,1964,Wanda,39
CT,F,1964,Rose,38
CT,F,1964,Melanie,37
CT,F,1964,Rita,36
CT,F,1964,Kristine,35
CT,F,1964,Sara,35
CT,F,1964,Shelly,35
CT,F,1964,Sherri,35
CT,F,1964,Evelyn,34
CT,F,1964,Kristin,34
CT,F,1964,Veronica,34
CT,F,1964,Crystal,33
CT,F,1964,Deneen,33
CT,F,1964,Frances,33
CT,F,1964,Yvette,33
CT,F,1964,Anita,32
CT,F,1964,Carrie,32
CT,F,1964,Gretchen,32
CT,F,1964,Marilyn,32
CT,F,1964,Irene,31
CT,F,1964,Penny,31
CT,F,1964,Sheryl,31
CT,F,1964,Stacy,31
CT,F,1964,Carla,29
CT,F,1964,Carmen,29
CT,F,1964,Caroline,29
CT,F,1964,Marcia,29
CT,F,1964,Alicia,28
CT,F,1964,Antoinette,28
CT,F,1964,Constance,28
CT,F,1964,Louise,28
CT,F,1964,Grace,27
CT,F,1964,Joy,27
CT,F,1964,Toni,27
CT,F,1964,Deanna,26
CT,F,1964,Marlene,26
CT,F,1964,Monique,26
CT,F,1964,Natalie,26
CT,F,1964,Robyn,26
CT,F,1964,Betsy,25
CT,F,1964,Jackie,25
CT,F,1964,Marjorie,25
CT,F,1964,Melinda,25
CT,F,1964,Shelley,25
CT,F,1964,Audrey,24
CT,F,1964,Betty,24
CT,F,1964,Danielle,24
CT,F,1964,Jeanette,24
CT,F,1964,Jessica,24
CT,F,1964,Maura,24
CT,F,1964,Claire,23
CT,F,1964,Erin,23
CT,F,1964,Hope,23
CT,F,1964,Jo,23
CT,F,1964,Jody,23
CT,F,1964,June,23
CT,F,1964,Rosemary,23
CT,F,1964,Janine,22
CT,F,1964,Kelley,22
CT,F,1964,Lee,22
CT,F,1964,Roxanne,22
CT,F,1964,Shari,22
CT,F,1964,Cathleen,21
CT,F,1964,Doris,21
CT,F,1964,Kerry,21
CT,F,1964,Lillian,21
CT,F,1964,Nina,21
CT,F,1964,Phyllis,21
CT,F,1964,Rachel,21
CT,F,1964,Rosemarie,21
CT,F,1964,Tamara,21
CT,F,1964,Vicki,21
CT,F,1964,Claudia,20
CT,F,1964,Dina,20
CT,F,1964,Emily,20
CT,F,1964,Felicia,20
CT,F,1964,Lois,20
CT,F,1964,Amanda,19
CT,F,1964,Carole,19
CT,F,1964,Geraldine,19
CT,F,1964,Lucy,19
CT,F,1964,Nadine,19
CT,F,1964,Vanessa,19
CT,F,1964,Cassandra,18
CT,F,1964,Jacquelyn,18
CT,F,1964,Marybeth,18
CT,F,1964,Susanne,18
CT,F,1964,Tara,18
CT,F,1964,Yolanda,18
CT,F,1964,Connie,17
CT,F,1964,Dale,17
CT,F,1964,Francine,17
CT,F,1964,Jamie,17
CT,F,1964,Megan,17
CT,F,1964,Arlene,16
CT,F,1964,Deirdre,16
CT,F,1964,Elisa,16
CT,F,1964,Jeanine,16
CT,F,1964,Josephine,16
CT,F,1964,Kelli,16
CT,F,1964,Kellie,16
CT,F,1964,Kimberley,16
CT,F,1964,Loretta,16
CT,F,1964,Marianne,16
CT,F,1964,Norma,16
CT,F,1964,Peggy,16
CT,F,1964,Sue,16
CT,F,1964,Traci,16
CT,F,1964,Annmarie,15
CT,F,1964,Belinda,15
CT,F,1964,Cara,15
CT,F,1964,Darcy,15
CT,F,1964,Desiree,15
CT,F,1964,Erica,15
CT,F,1964,Karin,15
CT,F,1964,Leigh,15
CT,F,1964,Miriam,15
CT,F,1964,Paige,15
CT,F,1964,Patty,15
CT,F,1964,Pauline,15
CT,F,1964,Tammie,15
CT,F,1964,Therese,15
CT,F,1964,Bernadette,14
CT,F,1964,Dianna,14
CT,F,1964,Gayle,14
CT,F,1964,Gwendolyn,14
CT,F,1964,Lorrie,14
CT,F,1964,Lynette,14
CT,F,1964,Madeline,14
CT,F,1964,Marci,14
CT,F,1964,Marion,14
CT,F,1964,Maryellen,14
CT,F,1964,Nora,14
CT,F,1964,Patrice,14
CT,F,1964,Rosa,14
CT,F,1964,Shawn,14
CT,F,1964,Sylvia,14
CT,F,1964,Corinne,13
CT,F,1964,Eleanor,13
CT,F,1964,Eva,13
CT,F,1964,Faith,13
CT,F,1964,Karla,13
CT,F,1964,Krista,13
CT,F,1964,Lorie,13
CT,F,1964,Noreen,13
CT,F,1964,Patti,13
CT,F,1964,Rene,13
CT,F,1964,Sabrina,13
CT,F,1964,Tanya,13
CT,F,1964,Annemarie,12
CT,F,1964,Bridget,12
CT,F,1964,Charlotte,12
CT,F,1964,Jan,12
CT,F,1964,Joanna,12
CT,F,1964,Katharine,12
CT,F,1964,Kris,12
CT,F,1964,Kristina,12
CT,F,1964,Laureen,12
CT,F,1964,Luz,12
CT,F,1964,Nicole,12
CT,F,1964,Paulette,12
CT,F,1964,Priscilla,12
CT,F,1964,Ramona,12
CT,F,1964,Ronda,12
CT,F,1964,Tami,12
CT,F,1964,Aileen,11
CT,F,1964,Ana,11
CT,F,1964,Candace,11
CT,F,1964,Chris,11
CT,F,1964,Esther,11
CT,F,1964,Florence,11
CT,F,1964,Kara,11
CT,F,1964,Karyn,11
CT,F,1964,Lauri,11
CT,F,1964,Liza,11
CT,F,1964,Naomi,11
CT,F,1964,Sandy,11
CT,F,1964,Tricia,11
CT,F,1964,Vickie,11
CT,F,1964,Vivian,11
CT,F,1964,Angelina,10
CT,F,1964,Bernice,10
CT,F,1964,Cherie,10
CT,F,1964,Deena,10
CT,F,1964,Deidre,10
CT,F,1964,Elisabeth,10
CT,F,1964,Hilary,10
CT,F,1964,Iris,10
CT,F,1964,Jeannine,10
CT,F,1964,Jenny,10
CT,F,1964,Jodie,10
CT,F,1964,Johanna,10
CT,F,1964,Kate,10
CT,F,1964,Kimberlee,10
CT,F,1964,Kirsten,10
CT,F,1964,Leah,10
CT,F,1964,Loriann,10
CT,F,1964,Lorna,10
CT,F,1964,Mara,10
CT,F,1964,Marguerite,10
CT,F,1964,Rosanne,10
CT,F,1964,Sandi,10
CT,F,1964,Shannon,10
CT,F,1964,Sonia,10
CT,F,1964,Teri,10
CT,F,1964,Abigail,9
CT,F,1964,Adrienne,9
CT,F,1964,Alexandra,9
CT,F,1964,Celeste,9
CT,F,1964,Darleen,9
CT,F,1964,Dena,9
CT,F,1964,Elena,9
CT,F,1964,Elise,9
CT,F,1964,Gladys,9
CT,F,1964,Julianne,9
CT,F,1964,Laurene,9
CT,F,1964,Lora,9
CT,F,1964,Margarita,9
CT,F,1964,Maritza,9
CT,F,1964,Marsha,9
CT,F,1964,Maryjane,9
CT,F,1964,Mona,9
CT,F,1964,Pam,9
CT,F,1964,Trudy,9
CT,F,1964,Alisa,8
CT,F,1964,Becky,8
CT,F,1964,Dorene,8
CT,F,1964,Ginger,8
CT,F,1964,Helene,8
CT,F,1964,Katrina,8
CT,F,1964,Lana,8
CT,F,1964,Laurel,8
CT,F,1964,Lesley,8
CT,F,1964,Liz,8
CT,F,1964,Marcy,8
CT,F,1964,Maryanne,8
CT,F,1964,Marylou,8
CT,F,1964,Meghan,8
CT,F,1964,Rosalind,8
CT,F,1964,Sonya,8
CT,F,1964,Sophia,8
CT,F,1964,Stacie,8
CT,F,1964,Tammi,8
CT,F,1964,Aimee,7
CT,F,1964,Allyson,7
CT,F,1964,Carlene,7
CT,F,1964,Carmela,7
CT,F,1964,Carolann,7
CT,F,1964,Clara,7
CT,F,1964,Corrine,7
CT,F,1964,Debora,7
CT,F,1964,Dolores,7
CT,F,1964,Edna,7
CT,F,1964,Georgette,7
CT,F,1964,Inez,7
CT,F,1964,Jayne,7
CT,F,1964,Jeannette,7
CT,F,1964,Jennie,7
CT,F,1964,Jocelyn,7
CT,F,1964,John,7
CT,F,1964,Jolene,7
CT,F,1964,Juanita,7
CT,F,1964,Justine,7
CT,F,1964,Kari,7
CT,F,1964,Leona,7
CT,F,1964,Lise,7
CT,F,1964,Lucinda,7
CT,F,1964,Marcella,7
CT,F,1964,Melody,7
CT,F,1964,Meredith,7
CT,F,1964,Mildred,7
CT,F,1964,Moira,7
CT,F,1964,Polly,7
CT,F,1964,Randi,7
CT,F,1964,Sharlene,7
CT,F,1964,Shelia,7
CT,F,1964,Suzette,7
CT,F,1964,Tania,7
CT,F,1964,Tonya,7
CT,F,1964,Tracie,7
CT,F,1964,Trisha,7
CT,F,1964,Zina,7
CT,F,1964,Carleen,6
CT,F,1964,Cecelia,6
CT,F,1964,Christa,6
CT,F,1964,Colette,6
CT,F,1964,Daisy,6
CT,F,1964,Daphne,6
CT,F,1964,Darla,6
CT,F,1964,David,6
CT,F,1964,Edith,6
CT,F,1964,Georgia,6
CT,F,1964,Ivette,6
CT,F,1964,Jenifer,6
CT,F,1964,Jerilyn,6
CT,F,1964,Kendall,6
CT,F,1964,Kendra,6
CT,F,1964,Kristi,6
CT,F,1964,Leann,6
CT,F,1964,Loren,6
CT,F,1964,Lucia,6
CT,F,1964,Lucille,6
CT,F,1964,Marcie,6
CT,F,1964,Marina,6
CT,F,1964,Molly,6
CT,F,1964,Rosalie,6
CT,F,1964,Roseann,6
CT,F,1964,Sondra,6
CT,F,1964,Staci,6
CT,F,1964,Susanna,6
CT,F,1964,Venus,6
CT,F,1964,Vera,6
CT,F,1964,Ada,5
CT,F,1964,Adriana,5
CT,F,1964,Agnes,5
CT,F,1964,Beatrice,5
CT,F,1964,Bethanne,5
CT,F,1964,Brigitte,5
CT,F,1964,Candy,5
CT,F,1964,Carmella,5
CT,F,1964,Caryn,5
CT,F,1964,Celia,5
CT,F,1964,Cheri,5
CT,F,1964,Christy,5
CT,F,1964,Clare,5
CT,F,1964,Coleen,5
CT,F,1964,Concetta,5
CT,F,1964,Corinna,5
CT,F,1964,Dara,5
CT,F,1964,Daryl,5
CT,F,1964,Deana,5
CT,F,1964,Deanne,5
CT,F,1964,Dineen,5
CT,F,1964,Dora,5
CT,F,1964,Dorothea,5
CT,F,1964,Erika,5
CT,F,1964,Fay,5
CT,F,1964,Francesca,5
CT,F,1964,Glenda,5
CT,F,1964,Gwen,5
CT,F,1964,Helena,5
CT,F,1964,Hilda,5
CT,F,1964,Ida,5
CT,F,1964,Jaime,5
CT,F,1964,Jana,5
CT,F,1964,Janis,5
CT,F,1964,Jeanmarie,5
CT,F,1964,Jeannie,5
CT,F,1964,Judi,5
CT,F,1964,Kathi,5
CT,F,1964,Kyle,5
CT,F,1964,Lea,5
CT,F,1964,Lena,5
CT,F,1964,Letitia,5
CT,F,1964,Lorri,5
CT,F,1964,Lourdes,5
CT,F,1964,Luann,5
CT,F,1964,Luanne,5
CT,F,1964,Lydia,5
CT,F,1964,Margret,5
CT,F,1964,Marisa,5
CT,F,1964,Marisol,5
CT,F,1964,Mindy,5
CT,F,1964,Penelope,5
CT,F,1964,Rosalyn,5
CT,F,1964,Ruby,5
CT,F,1964,Ruthann,5
CT,F,1964,Scott,5
CT,F,1964,Sonja,5
CT,F,1964,Terrie,5
CT,F,1964,Tonia,5
CT,F,1964,Trina,5
CT,F,1964,Wendi,5
CT,F,1965,Lisa,1021
CT,F,1965,Karen,577
CT,F,1965,Susan,574
CT,F,1965,Mary,519
CT,F,1965,Kimberly,400
CT,F,1965,Patricia,374
CT,F,1965,Donna,360
CT,F,1965,Dawn,358
CT,F,1965,Deborah,353
CT,F,1965,Elizabeth,353
CT,F,1965,Christine,333
CT,F,1965,Kathleen,321
CT,F,1965,Laura,300
CT,F,1965,Linda,291
CT,F,1965,Lori,273
CT,F,1965,Cheryl,268
CT,F,1965,Jennifer,264
CT,F,1965,Cynthia,250
CT,F,1965,Nancy,247
CT,F,1965,Wendy,231
CT,F,1965,Diane,228
CT,F,1965,Michelle,228
CT,F,1965,Robin,223
CT,F,1965,Pamela,219
CT,F,1965,Sandra,219
CT,F,1965,Sharon,215
CT,F,1965,Denise,210
CT,F,1965,Debra,208
CT,F,1965,Barbara,207
CT,F,1965,Michele,200
CT,F,1965,Kim,199
CT,F,1965,Tracy,183
CT,F,1965,Laurie,181
CT,F,1965,Amy,174
CT,F,1965,Jacqueline,169
CT,F,1965,Brenda,168
CT,F,1965,Maria,168
CT,F,1965,Lynn,160
CT,F,1965,Catherine,159
CT,F,1965,Tammy,150
CT,F,1965,Carol,143
CT,F,1965,Margaret,140
CT,F,1965,Ann,139
CT,F,1965,Julie,136
CT,F,1965,Theresa,136
CT,F,1965,Melissa,132
CT,F,1965,Jill,131
CT,F,1965,Tina,129
CT,F,1965,Paula,120
CT,F,1965,Maureen,119
CT,F,1965,Suzanne,119
CT,F,1965,Kelly,117
CT,F,1965,Janet,114
CT,F,1965,Beth,113
CT,F,1965,Heidi,112
CT,F,1965,Angela,106
CT,F,1965,Anne,106
CT,F,1965,Carolyn,106
CT,F,1965,Andrea,99
CT,F,1965,Joanne,99
CT,F,1965,Darlene,96
CT,F,1965,Stephanie,96
CT,F,1965,Sheila,92
CT,F,1965,Gina,86
CT,F,1965,Ellen,85
CT,F,1965,Heather,85
CT,F,1965,Leslie,85
CT,F,1965,Colleen,84
CT,F,1965,Katherine,84
CT,F,1965,Diana,83
CT,F,1965,Holly,83
CT,F,1965,Renee,82
CT,F,1965,Rebecca,81
CT,F,1965,Teresa,81
CT,F,1965,Valerie,81
CT,F,1965,Eileen,79
CT,F,1965,Cindy,77
CT,F,1965,Tracey,76
CT,F,1965,Jane,75
CT,F,1965,Sarah,74
CT,F,1965,Kathryn,73
CT,F,1965,Janice,70
CT,F,1965,Christina,69
CT,F,1965,Kristen,69
CT,F,1965,Allison,68
CT,F,1965,Judith,67
CT,F,1965,Kathy,67
CT,F,1965,Marie,67
CT,F,1965,Kristin,63
CT,F,1965,Debbie,62
CT,F,1965,Elaine,60
CT,F,1965,Victoria,60
CT,F,1965,Joan,58
CT,F,1965,Kristine,57
CT,F,1965,Stacey,56
CT,F,1965,Alison,55
CT,F,1965,Doreen,55
CT,F,1965,Rhonda,55
CT,F,1965,Virginia,55
CT,F,1965,Anna,54
CT,F,1965,Bonnie,54
CT,F,1965,Gail,54
CT,F,1965,Martha,54
CT,F,1965,Annette,53
CT,F,1965,Jeanne,53
CT,F,1965,Alicia,52
CT,F,1965,Joann,52
CT,F,1965,Monica,52
CT,F,1965,Sherry,52
CT,F,1965,Dana,49
CT,F,1965,Jean,49
CT,F,1965,Lorraine,49
CT,F,1965,Lynne,49
CT,F,1965,Lauren,48
CT,F,1965,April,46
CT,F,1965,Cathy,46
CT,F,1965,Melanie,45
CT,F,1965,Carmen,43
CT,F,1965,Caroline,43
CT,F,1965,Joyce,42
CT,F,1965,Sherri,42
CT,F,1965,Rose,41
CT,F,1965,Jodi,40
CT,F,1965,Regina,40
CT,F,1965,Alice,39
CT,F,1965,Charlene,39
CT,F,1965,Sally,39
CT,F,1965,Terri,38
CT,F,1965,Gloria,37
CT,F,1965,Veronica,37
CT,F,1965,Dorothy,36
CT,F,1965,Beverly,35
CT,F,1965,Julia,35
CT,F,1965,Melinda,35
CT,F,1965,Monique,35
CT,F,1965,Evelyn,34
CT,F,1965,Wanda,34
CT,F,1965,Anita,33
CT,F,1965,Carrie,33
CT,F,1965,Helen,33
CT,F,1965,Judy,33
CT,F,1965,Marcia,33
CT,F,1965,Marianne,33
CT,F,1965,Shelly,33
CT,F,1965,Ruth,32
CT,F,1965,Penny,31
CT,F,1965,Yvonne,31
CT,F,1965,Deanna,30
CT,F,1965,Jessica,30
CT,F,1965,Natalie,30
CT,F,1965,Sara,30
CT,F,1965,Stacy,30
CT,F,1965,Tara,30
CT,F,1965,Carla,28
CT,F,1965,Frances,28
CT,F,1965,Lynda,28
CT,F,1965,Tamara,28
CT,F,1965,Connie,27
CT,F,1965,Gretchen,27
CT,F,1965,Roberta,27
CT,F,1965,Sheri,27
CT,F,1965,Emily,26
CT,F,1965,Erin,26
CT,F,1965,Jamie,26
CT,F,1965,Jody,26
CT,F,1965,Joy,26
CT,F,1965,Lillian,26
CT,F,1965,Marjorie,26
CT,F,1965,Rita,26
CT,F,1965,Rosemary,26
CT,F,1965,Bridget,25
CT,F,1965,Janine,25
CT,F,1965,Kelley,25
CT,F,1965,Lee,25
CT,F,1965,Maryann,25
CT,F,1965,Nicole,25
CT,F,1965,Shelley,25
CT,F,1965,Shirley,25
CT,F,1965,Marilyn,24
CT,F,1965,Marybeth,24
CT,F,1965,Shari,24
CT,F,1965,Claudia,23
CT,F,1965,Dianne,23
CT,F,1965,Irene,23
CT,F,1965,Kimberley,23
CT,F,1965,Kristina,23
CT,F,1965,Tanya,23
CT,F,1965,Toni,23
CT,F,1965,Yvette,23
CT,F,1965,Cathleen,22
CT,F,1965,Jeanette,22
CT,F,1965,Marlene,22
CT,F,1965,Sheryl,22
CT,F,1965,Traci,22
CT,F,1965,Audrey,21
CT,F,1965,Cherie,21
CT,F,1965,Crystal,21
CT,F,1965,Grace,21
CT,F,1965,Karin,21
CT,F,1965,Kerry,21
CT,F,1965,Louise,21
CT,F,1965,Megan,21
CT,F,1965,Vicki,21
CT,F,1965,Maryellen,20
CT,F,1965,Rachel,20
CT,F,1965,Susanne,20
CT,F,1965,Danielle,19
CT,F,1965,Hope,19
CT,F,1965,Terry,19
CT,F,1965,Amanda,18
CT,F,1965,Constance,18
CT,F,1965,Felicia,18
CT,F,1965,Norma,18
CT,F,1965,Phyllis,18
CT,F,1965,Roxanne,18
CT,F,1965,Sonia,18
CT,F,1965,Sonya,18
CT,F,1965,Sylvia,18
CT,F,1965,Annmarie,17
CT,F,1965,Carole,17
CT,F,1965,Dina,17
CT,F,1965,Doris,17
CT,F,1965,Jo,17
CT,F,1965,June,17
CT,F,1965,Maura,17
CT,F,1965,Paulette,17
CT,F,1965,Robyn,17
CT,F,1965,Yolanda,17
CT,F,1965,Ana,16
CT,F,1965,Betsy,16
CT,F,1965,Elisabeth,16
CT,F,1965,Erica,16
CT,F,1965,Noreen,16
CT,F,1965,Patti,16
CT,F,1965,Samantha,16
CT,F,1965,Vanessa,16
CT,F,1965,Desiree,15
CT,F,1965,Eva,15
CT,F,1965,Jackie,15
CT,F,1965,Jeannine,15
CT,F,1965,Juanita,15
CT,F,1965,Leah,15
CT,F,1965,Lucy,15
CT,F,1965,Priscilla,15
CT,F,1965,Sue,15
CT,F,1965,Adrienne,14
CT,F,1965,Bernadette,14
CT,F,1965,Betty,14
CT,F,1965,Charlotte,14
CT,F,1965,Eleanor,14
CT,F,1965,Jeannette,14
CT,F,1965,Josephine,14
CT,F,1965,Kris,14
CT,F,1965,Lesley,14
CT,F,1965,Marisol,14
CT,F,1965,Nadine,14
CT,F,1965,Shawn,14
CT,F,1965,Teri,14
CT,F,1965,Alexandra,13
CT,F,1965,Arlene,13
CT,F,1965,Cara,13
CT,F,1965,Deidre,13
CT,F,1965,Deirdre,13
CT,F,1965,Gayle,13
CT,F,1965,Geraldine,13
CT,F,1965,Gwendolyn,13
CT,F,1965,Ingrid,13
CT,F,1965,Karla,13
CT,F,1965,Kellie,13
CT,F,1965,Laurel,13
CT,F,1965,Leanne,13
CT,F,1965,Lenore,13
CT,F,1965,Loretta,13
CT,F,1965,Nina,13
CT,F,1965,Peggy,13
CT,F,1965,Ronda,13
CT,F,1965,Tonya,13
CT,F,1965,Tricia,13
CT,F,1965,Trisha,13
CT,F,1965,Annemarie,12
CT,F,1965,Corinne,12
CT,F,1965,Elise,12
CT,F,1965,Erika,12
CT,F,1965,Jacquelyn,12
CT,F,1965,Joanna,12
CT,F,1965,Julianne,12
CT,F,1965,Karyn,12
CT,F,1965,Krista,12
CT,F,1965,Lois,12
CT,F,1965,Luz,12
CT,F,1965,Lydia,12
CT,F,1965,Tammie,12
CT,F,1965,Alisa,11
CT,F,1965,Celeste,11
CT,F,1965,Claire,11
CT,F,1965,Dale,11
CT,F,1965,Edith,11
CT,F,1965,Kara,11
CT,F,1965,Kimberlee,11
CT,F,1965,Marion,11
CT,F,1965,Mia,11
CT,F,1965,Antoinette,10
CT,F,1965,Candace,10
CT,F,1965,Cassandra,10
CT,F,1965,Corrine,10
CT,F,1965,Deena,10
CT,F,1965,Dianna,10
CT,F,1965,Elisa,10
CT,F,1965,Florence,10
CT,F,1965,Helena,10
CT,F,1965,Kate,10
CT,F,1965,Katharine,10
CT,F,1965,Katrina,10
CT,F,1965,Kelli,10
CT,F,1965,Kendra,10
CT,F,1965,Kirsten,10
CT,F,1965,Lorrie,10
CT,F,1965,Lynette,10
CT,F,1965,Mona,10
CT,F,1965,Noelle,10
CT,F,1965,Rosa,10
CT,F,1965,Rosanne,10
CT,F,1965,Rosemarie,10
CT,F,1965,Therese,10
CT,F,1965,Belinda,9
CT,F,1965,Carmela,9
CT,F,1965,Darcy,9
CT,F,1965,Elena,9
CT,F,1965,Esther,9
CT,F,1965,Faith,9
CT,F,1965,Francine,9
CT,F,1965,Hilary,9
CT,F,1965,Jan,9
CT,F,1965,Jeanine,9
CT,F,1965,Jenny,9
CT,F,1965,Kari,9
CT,F,1965,Leeann,9
CT,F,1965,Leigh,9
CT,F,1965,Lorie,9
CT,F,1965,Lyn,9
CT,F,1965,Marguerite,9
CT,F,1965,Marisa,9
CT,F,1965,Meredith,9
CT,F,1965,Mildred,9
CT,F,1965,Paige,9
CT,F,1965,Pauline,9
CT,F,1965,Tami,9
CT,F,1965,Amber,8
CT,F,1965,Brigid,8
CT,F,1965,Cheri,8
CT,F,1965,Daphne,8
CT,F,1965,Debora,8
CT,F,1965,Dena,8
CT,F,1965,Deneen,8
CT,F,1965,Dolores,8
CT,F,1965,Gabrielle,8
CT,F,1965,Iris,8
CT,F,1965,Ivette,8
CT,F,1965,Jayne,8
CT,F,1965,Jodie,8
CT,F,1965,Johanna,8
CT,F,1965,Justine,8
CT,F,1965,Laureen,8
CT,F,1965,Lauri,8
CT,F,1965,Leona,8
CT,F,1965,Lise,8
CT,F,1965,Liza,8
CT,F,1965,Lorna,8
CT,F,1965,Margarita,8
CT,F,1965,Maryanne,8
CT,F,1965,Miriam,8
CT,F,1965,Rena,8
CT,F,1965,Sandy,8
CT,F,1965,Trina,8
CT,F,1965,Vickie,8
CT,F,1965,Vivian,8
CT,F,1965,Aileen,7
CT,F,1965,Bethany,7
CT,F,1965,Bobbi,7
CT,F,1965,Bonita,7
CT,F,1965,Caryn,7
CT,F,1965,Christie,7
CT,F,1965,Edna,7
CT,F,1965,Hannah,7
CT,F,1965,Helene,7
CT,F,1965,Janette,7
CT,F,1965,Janis,7
CT,F,1965,Jessie,7
CT,F,1965,Kerri,7
CT,F,1965,Kristy,7
CT,F,1965,Lourdes,7
CT,F,1965,Lucia,7
CT,F,1965,Madeline,7
CT,F,1965,Marcy,7
CT,F,1965,Marsha,7
CT,F,1965,Meghan,7
CT,F,1965,Melody,7
CT,F,1965,Molly,7
CT,F,1965,Patrice,7
CT,F,1965,Rochelle,7
CT,F,1965,Roseann,7
CT,F,1965,Sharyn,7
CT,F,1965,Sophia,7
CT,F,1965,Stacie,7
CT,F,1965,Tracie,7
CT,F,1965,Vicky,7
CT,F,1965,Wendi,7
CT,F,1965,Whitney,7
CT,F,1965,Ada,6
CT,F,1965,Allyson,6
CT,F,1965,Alyssa,6
CT,F,1965,Amelia,6
CT,F,1965,Annamarie,6
CT,F,1965,Beatrice,6
CT,F,1965,Carlene,6
CT,F,1965,Chris,6
CT,F,1965,Coleen,6
CT,F,1965,Colette,6
CT,F,1965,Cora,6
CT,F,1965,Daisy,6
CT,F,1965,Dorene,6
CT,F,1965,Emma,6
CT,F,1965,Ginger,6
CT,F,1965,Glenda,6
CT,F,1965,Gwen,6
CT,F,1965,Jenifer,6
CT,F,1965,Lena,6
CT,F,1965,Louisa,6
CT,F,1965,Marci,6
CT,F,1965,Margo,6
CT,F,1965,Maritza,6
CT,F,1965,Marla,6
CT,F,1965,Naomi,6
CT,F,1965,Ramona,6
CT,F,1965,Rebekah,6
CT,F,1965,Robert,6
CT,F,1965,Roseanne,6
CT,F,1965,Shannon,6
CT,F,1965,Siobhan,6
CT,F,1965,Sondra,6
CT,F,1965,Sonja,6
CT,F,1965,Suzette,6
CT,F,1965,Vera,6
CT,F,1965,William,6
CT,F,1965,Zina,6
CT,F,1965,Abigail,5
CT,F,1965,Angie,5
CT,F,1965,Becky,5
CT,F,1965,Bernice,5
CT,F,1965,Billie,5
CT,F,1965,Bobbie,5
CT,F,1965,Candice,5
CT,F,1965,Candy,5
CT,F,1965,Carin,5
CT,F,1965,Cecile,5
CT,F,1965,Clare,5
CT,F,1965,Claudette,5
CT,F,1965,Corinna,5
CT,F,1965,Danette,5
CT,F,1965,Dayna,5
CT,F,1965,Deanne,5
CT,F,1965,Diann,5
CT,F,1965,Dora,5
CT,F,1965,Dori,5
CT,F,1965,Elsie,5
CT,F,1965,Genevieve,5
CT,F,1965,Georgia,5
CT,F,1965,Gladys,5
CT,F,1965,Hillary,5
CT,F,1965,Ilene,5
CT,F,1965,Irma,5
CT,F,1965,James,5
CT,F,1965,Jocelyn,5
CT,F,1965,John,5
CT,F,1965,Johnna,5
CT,F,1965,Judi,5
CT,F,1965,Karrie,5
CT,F,1965,Kecia,5
CT,F,1965,Lea,5
CT,F,1965,Loreen,5
CT,F,1965,Lucille,5
CT,F,1965,Marian,5
CT,F,1965,Maribeth,5
CT,F,1965,Maryjane,5
CT,F,1965,Mayra,5
CT,F,1965,Nanette,5
CT,F,1965,Nora,5
CT,F,1965,Patsy,5
CT,F,1965,Patty,5
CT,F,1965,Polly,5
CT,F,1965,Rene,5
CT,F,1965,Rosalie,5
CT,F,1965,Ruby,5
CT,F,1965,Sabrina,5
CT,F,1965,Shana,5
CT,F,1965,Shelby,5
CT,F,1965,Shonda,5
CT,F,1965,Simone,5
CT,F,1965,Stella,5
CT,F,1965,Terese,5
CT,F,1965,Thea,5
CT,F,1965,Thomas,5
CT,F,1965,Ursula,5
CT,F,1966,Lisa,970
CT,F,1966,Karen,522
CT,F,1966,Kimberly,489
CT,F,1966,Susan,484
CT,F,1966,Mary,381
CT,F,1966,Michelle,363
CT,F,1966,Christine,352
CT,F,1966,Patricia,345
CT,F,1966,Elizabeth,338
CT,F,1966,Dawn,329
CT,F,1966,Jennifer,318
CT,F,1966,Deborah,302
CT,F,1966,Laura,284
CT,F,1966,Donna,280
CT,F,1966,Michele,266
CT,F,1966,Nancy,257
CT,F,1966,Kathleen,248
CT,F,1966,Lori,248
CT,F,1966,Sandra,243
CT,F,1966,Pamela,237
CT,F,1966,Linda,236
CT,F,1966,Cynthia,225
CT,F,1966,Cheryl,223
CT,F,1966,Amy,214
CT,F,1966,Sharon,206
CT,F,1966,Wendy,206
CT,F,1966,Tracy,192
CT,F,1966,Denise,188
CT,F,1966,Diane,187
CT,F,1966,Kelly,183
CT,F,1966,Kim,183
CT,F,1966,Barbara,181
CT,F,1966,Robin,180
CT,F,1966,Maria,178
CT,F,1966,Debra,177
CT,F,1966,Tina,162
CT,F,1966,Lynn,160
CT,F,1966,Catherine,153
CT,F,1966,Jacqueline,153
CT,F,1966,Tammy,150
CT,F,1966,Laurie,146
CT,F,1966,Melissa,146
CT,F,1966,Margaret,141
CT,F,1966,Brenda,139
CT,F,1966,Julie,137
CT,F,1966,Theresa,128
CT,F,1966,Beth,127
CT,F,1966,Heidi,125
CT,F,1966,Ann,124
CT,F,1966,Andrea,122
CT,F,1966,Carol,118
CT,F,1966,Jill,115
CT,F,1966,Suzanne,115
CT,F,1966,Paula,110
CT,F,1966,Tracey,107
CT,F,1966,Stephanie,105
CT,F,1966,Sheila,99
CT,F,1966,Angela,93
CT,F,1966,Anne,93
CT,F,1966,Kristin,93
CT,F,1966,Gina,92
CT,F,1966,Maureen,91
CT,F,1966,Katherine,88
CT,F,1966,Ellen,87
CT,F,1966,Heather,86
CT,F,1966,Janet,86
CT,F,1966,Judith,86
CT,F,1966,Stacey,85
CT,F,1966,Colleen,84
CT,F,1966,Darlene,84
CT,F,1966,Teresa,83
CT,F,1966,Sarah,79
CT,F,1966,Carolyn,77
CT,F,1966,Bonnie,75
CT,F,1966,Cindy,75
CT,F,1966,Marie,75
CT,F,1966,Renee,75
CT,F,1966,Rebecca,74
CT,F,1966,Kathryn,71
CT,F,1966,Diana,69
CT,F,1966,Kristine,67
CT,F,1966,Leslie,67
CT,F,1966,Holly,66
CT,F,1966,Joanne,66
CT,F,1966,Valerie,66
CT,F,1966,Eileen,64
CT,F,1966,Sherry,64
CT,F,1966,Christina,63
CT,F,1966,Janice,61
CT,F,1966,Kristen,61
CT,F,1966,Joann,60
CT,F,1966,Dana,54
CT,F,1966,Gail,53
CT,F,1966,Kathy,53
CT,F,1966,Ruth,53
CT,F,1966,Jane,52
CT,F,1966,Monica,50
CT,F,1966,Victoria,50
CT,F,1966,Charlene,48
CT,F,1966,Debbie,47
CT,F,1966,Martha,46
CT,F,1966,Lorraine,45
CT,F,1966,Rhonda,45
CT,F,1966,Joan,44
CT,F,1966,Carla,42
CT,F,1966,Carmen,42
CT,F,1966,Jean,42
CT,F,1966,Traci,42
CT,F,1966,Anna,41
CT,F,1966,Annette,41
CT,F,1966,Lauren,41
CT,F,1966,Lynne,41
CT,F,1966,Sheryl,41
CT,F,1966,Terri,41
CT,F,1966,April,40
CT,F,1966,Nicole,40
CT,F,1966,Dorothy,39
CT,F,1966,Stacy,39
CT,F,1966,Virginia,39
CT,F,1966,Wanda,39
CT,F,1966,Yvonne,39
CT,F,1966,Doreen,37
CT,F,1966,Jessica,37
CT,F,1966,Jodi,37
CT,F,1966,Yvette,37
CT,F,1966,Elaine,36
CT,F,1966,Joyce,36
CT,F,1966,Regina,36
CT,F,1966,Shirley,36
CT,F,1966,Alicia,35
CT,F,1966,Alison,35
CT,F,1966,Cathy,35
CT,F,1966,Danielle,35
CT,F,1966,Helen,35
CT,F,1966,Monique,35
CT,F,1966,Caroline,34
CT,F,1966,Frances,34
CT,F,1966,Rose,34
CT,F,1966,Allison,33
CT,F,1966,Gloria,33
CT,F,1966,Sherri,33
CT,F,1966,Anita,32
CT,F,1966,Marlene,32
CT,F,1966,Sally,32
CT,F,1966,Shelley,32
CT,F,1966,Tara,32
CT,F,1966,Marcia,31
CT,F,1966,Maura,31
CT,F,1966,Sheri,31
CT,F,1966,Carrie,30
CT,F,1966,Jeanne,30
CT,F,1966,Melanie,30
CT,F,1966,Shelly,30
CT,F,1966,Amanda,29
CT,F,1966,Erin,29
CT,F,1966,Judy,29
CT,F,1966,Rita,29
CT,F,1966,Evelyn,28
CT,F,1966,Jody,28
CT,F,1966,Julia,27
CT,F,1966,Shari,27
CT,F,1966,Tanya,27
CT,F,1966,Audrey,26
CT,F,1966,Felicia,26
CT,F,1966,Jo,26
CT,F,1966,Rachel,26
CT,F,1966,Sara,26
CT,F,1966,Veronica,26
CT,F,1966,Deanna,25
CT,F,1966,Joy,25
CT,F,1966,Natalie,25
CT,F,1966,Phyllis,25
CT,F,1966,Robyn,25
CT,F,1966,Terry,25
CT,F,1966,Bridget,24
CT,F,1966,Gretchen,24
CT,F,1966,Kirsten,24
CT,F,1966,Sonya,24
CT,F,1966,Vicki,24
CT,F,1966,Beverly,23
CT,F,1966,Candace,23
CT,F,1966,Paige,23
CT,F,1966,Roberta,23
CT,F,1966,Deirdre,22
CT,F,1966,Kelley,22
CT,F,1966,Louise,22
CT,F,1966,Melinda,22
CT,F,1966,Penny,22
CT,F,1966,Yolanda,22
CT,F,1966,Janine,21
CT,F,1966,Kerry,21
CT,F,1966,Kimberley,21
CT,F,1966,Megan,21
CT,F,1966,Betsy,20
CT,F,1966,Constance,20
CT,F,1966,Jackie,20
CT,F,1966,Tonya,20
CT,F,1966,Bernadette,19
CT,F,1966,Cassandra,19
CT,F,1966,Dianne,19
CT,F,1966,Hope,19
CT,F,1966,Kristina,19
CT,F,1966,Marilyn,19
CT,F,1966,Alexandra,18
CT,F,1966,Alice,18
CT,F,1966,Cathleen,18
CT,F,1966,Corinne,18
CT,F,1966,Crystal,18
CT,F,1966,Elisa,18
CT,F,1966,Eva,18
CT,F,1966,Jamie,18
CT,F,1966,Josephine,18
CT,F,1966,Rosemarie,18
CT,F,1966,Roxanne,18
CT,F,1966,Sonia,18
CT,F,1966,Tamara,18
CT,F,1966,Betty,17
CT,F,1966,Claire,17
CT,F,1966,Connie,17
CT,F,1966,Francine,17
CT,F,1966,June,17
CT,F,1966,Lynda,17
CT,F,1966,Marianne,17
CT,F,1966,Nina,17
CT,F,1966,Peggy,17
CT,F,1966,Rosa,17
CT,F,1966,Hilary,16
CT,F,1966,Karin,16
CT,F,1966,Marjorie,16
CT,F,1966,Maryann,16
CT,F,1966,Shawn,16
CT,F,1966,Vanessa,16
CT,F,1966,Annmarie,15
CT,F,1966,Arlene,15
CT,F,1966,Claudia,15
CT,F,1966,Emily,15
CT,F,1966,Geraldine,15
CT,F,1966,Grace,15
CT,F,1966,Kris,15
CT,F,1966,Lee,15
CT,F,1966,Loretta,15
CT,F,1966,Lynette,15
CT,F,1966,Maryanne,15
CT,F,1966,Samantha,15
CT,F,1966,Sandy,15
CT,F,1966,Tracie,15
CT,F,1966,Audra,14
CT,F,1966,Carole,14
CT,F,1966,Darcy,14
CT,F,1966,Elena,14
CT,F,1966,Gladys,14
CT,F,1966,Jacquelyn,14
CT,F,1966,Joanna,14
CT,F,1966,Laurel,14
CT,F,1966,Marsha,14
CT,F,1966,Maryellen,14
CT,F,1966,Pauline,14
CT,F,1966,Sonja,14
CT,F,1966,Sylvia,14
CT,F,1966,Teri,14
CT,F,1966,Toni,14
CT,F,1966,Ana,13
CT,F,1966,Antoinette,13
CT,F,1966,Bethany,13
CT,F,1966,Debora,13
CT,F,1966,Dina,13
CT,F,1966,Gayle,13
CT,F,1966,Jeanette,13
CT,F,1966,Joelle,13
CT,F,1966,Karyn,13
CT,F,1966,Kellie,13
CT,F,1966,Leanne,13
CT,F,1966,Lorie,13
CT,F,1966,Lucia,13
CT,F,1966,Luz,13
CT,F,1966,Margarita,13
CT,F,1966,Miriam,13
CT,F,1966,Noreen,13
CT,F,1966,Rosemary,13
CT,F,1966,Sue,13
CT,F,1966,Susanne,13
CT,F,1966,Becky,12
CT,F,1966,Corrine,12
CT,F,1966,Doris,12
CT,F,1966,Faith,12
CT,F,1966,Jana,12
CT,F,1966,Kate,12
CT,F,1966,Kelli,12
CT,F,1966,Krista,12
CT,F,1966,Lucille,12
CT,F,1966,Lucy,12
CT,F,1966,Shannon,12
CT,F,1966,Vickie,12
CT,F,1966,Adrienne,11
CT,F,1966,Cara,11
CT,F,1966,Charlotte,11
CT,F,1966,Cherie,11
CT,F,1966,Edna,11
CT,F,1966,Iris,11
CT,F,1966,Leah,11
CT,F,1966,Lillian,11
CT,F,1966,Madeline,11
CT,F,1966,Melody,11
CT,F,1966,Mia,11
CT,F,1966,Nadine,11
CT,F,1966,Noelle,11
CT,F,1966,Priscilla,11
CT,F,1966,Tricia,11
CT,F,1966,Alisa,10
CT,F,1966,Angelina,10
CT,F,1966,Dianna,10
CT,F,1966,Florence,10
CT,F,1966,Gwendolyn,10
CT,F,1966,Irene,10
CT,F,1966,Jodie,10
CT,F,1966,Kara,10
CT,F,1966,Karla,10
CT,F,1966,Katrina,10
CT,F,1966,Kerri,10
CT,F,1966,Lesley,10
CT,F,1966,Marisa,10
CT,F,1966,Marla,10
CT,F,1966,Meredith,10
CT,F,1966,Nora,10
CT,F,1966,Rosanne,10
CT,F,1966,Sherrie,10
CT,F,1966,Tammie,10
CT,F,1966,Vivian,10
CT,F,1966,Allyson,9
CT,F,1966,Belinda,9
CT,F,1966,Celeste,9
CT,F,1966,Dolores,9
CT,F,1966,Ginger,9
CT,F,1966,Ingrid,9
CT,F,1966,Janette,9
CT,F,1966,Jeanine,9
CT,F,1966,Jeannette,9
CT,F,1966,Jeannine,9
CT,F,1966,Jennie,9
CT,F,1966,Judi,9
CT,F,1966,Justine,9
CT,F,1966,Kimberlee,9
CT,F,1966,Lora,9
CT,F,1966,Lorrie,9
CT,F,1966,Margo,9
CT,F,1966,Marisol,9
CT,F,1966,Marybeth,9
CT,F,1966,Mildred,9
CT,F,1966,Patrice,9
CT,F,1966,Patti,9
CT,F,1966,Sabrina,9
CT,F,1966,Therese,9
CT,F,1966,Trina,9
CT,F,1966,Candy,8
CT,F,1966,Cecilia,8
CT,F,1966,Clara,8
CT,F,1966,Colette,8
CT,F,1966,Daisy,8
CT,F,1966,Desiree,8
CT,F,1966,Dora,8
CT,F,1966,Elise,8
CT,F,1966,Jan,8
CT,F,1966,Johnna,8
CT,F,1966,Juanita,8
CT,F,1966,Kendra,8
CT,F,1966,Maritza,8
CT,F,1966,Marta,8
CT,F,1966,Mona,8
CT,F,1966,Noemi,8
CT,F,1966,Norma,8
CT,F,1966,Patty,8
CT,F,1966,Simone,8
CT,F,1966,Sophia,8
CT,F,1966,Stefanie,8
CT,F,1966,Tami,8
CT,F,1966,Whitney,8
CT,F,1966,Abigail,7
CT,F,1966,Aida,7
CT,F,1966,Anastasia,7
CT,F,1966,Chris,7
CT,F,1966,Daria,7
CT,F,1966,Deidre,7
CT,F,1966,Edith,7
CT,F,1966,Eleanor,7
CT,F,1966,Elisabeth,7
CT,F,1966,Jenny,7
CT,F,1966,John,7
CT,F,1966,Kari,7
CT,F,1966,Katharine,7
CT,F,1966,Laureen,7
CT,F,1966,Leigh,7
CT,F,1966,Lois,7
CT,F,1966,Marion,7
CT,F,1966,Meg,7
CT,F,1966,Paulette,7
CT,F,1966,Rena,7
CT,F,1966,Aimee,6
CT,F,1966,Amelia,6
CT,F,1966,Annemarie,6
CT,F,1966,Bethanne,6
CT,F,1966,Bettina,6
CT,F,1966,Bridgette,6
CT,F,1966,Carey,6
CT,F,1966,Carleen,6
CT,F,1966,Clare,6
CT,F,1966,Dena,6
CT,F,1966,Erica,6
CT,F,1966,Gwen,6
CT,F,1966,Ida,6
CT,F,1966,Joellen,6
CT,F,1966,Juliann,6
CT,F,1966,Julianne,6
CT,F,1966,Kristi,6
CT,F,1966,Kristie,6
CT,F,1966,Lauri,6
CT,F,1966,Leila,6
CT,F,1966,Liza,6
CT,F,1966,Lizabeth,6
CT,F,1966,Lorena,6
CT,F,1966,Loriann,6
CT,F,1966,Marguerite,6
CT,F,1966,Migdalia,6
CT,F,1966,Mindy,6
CT,F,1966,Myrna,6
CT,F,1966,Randi,6
CT,F,1966,Roseann,6
CT,F,1966,Sharyn,6
CT,F,1966,Stacie,6
CT,F,1966,Tania,6
CT,F,1966,Aileen,5
CT,F,1966,Alexis,5
CT,F,1966,Alyssa,5
CT,F,1966,Barbra,5
CT,F,1966,Bonita,5
CT,F,1966,Brigitte,5
CT,F,1966,Brooke,5
CT,F,1966,Carlene,5
CT,F,1966,Cary,5
CT,F,1966,Cheri,5
CT,F,1966,Claudette,5
CT,F,1966,Coleen,5
CT,F,1966,Courtney,5
CT,F,1966,Danette,5
CT,F,1966,Darcey,5
CT,F,1966,Deana,5
CT,F,1966,Deena,5
CT,F,1966,Deneen,5
CT,F,1966,Diann,5
CT,F,1966,Erika,5
CT,F,1966,Filomena,5
CT,F,1966,Francesca,5
CT,F,1966,Giovanna,5
CT,F,1966,Glenda,5
CT,F,1966,Helena,5
CT,F,1966,Janie,5
CT,F,1966,Jayne,5
CT,F,1966,Jerri,5
CT,F,1966,Jessie,5
CT,F,1966,Jocelyn,5
CT,F,1966,Kathie,5
CT,F,1966,Katie,5
CT,F,1966,Kyle,5
CT,F,1966,Leann,5
CT,F,1966,Lidia,5
CT,F,1966,Liz,5
CT,F,1966,Lucinda,5
CT,F,1966,Lynnette,5
CT,F,1966,Magdalena,5
CT,F,1966,Marylou,5
CT,F,1966,Meghan,5
CT,F,1966,Myra,5
CT,F,1966,Nanci,5
CT,F,1966,Naomi,5
CT,F,1966,Noel,5
CT,F,1966,Nydia,5
CT,F,1966,Rachael,5
CT,F,1966,Robbin,5
CT,F,1966,Rochelle,5
CT,F,1966,Ronda,5
CT,F,1966,Ruthann,5
CT,F,1966,Sandi,5
CT,F,1966,Serena,5
CT,F,1966,Sharlene,5
CT,F,1966,Stella,5
CT,F,1966,Susanna,5
CT,F,1966,Susannah,5
CT,F,1966,Tiffany,5
CT,F,1966,Trisha,5
CT,F,1966,Vera,5
CT,F,1966,Verna,5
CT,F,1966,Wendi,5
CT,F,1966,Zoe,5
CT,F,1967,Lisa,867
CT,F,1967,Susan,485
CT,F,1967,Kimberly,466
CT,F,1967,Karen,431
CT,F,1967,Michelle,419
CT,F,1967,Elizabeth,398
CT,F,1967,Christine,354
CT,F,1967,Mary,336
CT,F,1967,Jennifer,331
CT,F,1967,Dawn,304
CT,F,1967,Laura,293
CT,F,1967,Deborah,285
CT,F,1967,Michele,269
CT,F,1967,Patricia,268
CT,F,1967,Amy,245
CT,F,1967,Donna,237
CT,F,1967,Kathleen,237
CT,F,1967,Sandra,234
CT,F,1967,Lori,232
CT,F,1967,Cheryl,229
CT,F,1967,Cynthia,215
CT,F,1967,Nancy,212
CT,F,1967,Linda,203
CT,F,1967,Pamela,200
CT,F,1967,Wendy,192
CT,F,1967,Tammy,188
CT,F,1967,Diane,185
CT,F,1967,Denise,180
CT,F,1967,Tracy,177
CT,F,1967,Kelly,174
CT,F,1967,Melissa,170
CT,F,1967,Sharon,164
CT,F,1967,Barbara,162
CT,F,1967,Tina,160
CT,F,1967,Maria,149
CT,F,1967,Debra,147
CT,F,1967,Kim,142
CT,F,1967,Julie,137
CT,F,1967,Laurie,137
CT,F,1967,Stephanie,132
CT,F,1967,Theresa,130
CT,F,1967,Brenda,126
CT,F,1967,Lynn,122
CT,F,1967,Catherine,120
CT,F,1967,Suzanne,119
CT,F,1967,Ann,116
CT,F,1967,Jill,116
CT,F,1967,Robin,115
CT,F,1967,Katherine,113
CT,F,1967,Margaret,113
CT,F,1967,Andrea,108
CT,F,1967,Carol,108
CT,F,1967,Beth,105
CT,F,1967,Gina,104
CT,F,1967,Heather,102
CT,F,1967,Jacqueline,102
CT,F,1967,Rebecca,98
CT,F,1967,Tracey,96
CT,F,1967,Kristen,95
CT,F,1967,Anne,92
CT,F,1967,Heidi,89
CT,F,1967,Paula,87
CT,F,1967,Christina,86
CT,F,1967,Renee,85
CT,F,1967,Carolyn,84
CT,F,1967,Maureen,84
CT,F,1967,Sarah,82
CT,F,1967,Janet,81
CT,F,1967,Angela,80
CT,F,1967,Joanne,78
CT,F,1967,Stacey,76
CT,F,1967,Kristin,74
CT,F,1967,Leslie,74
CT,F,1967,Holly,72
CT,F,1967,April,70
CT,F,1967,Diana,70
CT,F,1967,Colleen,68
CT,F,1967,Sheila,65
CT,F,1967,Victoria,65
CT,F,1967,Bonnie,64
CT,F,1967,Sherry,63
CT,F,1967,Teresa,63
CT,F,1967,Judith,62
CT,F,1967,Kathryn,62
CT,F,1967,Ellen,60
CT,F,1967,Valerie,60
CT,F,1967,Eileen,55
CT,F,1967,Darlene,53
CT,F,1967,Cindy,52
CT,F,1967,Janice,52
CT,F,1967,Kristine,51
CT,F,1967,Dana,49
CT,F,1967,Lauren,49
CT,F,1967,Rachel,49
CT,F,1967,Carrie,48
CT,F,1967,Carmen,47
CT,F,1967,Debbie,47
CT,F,1967,Erin,47
CT,F,1967,Terri,47
CT,F,1967,Monica,46
CT,F,1967,Doreen,45
CT,F,1967,Jane,45
CT,F,1967,Stacy,45
CT,F,1967,Nicole,44
CT,F,1967,Rhonda,43
CT,F,1967,Jodi,42
CT,F,1967,Marie,42
CT,F,1967,Jean,41
CT,F,1967,Kathy,41
CT,F,1967,Anna,40
CT,F,1967,Alicia,39
CT,F,1967,Alison,39
CT,F,1967,Allison,39
CT,F,1967,Amanda,39
CT,F,1967,Annette,39
CT,F,1967,Wanda,39
CT,F,1967,Danielle,38
CT,F,1967,Joan,38
CT,F,1967,Sheryl,38
CT,F,1967,Martha,37
CT,F,1967,Melanie,37
CT,F,1967,Evelyn,36
CT,F,1967,Regina,36
CT,F,1967,Roberta,36
CT,F,1967,Joann,35
CT,F,1967,Julia,35
CT,F,1967,Monique,35
CT,F,1967,Gail,34
CT,F,1967,Helen,34
CT,F,1967,Sally,34
CT,F,1967,Bridget,33
CT,F,1967,Elaine,33
CT,F,1967,Marilyn,33
CT,F,1967,Traci,33
CT,F,1967,Yvette,33
CT,F,1967,Carla,32
CT,F,1967,Charlene,32
CT,F,1967,Dorothy,32
CT,F,1967,Lynne,31
CT,F,1967,Rose,31
CT,F,1967,Ruth,31
CT,F,1967,Sheri,31
CT,F,1967,Tanya,31
CT,F,1967,Tara,31
CT,F,1967,Adrienne,30
CT,F,1967,Cathy,30
CT,F,1967,Joyce,30
CT,F,1967,Maryann,30
CT,F,1967,Melinda,30
CT,F,1967,Sherri,30
CT,F,1967,Veronica,30
CT,F,1967,Jessica,29
CT,F,1967,Shirley,29
CT,F,1967,Tonya,29
CT,F,1967,Yvonne,29
CT,F,1967,Annmarie,28
CT,F,1967,Audra,28
CT,F,1967,Lorraine,27
CT,F,1967,Tamara,27
CT,F,1967,Karin,26
CT,F,1967,Kimberley,26
CT,F,1967,Vicki,26
CT,F,1967,Virginia,26
CT,F,1967,Dina,25
CT,F,1967,Kerry,25
CT,F,1967,Leigh,25
CT,F,1967,Sonia,25
CT,F,1967,Caroline,24
CT,F,1967,Cathleen,24
CT,F,1967,Jeanne,24
CT,F,1967,Audrey,23
CT,F,1967,Beverly,23
CT,F,1967,Kelley,23
CT,F,1967,Shari,23
CT,F,1967,Alice,22
CT,F,1967,Felicia,22
CT,F,1967,Gretchen,22
CT,F,1967,Lee,22
CT,F,1967,Marianne,22
CT,F,1967,Penny,22
CT,F,1967,Sabrina,22
CT,F,1967,Shelley,22
CT,F,1967,Terry,22
CT,F,1967,Anita,21
CT,F,1967,Dianne,21
CT,F,1967,Marlene,21
CT,F,1967,Yolanda,21
CT,F,1967,Crystal,20
CT,F,1967,Deanna,20
CT,F,1967,Jeanette,20
CT,F,1967,Joy,20
CT,F,1967,Kristina,20
CT,F,1967,Natalie,20
CT,F,1967,Shannon,20
CT,F,1967,Josephine,19
CT,F,1967,Kirsten,19
CT,F,1967,Maura,19
CT,F,1967,Megan,19
CT,F,1967,Pauline,19
CT,F,1967,Sara,19
CT,F,1967,Sonya,19
CT,F,1967,Toni,19
CT,F,1967,Lucy,18
CT,F,1967,Patti,18
CT,F,1967,Cassandra,17
CT,F,1967,Doris,17
CT,F,1967,Emily,17
CT,F,1967,Frances,17
CT,F,1967,Gloria,17
CT,F,1967,Irene,17
CT,F,1967,Jody,17
CT,F,1967,Lillian,17
CT,F,1967,Louise,17
CT,F,1967,Marcia,17
CT,F,1967,Marybeth,17
CT,F,1967,Priscilla,17
CT,F,1967,Shelly,17
CT,F,1967,Bernadette,16
CT,F,1967,Betsy,16
CT,F,1967,Cherie,16
CT,F,1967,Claudia,16
CT,F,1967,Courtney,16
CT,F,1967,Deirdre,16
CT,F,1967,Erica,16
CT,F,1967,Hope,16
CT,F,1967,Ingrid,16
CT,F,1967,Janine,16
CT,F,1967,Leah,16
CT,F,1967,Norma,16
CT,F,1967,Samantha,16
CT,F,1967,Tammie,16
CT,F,1967,Vivian,16
CT,F,1967,Antoinette,15
CT,F,1967,Carole,15
CT,F,1967,Darcy,15
CT,F,1967,Debora,15
CT,F,1967,Elisa,15
CT,F,1967,Jodie,15
CT,F,1967,Kara,15
CT,F,1967,Loretta,15
CT,F,1967,Lynda,15
CT,F,1967,Roxanne,15
CT,F,1967,Shawn,15
CT,F,1967,Elise,14
CT,F,1967,Francine,14
CT,F,1967,Joanna,14
CT,F,1967,Judy,14
CT,F,1967,Kimberlee,14
CT,F,1967,Krista,14
CT,F,1967,Leanne,14
CT,F,1967,Rita,14
CT,F,1967,Rosemarie,14
CT,F,1967,Susanne,14
CT,F,1967,Tiffany,14
CT,F,1967,Vanessa,14
CT,F,1967,Candace,13
CT,F,1967,Constance,13
CT,F,1967,Elisabeth,13
CT,F,1967,Jackie,13
CT,F,1967,Jamie,13
CT,F,1967,Jeannette,13
CT,F,1967,Kelli,13
CT,F,1967,Lynette,13
CT,F,1967,Nina,13
CT,F,1967,Rosemary,13
CT,F,1967,Ana,12
CT,F,1967,Arlene,12
CT,F,1967,Charlotte,12
CT,F,1967,Deana,12
CT,F,1967,Elena,12
CT,F,1967,Erika,12
CT,F,1967,Gayle,12
CT,F,1967,Grace,12
CT,F,1967,Kari,12
CT,F,1967,Marci,12
CT,F,1967,Nadine,12
CT,F,1967,Paige,12
CT,F,1967,Peggy,12
CT,F,1967,Rosa,12
CT,F,1967,Sue,12
CT,F,1967,Alexandra,11
CT,F,1967,Corinne,11
CT,F,1967,Faith,11
CT,F,1967,Geraldine,11
CT,F,1967,Gwen,11
CT,F,1967,Jacquelyn,11
CT,F,1967,Kerri,11
CT,F,1967,Kris,11
CT,F,1967,Lara,11
CT,F,1967,Madeline,11
CT,F,1967,Maribeth,11
CT,F,1967,Marion,11
CT,F,1967,Marisol,11
CT,F,1967,Maryellen,11
CT,F,1967,Michael,11
CT,F,1967,Phyllis,11
CT,F,1967,Rosanne,11
CT,F,1967,Abigail,10
CT,F,1967,Amber,10
CT,F,1967,Bethany,10
CT,F,1967,Betty,10
CT,F,1967,Chris,10
CT,F,1967,Christa,10
CT,F,1967,Eleanor,10
CT,F,1967,Eva,10
CT,F,1967,Gwendolyn,10
CT,F,1967,Iris,10
CT,F,1967,Justine,10
CT,F,1967,Karla,10
CT,F,1967,Katharine,10
CT,F,1967,Katrina,10
CT,F,1967,Lesley,10
CT,F,1967,Luz,10
CT,F,1967,Maryanne,10
CT,F,1967,Melody,10
CT,F,1967,Meredith,10
CT,F,1967,Ramona,10
CT,F,1967,Sonja,10
CT,F,1967,Stacie,10
CT,F,1967,Tammi,10
CT,F,1967,Angelina,9
CT,F,1967,Cheri,9
CT,F,1967,Claire,9
CT,F,1967,Connie,9
CT,F,1967,Deidre,9
CT,F,1967,Desiree,9
CT,F,1967,Dianna,9
CT,F,1967,Edith,9
CT,F,1967,Florence,9
CT,F,1967,June,9
CT,F,1967,Kellie,9
CT,F,1967,Laureen,9
CT,F,1967,Lea,9
CT,F,1967,Lorie,9
CT,F,1967,Lydia,9
CT,F,1967,Margo,9
CT,F,1967,Marisa,9
CT,F,1967,Marissa,9
CT,F,1967,Meghan,9
CT,F,1967,Miriam,9
CT,F,1967,Noelle,9
CT,F,1967,Nora,9
CT,F,1967,Patty,9
CT,F,1967,Rena,9
CT,F,1967,Roseann,9
CT,F,1967,Vickie,9
CT,F,1967,Allyson,8
CT,F,1967,Annemarie,8
CT,F,1967,Belinda,8
CT,F,1967,Carey,8
CT,F,1967,Concetta,8
CT,F,1967,Gladys,8
CT,F,1967,Jenny,8
CT,F,1967,Juanita,8
CT,F,1967,Julianne,8
CT,F,1967,Lora,8
CT,F,1967,Lorrie,8
CT,F,1967,Lucinda,8
CT,F,1967,Maritza,8
CT,F,1967,Mildred,8
CT,F,1967,Molly,8
CT,F,1967,Natasha,8
CT,F,1967,Nichelle,8
CT,F,1967,Stefanie,8
CT,F,1967,Suzette,8
CT,F,1967,Trina,8
CT,F,1967,Trisha,8
CT,F,1967,Wendi,8
CT,F,1967,Aida,7
CT,F,1967,Ashley,7
CT,F,1967,Candice,7
CT,F,1967,Cara,7
CT,F,1967,Cristina,7
CT,F,1967,Deanne,7
CT,F,1967,Helena,7
CT,F,1967,Ida,7
CT,F,1967,Johanna,7
CT,F,1967,Karyn,7
CT,F,1967,Kendra,7
CT,F,1967,Laurel,7
CT,F,1967,Lauri,7
CT,F,1967,Liza,7
CT,F,1967,Lourdes,7
CT,F,1967,Lucia,7
CT,F,1967,Marjorie,7
CT,F,1967,Marsha,7
CT,F,1967,Mia,7
CT,F,1967,Migdalia,7
CT,F,1967,Milagros,7
CT,F,1967,Olga,7
CT,F,1967,Paulette,7
CT,F,1967,Rachael,7
CT,F,1967,Robyn,7
CT,F,1967,Susie,7
CT,F,1967,Ursula,7
CT,F,1967,Aimee,6
CT,F,1967,Alisa,6
CT,F,1967,Amelia,6
CT,F,1967,Aretha,6
CT,F,1967,Bernice,6
CT,F,1967,Billie,6
CT,F,1967,Cari,6
CT,F,1967,Celeste,6
CT,F,1967,Christie,6
CT,F,1967,Christy,6
CT,F,1967,Claudette,6
CT,F,1967,Colette,6
CT,F,1967,Dale,6
CT,F,1967,Darla,6
CT,F,1967,Delia,6
CT,F,1967,Dolores,6
CT,F,1967,Dorinda,6
CT,F,1967,Emma,6
CT,F,1967,Esther,6
CT,F,1967,Ginger,6
CT,F,1967,Hilary,6
CT,F,1967,Ivette,6
CT,F,1967,James,6
CT,F,1967,Jeanine,6
CT,F,1967,Jeannine,6
CT,F,1967,Jo,6
CT,F,1967,Jocelyn,6
CT,F,1967,Joseph,6
CT,F,1967,Kate,6
CT,F,1967,Katie,6
CT,F,1967,Kay,6
CT,F,1967,Keri,6
CT,F,1967,Kerrie,6
CT,F,1967,Lana,6
CT,F,1967,Lena,6
CT,F,1967,Lenora,6
CT,F,1967,Maribel,6
CT,F,1967,Mark,6
CT,F,1967,Mayra,6
CT,F,1967,Moira,6
CT,F,1967,Monika,6
CT,F,1967,Noreen,6
CT,F,1967,Patrice,6
CT,F,1967,Polly,6
CT,F,1967,Ronda,6
CT,F,1967,Sandy,6
CT,F,1967,Sarita,6
CT,F,1967,Selena,6
CT,F,1967,Sylvia,6
CT,F,1967,Sylvie,6
CT,F,1967,Tami,6
CT,F,1967,Tracie,6
CT,F,1967,Ada,5
CT,F,1967,Adele,5
CT,F,1967,Aileen,5
CT,F,1967,Alissa,5
CT,F,1967,Barbra,5
CT,F,1967,Blanca,5
CT,F,1967,Candy,5
CT,F,1967,Carmela,5
CT,F,1967,Caryn,5
CT,F,1967,Claudine,5
CT,F,1967,Corrine,5
CT,F,1967,Daneen,5
CT,F,1967,Dayna,5
CT,F,1967,Delores,5
CT,F,1967,Dena,5
CT,F,1967,Dorothea,5
CT,F,1967,Eugenia,5
CT,F,1967,Georgia,5
CT,F,1967,Giselle,5
CT,F,1967,Janette,5
CT,F,1967,Jenifer,5
CT,F,1967,Jeri,5
CT,F,1967,Kristy,5
CT,F,1967,Leeanne,5
CT,F,1967,Leona,5
CT,F,1967,Lisette,5
CT,F,1967,Lois,5
CT,F,1967,Loren,5
CT,F,1967,Luisa,5
CT,F,1967,Lynnette,5
CT,F,1967,Mara,5
CT,F,1967,Marcy,5
CT,F,1967,Marguerite,5
CT,F,1967,Marina,5
CT,F,1967,Marla,5
CT,F,1967,Marlo,5
CT,F,1967,Marnie,5
CT,F,1967,Maryjo,5
CT,F,1967,Mona,5
CT,F,1967,Rachelle,5
CT,F,1967,Rae,5
CT,F,1967,Richard,5
CT,F,1967,Rochelle,5
CT,F,1967,Roxann,5
CT,F,1967,Sandi,5
CT,F,1967,Sharlene,5
CT,F,1967,Shelby,5
CT,F,1967,Tania,5
CT,F,1967,Tonia,5
CT,F,1967,Vicky,5
CT,F,1968,Lisa,760
CT,F,1968,Jennifer,489
CT,F,1968,Kimberly,437
CT,F,1968,Michelle,415
CT,F,1968,Susan,413
CT,F,1968,Karen,371
CT,F,1968,Christine,356
CT,F,1968,Elizabeth,334
CT,F,1968,Laura,330
CT,F,1968,Dawn,321
CT,F,1968,Kelly,277
CT,F,1968,Mary,277
CT,F,1968,Deborah,258
CT,F,1968,Michele,255
CT,F,1968,Amy,248
CT,F,1968,Melissa,233
CT,F,1968,Patricia,229
CT,F,1968,Kathleen,218
CT,F,1968,Donna,214
CT,F,1968,Tracy,199
CT,F,1968,Tammy,194
CT,F,1968,Lori,192
CT,F,1968,Wendy,191
CT,F,1968,Nancy,190
CT,F,1968,Cynthia,188
CT,F,1968,Pamela,185
CT,F,1968,Sandra,175
CT,F,1968,Cheryl,173
CT,F,1968,Sharon,169
CT,F,1968,Linda,161
CT,F,1968,Maria,152
CT,F,1968,Heather,150
CT,F,1968,Barbara,147
CT,F,1968,Debra,147
CT,F,1968,Tina,144
CT,F,1968,Catherine,139
CT,F,1968,Denise,139
CT,F,1968,Stephanie,131
CT,F,1968,Diane,129
CT,F,1968,Julie,127
CT,F,1968,Lynn,125
CT,F,1968,Robin,122
CT,F,1968,Suzanne,119
CT,F,1968,Theresa,116
CT,F,1968,Kim,115
CT,F,1968,Jill,110
CT,F,1968,Sarah,110
CT,F,1968,Ann,109
CT,F,1968,Christina,109
CT,F,1968,Brenda,108
CT,F,1968,Margaret,108
CT,F,1968,Carol,106
CT,F,1968,Carolyn,103
CT,F,1968,Beth,102
CT,F,1968,Heidi,102
CT,F,1968,Andrea,101
CT,F,1968,Paula,99
CT,F,1968,Stacey,99
CT,F,1968,Jacqueline,98
CT,F,1968,Kristen,98
CT,F,1968,Rebecca,98
CT,F,1968,Angela,92
CT,F,1968,Katherine,92
CT,F,1968,Kristin,90
CT,F,1968,Tracey,89
CT,F,1968,Gina,88
CT,F,1968,Diana,83
CT,F,1968,Maureen,82
CT,F,1968,Renee,82
CT,F,1968,Anne,79
CT,F,1968,Laurie,79
CT,F,1968,Darlene,72
CT,F,1968,Kristine,72
CT,F,1968,Janet,71
CT,F,1968,Colleen,68
CT,F,1968,Eileen,67
CT,F,1968,Nicole,64
CT,F,1968,Holly,61
CT,F,1968,Teresa,61
CT,F,1968,Cindy,60
CT,F,1968,April,59
CT,F,1968,Dana,59
CT,F,1968,Joanne,59
CT,F,1968,Leslie,59
CT,F,1968,Stacy,58
CT,F,1968,Victoria,58
CT,F,1968,Kathryn,57
CT,F,1968,Carrie,56
CT,F,1968,Danielle,56
CT,F,1968,Anna,55
CT,F,1968,Sherry,53
CT,F,1968,Tanya,51
CT,F,1968,Rhonda,49
CT,F,1968,Carmen,48
CT,F,1968,Sheila,48
CT,F,1968,Bonnie,47
CT,F,1968,Ellen,47
CT,F,1968,Valerie,46
CT,F,1968,Gail,45
CT,F,1968,Jodi,45
CT,F,1968,Marie,44
CT,F,1968,Caroline,43
CT,F,1968,Monica,43
CT,F,1968,Janice,42
CT,F,1968,Charlene,41
CT,F,1968,Rachel,40
CT,F,1968,Sara,40
CT,F,1968,Alison,39
CT,F,1968,Evelyn,39
CT,F,1968,Jane,39
CT,F,1968,Jessica,39
CT,F,1968,Sherri,39
CT,F,1968,Allison,38
CT,F,1968,Jean,37
CT,F,1968,Judith,37
CT,F,1968,Tara,37
CT,F,1968,Terri,37
CT,F,1968,Alicia,36
CT,F,1968,Carla,36
CT,F,1968,Julia,36
CT,F,1968,Kirsten,36
CT,F,1968,Rose,36
CT,F,1968,Sheri,36
CT,F,1968,Sheryl,36
CT,F,1968,Tonya,36
CT,F,1968,Deanna,35
CT,F,1968,Monique,34
CT,F,1968,Yvonne,34
CT,F,1968,Regina,33
CT,F,1968,Virginia,33
CT,F,1968,Annette,32
CT,F,1968,Doreen,32
CT,F,1968,Joyce,32
CT,F,1968,Kathy,32
CT,F,1968,Melinda,32
CT,F,1968,Veronica,32
CT,F,1968,Elaine,31
CT,F,1968,Joann,31
CT,F,1968,Kerry,31
CT,F,1968,Yolanda,31
CT,F,1968,Erica,30
CT,F,1968,Helen,30
CT,F,1968,Shannon,30
CT,F,1968,Amanda,29
CT,F,1968,Karin,29
CT,F,1968,Lauren,29
CT,F,1968,Megan,29
CT,F,1968,Rita,29
CT,F,1968,Ruth,29
CT,F,1968,Tamara,29
CT,F,1968,Frances,28
CT,F,1968,Joy,28
CT,F,1968,Lynne,28
CT,F,1968,Erin,27
CT,F,1968,Kristina,27
CT,F,1968,Lorraine,27
CT,F,1968,Shelley,27
CT,F,1968,Sonia,27
CT,F,1968,Dorothy,26
CT,F,1968,Gloria,26
CT,F,1968,Lara,26
CT,F,1968,Melanie,26
CT,F,1968,Terry,26
CT,F,1968,Candace,25
CT,F,1968,Crystal,25
CT,F,1968,Erika,25
CT,F,1968,Marlene,25
CT,F,1968,Rosemary,25
CT,F,1968,Anita,24
CT,F,1968,Dina,24
CT,F,1968,Jacquelyn,24
CT,F,1968,Kelley,24
CT,F,1968,Wanda,24
CT,F,1968,Adrienne,23
CT,F,1968,Debbie,23
CT,F,1968,Jamie,23
CT,F,1968,Kara,23
CT,F,1968,Maura,23
CT,F,1968,Shirley,23
CT,F,1968,Susanne,23
CT,F,1968,Bridget,22
CT,F,1968,Jeanne,22
CT,F,1968,Sally,22
CT,F,1968,Shelly,22
CT,F,1968,Cassandra,21
CT,F,1968,Eva,21
CT,F,1968,Felicia,21
CT,F,1968,Joan,21
CT,F,1968,Nadine,21
CT,F,1968,Roberta,21
CT,F,1968,Yvette,21
CT,F,1968,Belinda,20
CT,F,1968,Beverly,20
CT,F,1968,Dianne,20
CT,F,1968,Emily,20
CT,F,1968,Geraldine,20
CT,F,1968,Jody,20
CT,F,1968,Kellie,20
CT,F,1968,Kimberley,20
CT,F,1968,Leigh,20
CT,F,1968,Lucy,20
CT,F,1968,Marilyn,20
CT,F,1968,Marjorie,20
CT,F,1968,Martha,20
CT,F,1968,Natalie,20
CT,F,1968,Rosemarie,20
CT,F,1968,Shawn,20
CT,F,1968,Cathy,19
CT,F,1968,Gretchen,19
CT,F,1968,Irene,19
CT,F,1968,Kari,19
CT,F,1968,Kelli,19
CT,F,1968,Rosa,19
CT,F,1968,Samantha,19
CT,F,1968,Vanessa,19
CT,F,1968,Alice,18
CT,F,1968,Darcy,18
CT,F,1968,Krista,18
CT,F,1968,Leah,18
CT,F,1968,Lee,18
CT,F,1968,Lillian,18
CT,F,1968,Penny,18
CT,F,1968,Vicki,18
CT,F,1968,Audra,17
CT,F,1968,Christy,17
CT,F,1968,Connie,17
CT,F,1968,Deirdre,17
CT,F,1968,Louise,17
CT,F,1968,Luz,17
CT,F,1968,Lynda,17
CT,F,1968,Miriam,17
CT,F,1968,Tracie,17
CT,F,1968,Aimee,16
CT,F,1968,Annmarie,16
CT,F,1968,Audrey,16
CT,F,1968,Jeanette,16
CT,F,1968,Tiffany,16
CT,F,1968,Toni,16
CT,F,1968,Claudia,15
CT,F,1968,Janine,15
CT,F,1968,Kerri,15
CT,F,1968,Lesley,15
CT,F,1968,Marianne,15
CT,F,1968,Roxanne,15
CT,F,1968,Traci,15
CT,F,1968,Alisa,14
CT,F,1968,Charlotte,14
CT,F,1968,Iris,14
CT,F,1968,Jodie,14
CT,F,1968,Karla,14
CT,F,1968,Marla,14
CT,F,1968,Ramona,14
CT,F,1968,Sabrina,14
CT,F,1968,Shari,14
CT,F,1968,Arlene,13
CT,F,1968,Carole,13
CT,F,1968,Constance,13
CT,F,1968,Courtney,13
CT,F,1968,Edith,13
CT,F,1968,Francine,13
CT,F,1968,Hilary,13
CT,F,1968,June,13
CT,F,1968,Kristi,13
CT,F,1968,Lucia,13
CT,F,1968,Maritza,13
CT,F,1968,Migdalia,13
CT,F,1968,Nora,13
CT,F,1968,Norma,13
CT,F,1968,Paige,13
CT,F,1968,Patti,13
CT,F,1968,Peggy,13
CT,F,1968,Robyn,13
CT,F,1968,Sonja,13
CT,F,1968,Alexandra,12
CT,F,1968,Ana,12
CT,F,1968,Bernadette,12
CT,F,1968,Cherie,12
CT,F,1968,Jo,12
CT,F,1968,Julianne,12
CT,F,1968,Laurel,12
CT,F,1968,Maryann,12
CT,F,1968,Meredith,12
CT,F,1968,Sandy,12
CT,F,1968,Sonya,12
CT,F,1968,Tami,12
CT,F,1968,Tammie,12
CT,F,1968,Tricia,12
CT,F,1968,Annemarie,11
CT,F,1968,Becky,11
CT,F,1968,Dena,11
CT,F,1968,Desiree,11
CT,F,1968,Eleanor,11
CT,F,1968,Gwendolyn,11
CT,F,1968,Hope,11
CT,F,1968,Joanna,11
CT,F,1968,Josephine,11
CT,F,1968,Judy,11
CT,F,1968,Marisa,11
CT,F,1968,Marybeth,11
CT,F,1968,Meghan,11
CT,F,1968,Raquel,11
CT,F,1968,Stefanie,11
CT,F,1968,Sue,11
CT,F,1968,Sylvia,11
CT,F,1968,Allyson,10
CT,F,1968,Alyssa,10
CT,F,1968,Angelina,10
CT,F,1968,Carey,10
CT,F,1968,Deanne,10
CT,F,1968,Deidre,10
CT,F,1968,Kate,10
CT,F,1968,Lorrie,10
CT,F,1968,Phyllis,10
CT,F,1968,Ronda,10
CT,F,1968,Antoinette,9
CT,F,1968,Brooke,9
CT,F,1968,Catharine,9
CT,F,1968,Celeste,9
CT,F,1968,Coleen,9
CT,F,1968,Corinne,9
CT,F,1968,Daisy,9
CT,F,1968,Elena,9
CT,F,1968,Elisa,9
CT,F,1968,Grace,9
CT,F,1968,Jeannette,9
CT,F,1968,Jocelyn,9
CT,F,1968,Juanita,9
CT,F,1968,Katharine,9
CT,F,1968,Katrina,9
CT,F,1968,Lorie,9
CT,F,1968,Lucinda,9
CT,F,1968,Lynette,9
CT,F,1968,Marcella,9
CT,F,1968,Marcy,9
CT,F,1968,Marnie,9
CT,F,1968,Marsha,9
CT,F,1968,Maryellen,9
CT,F,1968,Nina,9
CT,F,1968,Pauline,9
CT,F,1968,Polly,9
CT,F,1968,Sondra,9
CT,F,1968,Susannah,9
CT,F,1968,Beatrice,8
CT,F,1968,Betsy,8
CT,F,1968,Blanca,8
CT,F,1968,Cheri,8
CT,F,1968,Chris,8
CT,F,1968,Christie,8
CT,F,1968,Cristina,8
CT,F,1968,Daphne,8
CT,F,1968,Deana,8
CT,F,1968,Dianna,8
CT,F,1968,Elise,8
CT,F,1968,Faith,8
CT,F,1968,Gayle,8
CT,F,1968,Gladys,8
CT,F,1968,Ivette,8
CT,F,1968,Jayne,8
CT,F,1968,Jeanine,8
CT,F,1968,Jeannine,8
CT,F,1968,Johanna,8
CT,F,1968,Justine,8
CT,F,1968,Kerrie,8
CT,F,1968,Kris,8
CT,F,1968,Laureen,8
CT,F,1968,Lea,8
CT,F,1968,Leanne,8
CT,F,1968,Lois,8
CT,F,1968,Madeline,8
CT,F,1968,Molly,8
CT,F,1968,Patrice,8
CT,F,1968,Priscilla,8
CT,F,1968,Sherrie,8
CT,F,1968,Suzette,8
CT,F,1968,Aida,7
CT,F,1968,Ashley,7
CT,F,1968,Bethany,7
CT,F,1968,Cathleen,7
CT,F,1968,Corrine,7
CT,F,1968,Doris,7
CT,F,1968,Elisabeth,7
CT,F,1968,Francesca,7
CT,F,1968,Jeannie,7
CT,F,1968,Johnna,7
CT,F,1968,Kristie,7
CT,F,1968,Leona,7
CT,F,1968,Lissette,7
CT,F,1968,Lora,7
CT,F,1968,Loretta,7
CT,F,1968,Marcia,7
CT,F,1968,Marguerite,7
CT,F,1968,Maribel,7
CT,F,1968,Maribeth,7
CT,F,1968,Marisol,7
CT,F,1968,Michael,7
CT,F,1968,Roseann,7
CT,F,1968,Staci,7
CT,F,1968,Tania,7
CT,F,1968,Teri,7
CT,F,1968,Tia,7
CT,F,1968,Tonia,7
CT,F,1968,Trina,7
CT,F,1968,Vicky,7
CT,F,1968,Betty,6
CT,F,1968,Candice,6
CT,F,1968,Cara,6
CT,F,1968,Carmela,6
CT,F,1968,Caterina,6
CT,F,1968,Cathryn,6
CT,F,1968,Dolores,6
CT,F,1968,Enid,6
CT,F,1968,Esther,6
CT,F,1968,Florence,6
CT,F,1968,Ginger,6
CT,F,1968,Ida,6
CT,F,1968,Jenifer,6
CT,F,1968,Jennie,6
CT,F,1968,Jolene,6
CT,F,1968,Karyn,6
CT,F,1968,Kendra,6
CT,F,1968,Kimberlee,6
CT,F,1968,Kristy,6
CT,F,1968,Lauri,6
CT,F,1968,Lourdes,6
CT,F,1968,Madelyn,6
CT,F,1968,Marion,6
CT,F,1968,Marlo,6
CT,F,1968,Melody,6
CT,F,1968,Olga,6
CT,F,1968,Rachael,6
CT,F,1968,Rosanne,6
CT,F,1968,Shelia,6
CT,F,1968,Shelli,6
CT,F,1968,Sophia,6
CT,F,1968,Tammi,6
CT,F,1968,Vickie,6
CT,F,1968,Whitney,6
CT,F,1968,Aileen,5
CT,F,1968,Alanna,5
CT,F,1968,Amber,5
CT,F,1968,Amelia,5
CT,F,1968,Anissa,5
CT,F,1968,Caitlin,5
CT,F,1968,Camille,5
CT,F,1968,Caren,5
CT,F,1968,Cari,5
CT,F,1968,Carie,5
CT,F,1968,Carlene,5
CT,F,1968,Claire,5
CT,F,1968,Claudine,5
CT,F,1968,Concetta,5
CT,F,1968,Darcey,5
CT,F,1968,Dawne,5
CT,F,1968,Debora,5
CT,F,1968,Delores,5
CT,F,1968,Emma,5
CT,F,1968,Eve,5
CT,F,1968,Greta,5
CT,F,1968,Hazel,5
CT,F,1968,Jackie,5
CT,F,1968,Jan,5
CT,F,1968,Jenny,5
CT,F,1968,Jessie,5
CT,F,1968,Joelle,5
CT,F,1968,Jolie,5
CT,F,1968,Joseph,5
CT,F,1968,Kenya,5
CT,F,1968,Kristyn,5
CT,F,1968,Lana,5
CT,F,1968,Lesa,5
CT,F,1968,Lisette,5
CT,F,1968,Liza,5
CT,F,1968,Lorna,5
CT,F,1968,Lydia,5
CT,F,1968,Margarita,5
CT,F,1968,Margo,5
CT,F,1968,Marina,5
CT,F,1968,Marissa,5
CT,F,1968,Maryanne,5
CT,F,1968,Maryjane,5
CT,F,1968,Maryjo,5
CT,F,1968,Mayra,5
CT,F,1968,Mildred,5
CT,F,1968,Mindy,5
CT,F,1968,Mona,5
CT,F,1968,Myrna,5
CT,F,1968,Nichelle,5
CT,F,1968,Noel,5
CT,F,1968,Noelle,5
CT,F,1968,Penelope,5
CT,F,1968,Rae,5
CT,F,1968,Rochelle,5
CT,F,1968,Ruby,5
CT,F,1968,Siobhan,5
CT,F,1968,Tabitha,5
CT,F,1968,Therese,5
CT,F,1969,Lisa,677
CT,F,1969,Jennifer,641
CT,F,1969,Kimberly,490
CT,F,1969,Michelle,436
CT,F,1969,Christine,373
CT,F,1969,Susan,369
CT,F,1969,Laura,335
CT,F,1969,Karen,333
CT,F,1969,Elizabeth,319
CT,F,1969,Dawn,303
CT,F,1969,Amy,301
CT,F,1969,Kelly,264
CT,F,1969,Melissa,264
CT,F,1969,Mary,256
CT,F,1969,Patricia,241
CT,F,1969,Heather,235
CT,F,1969,Michele,221
CT,F,1969,Tracy,208
CT,F,1969,Kathleen,205
CT,F,1969,Deborah,204
CT,F,1969,Donna,199
CT,F,1969,Tammy,191
CT,F,1969,Lori,190
CT,F,1969,Julie,181
CT,F,1969,Nancy,176
CT,F,1969,Sandra,176
CT,F,1969,Pamela,172
CT,F,1969,Linda,170
CT,F,1969,Cynthia,169
CT,F,1969,Wendy,164
CT,F,1969,Tina,161
CT,F,1969,Denise,159
CT,F,1969,Cheryl,137
CT,F,1969,Diane,136
CT,F,1969,Catherine,135
CT,F,1969,Maria,133
CT,F,1969,Stephanie,131
CT,F,1969,Sharon,128
CT,F,1969,Robin,125
CT,F,1969,Debra,120
CT,F,1969,Kristen,120
CT,F,1969,Nicole,119
CT,F,1969,Barbara,116
CT,F,1969,Brenda,116
CT,F,1969,Kristin,115
CT,F,1969,Rebecca,114
CT,F,1969,Sarah,113
CT,F,1969,Katherine,112
CT,F,1969,Lynn,111
CT,F,1969,Christina,108
CT,F,1969,Jill,107
CT,F,1969,Laurie,104
CT,F,1969,Andrea,102
CT,F,1969,Kim,102
CT,F,1969,Tracey,102
CT,F,1969,Margaret,101
CT,F,1969,Stacey,100
CT,F,1969,Jacqueline,97
CT,F,1969,Suzanne,97
CT,F,1969,Gina,95
CT,F,1969,Ann,94
CT,F,1969,Carol,94
CT,F,1969,Heidi,93
CT,F,1969,Theresa,93
CT,F,1969,Angela,91
CT,F,1969,Renee,91
CT,F,1969,Carolyn,88
CT,F,1969,Beth,87
CT,F,1969,Carrie,85
CT,F,1969,Dana,85
CT,F,1969,Danielle,84
CT,F,1969,Tara,82
CT,F,1969,Paula,81
CT,F,1969,Colleen,80
CT,F,1969,Rachel,77
CT,F,1969,Leslie,75
CT,F,1969,Kristine,73
CT,F,1969,Holly,72
CT,F,1969,Kathryn,71
CT,F,1969,Diana,70
CT,F,1969,Victoria,68
CT,F,1969,Maureen,65
CT,F,1969,Jessica,64
CT,F,1969,Stacy,64
CT,F,1969,Anna,63
CT,F,1969,Monica,63
CT,F,1969,Teresa,62
CT,F,1969,Shannon,61
CT,F,1969,Janet,60
CT,F,1969,Sheila,57
CT,F,1969,Jodi,56
CT,F,1969,Valerie,56
CT,F,1969,Anne,55
CT,F,1969,Ellen,55
CT,F,1969,Joanne,54
CT,F,1969,Darlene,52
CT,F,1969,Alicia,49
CT,F,1969,Kerry,49
CT,F,1969,Kathy,48
CT,F,1969,Tricia,48
CT,F,1969,Rhonda,47
CT,F,1969,Tanya,47
CT,F,1969,Lauren,46
CT,F,1969,Melanie,46
CT,F,1969,Erin,45
CT,F,1969,Sara,45
CT,F,1969,Deanna,44
CT,F,1969,Marie,44
CT,F,1969,Regina,44
CT,F,1969,April,43
CT,F,1969,Eileen,43
CT,F,1969,Gail,42
CT,F,1969,Sherry,42
CT,F,1969,Bonnie,41
CT,F,1969,Monique,41
CT,F,1969,Veronica,41
CT,F,1969,Carla,39
CT,F,1969,Carmen,39
CT,F,1969,Judith,39
CT,F,1969,Kellie,39
CT,F,1969,Samantha,39
CT,F,1969,Cindy,38
CT,F,1969,Julia,38
CT,F,1969,Allison,37
CT,F,1969,Jane,36
CT,F,1969,Kelley,36
CT,F,1969,Kirsten,36
CT,F,1969,Kristina,36
CT,F,1969,Sherri,36
CT,F,1969,Yolanda,36
CT,F,1969,Janice,35
CT,F,1969,Doreen,34
CT,F,1969,Elaine,34
CT,F,1969,Jean,34
CT,F,1969,Jamie,33
CT,F,1969,Terri,33
CT,F,1969,Traci,33
CT,F,1969,Annette,32
CT,F,1969,Erica,32
CT,F,1969,Kelli,32
CT,F,1969,Melinda,32
CT,F,1969,Wanda,31
CT,F,1969,Charlene,30
CT,F,1969,Sheri,30
CT,F,1969,Alison,28
CT,F,1969,Cathy,28
CT,F,1969,Marisol,28
CT,F,1969,Natalie,28
CT,F,1969,Terry,28
CT,F,1969,Amanda,27
CT,F,1969,Annmarie,27
CT,F,1969,Bridget,27
CT,F,1969,Dina,27
CT,F,1969,Penny,27
CT,F,1969,Jody,26
CT,F,1969,Joyce,26
CT,F,1969,Marilyn,26
CT,F,1969,Rose,26
CT,F,1969,Tamara,26
CT,F,1969,Tonya,26
CT,F,1969,Debbie,25
CT,F,1969,Emily,25
CT,F,1969,Judy,25
CT,F,1969,Karin,25
CT,F,1969,Lynne,25
CT,F,1969,Megan,25
CT,F,1969,Shari,25
CT,F,1969,Alexandra,24
CT,F,1969,Christy,24
CT,F,1969,Gretchen,24
CT,F,1969,Helen,24
CT,F,1969,Joy,24
CT,F,1969,Meredith,24
CT,F,1969,Sally,24
CT,F,1969,Shelley,24
CT,F,1969,Sonia,24
CT,F,1969,Toni,24
CT,F,1969,Virginia,24
CT,F,1969,Adrienne,23
CT,F,1969,Deirdre,23
CT,F,1969,Dorothy,23
CT,F,1969,Kara,23
CT,F,1969,Kimberley,23
CT,F,1969,Maura,23
CT,F,1969,Shirley,23
CT,F,1969,Yvonne,23
CT,F,1969,Claudia,22
CT,F,1969,Felicia,22
CT,F,1969,Joan,22
CT,F,1969,Joann,22
CT,F,1969,Robyn,22
CT,F,1969,Shelly,22
CT,F,1969,Jeanette,21
CT,F,1969,Joanna,21
CT,F,1969,Kari,21
CT,F,1969,Krista,21
CT,F,1969,Lara,21
CT,F,1969,Lee,21
CT,F,1969,Marlene,21
CT,F,1969,Martha,21
CT,F,1969,Roberta,21
CT,F,1969,Rosemary,21
CT,F,1969,Sheryl,21
CT,F,1969,Sonya,21
CT,F,1969,Aimee,20
CT,F,1969,Candace,20
CT,F,1969,Cassandra,20
CT,F,1969,Cathleen,20
CT,F,1969,Deana,20
CT,F,1969,Evelyn,20
CT,F,1969,Frances,20
CT,F,1969,Tammie,20
CT,F,1969,Yvette,20
CT,F,1969,Alisa,19
CT,F,1969,Caroline,19
CT,F,1969,Erika,19
CT,F,1969,Jodie,19
CT,F,1969,Lynda,19
CT,F,1969,Marcia,19
CT,F,1969,Peggy,19
CT,F,1969,Tiffany,19
CT,F,1969,Ana,18
CT,F,1969,Audrey,18
CT,F,1969,Cara,18
CT,F,1969,Crystal,18
CT,F,1969,Dianne,18
CT,F,1969,Katrina,18
CT,F,1969,Lorraine,18
CT,F,1969,Paige,18
CT,F,1969,Courtney,17
CT,F,1969,Gloria,17
CT,F,1969,Hilary,17
CT,F,1969,Irene,17
CT,F,1969,Jeannette,17
CT,F,1969,Leigh,17
CT,F,1969,Rosa,17
CT,F,1969,Tracie,17
CT,F,1969,Vanessa,17
CT,F,1969,Elisa,16
CT,F,1969,Eva,16
CT,F,1969,Lillian,16
CT,F,1969,Luz,16
CT,F,1969,Nadine,16
CT,F,1969,Abigail,15
CT,F,1969,Audra,15
CT,F,1969,Beverly,15
CT,F,1969,Jacquelyn,15
CT,F,1969,Justine,15
CT,F,1969,Katharine,15
CT,F,1969,Marianne,15
CT,F,1969,Rita,15
CT,F,1969,Roxanne,15
CT,F,1969,Ruth,15
CT,F,1969,Trina,15
CT,F,1969,Vicki,15
CT,F,1969,Anita,14
CT,F,1969,Antoinette,14
CT,F,1969,Betsy,14
CT,F,1969,Cherie,14
CT,F,1969,Hope,14
CT,F,1969,Janine,14
CT,F,1969,Josephine,14
CT,F,1969,Laurel,14
CT,F,1969,Louise,14
CT,F,1969,Sabrina,14
CT,F,1969,Alice,13
CT,F,1969,Bernadette,13
CT,F,1969,Dena,13
CT,F,1969,Elisabeth,13
CT,F,1969,Kimberlee,13
CT,F,1969,Kristy,13
CT,F,1969,Leah,13
CT,F,1969,Lucy,13
CT,F,1969,Raquel,13
CT,F,1969,Sherrie,13
CT,F,1969,Susanne,13
CT,F,1969,Trisha,13
CT,F,1969,Celeste,12
CT,F,1969,Christie,12
CT,F,1969,Connie,12
CT,F,1969,Corinne,12
CT,F,1969,Deanne,12
CT,F,1969,Deidre,12
CT,F,1969,Francine,12
CT,F,1969,Gayle,12
CT,F,1969,Grace,12
CT,F,1969,Janette,12
CT,F,1969,Jeanne,12
CT,F,1969,Jo,12
CT,F,1969,Kristi,12
CT,F,1969,Lucinda,12
CT,F,1969,Madeline,12
CT,F,1969,Marcy,12
CT,F,1969,Margarita,12
CT,F,1969,Maribel,12
CT,F,1969,Maryann,12
CT,F,1969,Marybeth,12
CT,F,1969,Miriam,12
CT,F,1969,Ramona,12
CT,F,1969,Ronda,12
CT,F,1969,Alyssa,11
CT,F,1969,Angelina,11
CT,F,1969,Arlene,11
CT,F,1969,Becky,11
CT,F,1969,Carole,11
CT,F,1969,Darcy,11
CT,F,1969,Gwendolyn,11
CT,F,1969,Jeannine,11
CT,F,1969,Kerri,11
CT,F,1969,Lorie,11
CT,F,1969,Lynette,11
CT,F,1969,Marnie,11
CT,F,1969,Rachael,11
CT,F,1969,Stacie,11
CT,F,1969,Teri,11
CT,F,1969,Allyson,10
CT,F,1969,Christa,10
CT,F,1969,Coleen,10
CT,F,1969,Doris,10
CT,F,1969,Elise,10
CT,F,1969,Jeanine,10
CT,F,1969,June,10
CT,F,1969,Karyn,10
CT,F,1969,Loretta,10
CT,F,1969,Marci,10
CT,F,1969,Marsha,10
CT,F,1969,Nina,10
CT,F,1969,Phyllis,10
CT,F,1969,Priscilla,10
CT,F,1969,Rosemarie,10
CT,F,1969,Sandy,10
CT,F,1969,Staci,10
CT,F,1969,Tami,10
CT,F,1969,Tonia,10
CT,F,1969,Vicky,10
CT,F,1969,Amber,9
CT,F,1969,Amelia,9
CT,F,1969,Annemarie,9
CT,F,1969,Ashley,9
CT,F,1969,Candice,9
CT,F,1969,Charlotte,9
CT,F,1969,Cheri,9
CT,F,1969,Dionne,9
CT,F,1969,Iris,9
CT,F,1969,Jackie,9
CT,F,1969,Johanna,9
CT,F,1969,Kendra,9
CT,F,1969,Leanne,9
CT,F,1969,Lora,9
CT,F,1969,Lydia,9
CT,F,1969,Marisa,9
CT,F,1969,Maritza,9
CT,F,1969,Michael,9
CT,F,1969,Noelle,9
CT,F,1969,Rosanne,9
CT,F,1969,Shawn,9
CT,F,1969,Stefanie,9
CT,F,1969,Therese,9
CT,F,1969,Whitney,9
CT,F,1969,Belinda,8
CT,F,1969,Betty,8
CT,F,1969,Carmela,8
CT,F,1969,Cristina,8
CT,F,1969,Daryl,8
CT,F,1969,Debora,8
CT,F,1969,Deena,8
CT,F,1969,Faith,8
CT,F,1969,Gillian,8
CT,F,1969,Ivette,8
CT,F,1969,Jenny,8
CT,F,1969,Joelle,8
CT,F,1969,Juanita,8
CT,F,1969,Julianne,8
CT,F,1969,Keri,8
CT,F,1969,Loriann,8
CT,F,1969,Marjorie,8
CT,F,1969,Marlo,8
CT,F,1969,Maryellen,8
CT,F,1969,Naomi,8
CT,F,1969,Norma,8
CT,F,1969,Pauline,8
CT,F,1969,Penelope,8
CT,F,1969,Robert,8
CT,F,1969,Rosalind,8
CT,F,1969,Sue,8
CT,F,1969,Tammi,8
CT,F,1969,Vivian,8
CT,F,1969,Wendi,8
CT,F,1969,Aida,7
CT,F,1969,Annie,7
CT,F,1969,Antonia,7
CT,F,1969,Bethany,7
CT,F,1969,Billie,7
CT,F,1969,Carey,7
CT,F,1969,Christen,7
CT,F,1969,Dale,7
CT,F,1969,Daniela,7
CT,F,1969,Dolores,7
CT,F,1969,Edith,7
CT,F,1969,Esther,7
CT,F,1969,Florence,7
CT,F,1969,Georgette,7
CT,F,1969,Geraldine,7
CT,F,1969,Gladys,7
CT,F,1969,Jenifer,7
CT,F,1969,Karla,7
CT,F,1969,Kris,7
CT,F,1969,Lauri,7
CT,F,1969,Lenore,7
CT,F,1969,Lesley,7
CT,F,1969,Lorna,7
CT,F,1969,Mona,7
CT,F,1969,Nora,7
CT,F,1969,Patrice,7
CT,F,1969,Polly,7
CT,F,1969,Suzette,7
CT,F,1969,Sylvia,7
CT,F,1969,Tabitha,7
CT,F,1969,Ursula,7
CT,F,1969,Alexis,6
CT,F,1969,Angelique,6
CT,F,1969,Beatriz,6
CT,F,1969,Cameron,6
CT,F,1969,Candy,6
CT,F,1969,Clara,6
CT,F,1969,Clare,6
CT,F,1969,Colette,6
CT,F,1969,Constance,6
CT,F,1969,Daisy,6
CT,F,1969,Damaris,6
CT,F,1969,Desiree,6
CT,F,1969,Dianna,6
CT,F,1969,Dori,6
CT,F,1969,Eleanor,6
CT,F,1969,Emma,6
CT,F,1969,Ingrid,6
CT,F,1969,Jennie,6
CT,F,1969,Juliet,6
CT,F,1969,Karrie,6
CT,F,1969,Keisha,6
CT,F,1969,Kyle,6
CT,F,1969,Lea,6
CT,F,1969,Leona,6
CT,F,1969,Marcella,6
CT,F,1969,Marion,6
CT,F,1969,Marissa,6
CT,F,1969,Mayra,6
CT,F,1969,Milagros,6
CT,F,1969,Mildred,6
CT,F,1969,Myra,6
CT,F,1969,Nichole,6
CT,F,1969,Patty,6
CT,F,1969,Paulette,6
CT,F,1969,Rochelle,6
CT,F,1969,Serena,6
CT,F,1969,Sharlene,6
CT,F,1969,Shawna,6
CT,F,1969,Simone,6
CT,F,1969,Tania,6
CT,F,1969,Tia,6
CT,F,1969,Valarie,6
CT,F,1969,Ada,5
CT,F,1969,Alissa,5
CT,F,1969,Antonietta,5
CT,F,1969,Bertha,5
CT,F,1969,Bethann,5
CT,F,1969,Carlene,5
CT,F,1969,Cecilia,5
CT,F,1969,Chandra,5
CT,F,1969,Chris,5
CT,F,1969,Claire,5
CT,F,1969,Corrine,5
CT,F,1969,Danette,5
CT,F,1969,Dawne,5
CT,F,1969,Dayna,5
CT,F,1969,Deann,5
CT,F,1969,Elena,5
CT,F,1969,Ernestine,5
CT,F,1969,Ethel,5
CT,F,1969,Georgia,5
CT,F,1969,Gia,5
CT,F,1969,Ginger,5
CT,F,1969,Gwen,5
CT,F,1969,Hannah,5
CT,F,1969,Helena,5
CT,F,1969,Hilda,5
CT,F,1969,Hillary,5
CT,F,1969,Isabel,5
CT,F,1969,Janis,5
CT,F,1969,Jaqueline,5
CT,F,1969,Jeannie,5
CT,F,1969,Jessie,5
CT,F,1969,Kathie,5
CT,F,1969,Kristie,5
CT,F,1969,Lana,5
CT,F,1969,Leann,5
CT,F,1969,Lina,5
CT,F,1969,Lisette,5
CT,F,1969,Lissette,5
CT,F,1969,Liza,5
CT,F,1969,Lizette,5
CT,F,1969,Loren,5
CT,F,1969,Lorri,5
CT,F,1969,Lorrie,5
CT,F,1969,Luann,5
CT,F,1969,Lynnette,5
CT,F,1969,Margot,5
CT,F,1969,Marla,5
CT,F,1969,Meg,5
CT,F,1969,Melody,5
CT,F,1969,Migdalia,5
CT,F,1969,Mindy,5
CT,F,1969,Nelida,5
CT,F,1969,Noreen,5
CT,F,1969,Patti,5
CT,F,1969,Rebekah,5
CT,F,1969,Richard,5
CT,F,1969,Rosalie,5
CT,F,1969,Shana,5
CT,F,1969,Sondra,5
CT,F,1969,Sophia,5
CT,F,1969,Stella,5
CT,F,1969,Vera,5
CT,F,1970,Jennifer,826
CT,F,1970,Lisa,578
CT,F,1970,Kimberly,506
CT,F,1970,Michelle,453
CT,F,1970,Christine,354
CT,F,1970,Amy,347
CT,F,1970,Dawn,317
CT,F,1970,Elizabeth,313
CT,F,1970,Melissa,304
CT,F,1970,Susan,304
CT,F,1970,Heather,301
CT,F,1970,Karen,301
CT,F,1970,Tracy,282
CT,F,1970,Laura,277
CT,F,1970,Mary,236
CT,F,1970,Kelly,229
CT,F,1970,Michele,216
CT,F,1970,Tammy,204
CT,F,1970,Kathleen,177
CT,F,1970,Julie,174
CT,F,1970,Patricia,165
CT,F,1970,Deborah,164
CT,F,1970,Lori,164
CT,F,1970,Wendy,158
CT,F,1970,Cynthia,156
CT,F,1970,Donna,154
CT,F,1970,Maria,153
CT,F,1970,Pamela,150
CT,F,1970,Sandra,149
CT,F,1970,Nancy,141
CT,F,1970,Cheryl,139
CT,F,1970,Nicole,139
CT,F,1970,Tina,137
CT,F,1970,Linda,136
CT,F,1970,Sharon,135
CT,F,1970,Stacey,133
CT,F,1970,Kristen,132
CT,F,1970,Denise,131
CT,F,1970,Tracey,130
CT,F,1970,Kristin,128
CT,F,1970,Rebecca,127
CT,F,1970,Stephanie,124
CT,F,1970,Catherine,123
CT,F,1970,Robin,122
CT,F,1970,Andrea,116
CT,F,1970,Barbara,116
CT,F,1970,Angela,115
CT,F,1970,Shannon,114
CT,F,1970,Sarah,110
CT,F,1970,Jessica,103
CT,F,1970,Katherine,103
CT,F,1970,Suzanne,103
CT,F,1970,Rachel,102
CT,F,1970,Debra,101
CT,F,1970,Diane,101
CT,F,1970,Christina,100
CT,F,1970,Ann,99
CT,F,1970,Jill,99
CT,F,1970,Heidi,98
CT,F,1970,Gina,95
CT,F,1970,Brenda,92
CT,F,1970,Margaret,92
CT,F,1970,Beth,91
CT,F,1970,Renee,90
CT,F,1970,Theresa,88
CT,F,1970,Dana,87
CT,F,1970,Lynn,85
CT,F,1970,Tara,85
CT,F,1970,Stacy,84
CT,F,1970,Danielle,83
CT,F,1970,Kim,83
CT,F,1970,Laurie,82
CT,F,1970,Carrie,80
CT,F,1970,Victoria,79
CT,F,1970,Holly,78
CT,F,1970,Leslie,78
CT,F,1970,Jacqueline,77
CT,F,1970,Kristine,74
CT,F,1970,Carol,72
CT,F,1970,Maureen,68
CT,F,1970,Anne,65
CT,F,1970,Sherry,64
CT,F,1970,Tanya,64
CT,F,1970,Allison,63
CT,F,1970,Diana,62
CT,F,1970,Melanie,62
CT,F,1970,Paula,61
CT,F,1970,Alison,60
CT,F,1970,Erin,59
CT,F,1970,Jodi,59
CT,F,1970,Valerie,59
CT,F,1970,Colleen,58
CT,F,1970,Joanne,58
CT,F,1970,Kathryn,57
CT,F,1970,Janet,56
CT,F,1970,Bonnie,54
CT,F,1970,Cindy,54
CT,F,1970,Carolyn,53
CT,F,1970,Krista,53
CT,F,1970,Sheila,53
CT,F,1970,Deanna,51
CT,F,1970,Tricia,50
CT,F,1970,Judith,49
CT,F,1970,Teresa,49
CT,F,1970,Yolanda,49
CT,F,1970,Carla,48
CT,F,1970,Marie,47
CT,F,1970,Anna,44
CT,F,1970,Eileen,44
CT,F,1970,April,43
CT,F,1970,Kristina,43
CT,F,1970,Tonya,43
CT,F,1970,Traci,43
CT,F,1970,Kellie,41
CT,F,1970,Amanda,40
CT,F,1970,Darlene,40
CT,F,1970,Ellen,40
CT,F,1970,Jean,40
CT,F,1970,Carmen,39
CT,F,1970,Julia,39
CT,F,1970,Monica,39
CT,F,1970,Wanda,39
CT,F,1970,Alicia,38
CT,F,1970,Kerry,38
CT,F,1970,Erica,37
CT,F,1970,Jody,37
CT,F,1970,Marisol,37
CT,F,1970,Sheri,37
CT,F,1970,Caroline,36
CT,F,1970,Charlene,35
CT,F,1970,Lauren,34
CT,F,1970,Sherri,34
CT,F,1970,Kelley,33
CT,F,1970,Megan,33
CT,F,1970,Rhonda,33
CT,F,1970,Sonia,33
CT,F,1970,Tamara,33
CT,F,1970,Tracie,33
CT,F,1970,Kathy,32
CT,F,1970,Regina,32
CT,F,1970,Dina,30
CT,F,1970,Jamie,30
CT,F,1970,Jane,30
CT,F,1970,Ruth,30
CT,F,1970,Emily,29
CT,F,1970,Kara,29
CT,F,1970,Kirsten,29
CT,F,1970,Meredith,29
CT,F,1970,Monique,29
CT,F,1970,Samantha,29
CT,F,1970,Elaine,28
CT,F,1970,Terri,28
CT,F,1970,Yvette,28
CT,F,1970,Cathy,27
CT,F,1970,Doreen,27
CT,F,1970,Erika,27
CT,F,1970,Gail,27
CT,F,1970,Janice,27
CT,F,1970,Sara,27
CT,F,1970,Gretchen,26
CT,F,1970,Karin,26
CT,F,1970,Rosa,26
CT,F,1970,Annmarie,25
CT,F,1970,Cassandra,25
CT,F,1970,Crystal,25
CT,F,1970,Evelyn,25
CT,F,1970,Penny,25
CT,F,1970,Jeanne,24
CT,F,1970,Kimberley,24
CT,F,1970,Melinda,24
CT,F,1970,Natalie,24
CT,F,1970,Virginia,24
CT,F,1970,Anita,23
CT,F,1970,Dorothy,23
CT,F,1970,Marilyn,23
CT,F,1970,Rose,23
CT,F,1970,Sheryl,23
CT,F,1970,Vanessa,23
CT,F,1970,Yvonne,23
CT,F,1970,Annette,22
CT,F,1970,Cherie,22
CT,F,1970,Frances,22
CT,F,1970,Irene,22
CT,F,1970,Joy,22
CT,F,1970,Joyce,22
CT,F,1970,Rachael,22
CT,F,1970,Beverly,21
CT,F,1970,Kelli,21
CT,F,1970,Marcia,21
CT,F,1970,Cathleen,20
CT,F,1970,Christy,20
CT,F,1970,Janine,20
CT,F,1970,Leigh,20
CT,F,1970,Tiffany,20
CT,F,1970,Veronica,20
CT,F,1970,Aimee,19
CT,F,1970,Alisa,19
CT,F,1970,Helen,19
CT,F,1970,Joann,19
CT,F,1970,Peggy,19
CT,F,1970,Roberta,19
CT,F,1970,Shari,19
CT,F,1970,Shawn,19
CT,F,1970,Shelly,19
CT,F,1970,Toni,19
CT,F,1970,Alexandra,18
CT,F,1970,Jeanette,18
CT,F,1970,Joan,18
CT,F,1970,Lynne,18
CT,F,1970,Marlene,18
CT,F,1970,Maura,18
CT,F,1970,Meghan,18
CT,F,1970,Natasha,18
CT,F,1970,Alice,17
CT,F,1970,Ana,17
CT,F,1970,Bridget,17
CT,F,1970,Jeanine,17
CT,F,1970,Jenny,17
CT,F,1970,Marjorie,17
CT,F,1970,Sally,17
CT,F,1970,Shelley,17
CT,F,1970,Stacie,17
CT,F,1970,Terry,17
CT,F,1970,Trina,17
CT,F,1970,Candace,16
CT,F,1970,Claudia,16
CT,F,1970,Felicia,16
CT,F,1970,Joanna,16
CT,F,1970,Katharine,16
CT,F,1970,Katrina,16
CT,F,1970,Marsha,16
CT,F,1970,Audra,15
CT,F,1970,Audrey,15
CT,F,1970,Belinda,15
CT,F,1970,Brooke,15
CT,F,1970,Christa,15
CT,F,1970,Darcy,15
CT,F,1970,Eva,15
CT,F,1970,Hilary,15
CT,F,1970,Hope,15
CT,F,1970,Iris,15
CT,F,1970,Kristi,15
CT,F,1970,Kristie,15
CT,F,1970,Madeline,15
CT,F,1970,Marci,15
CT,F,1970,Maribel,15
CT,F,1970,Maryann,15
CT,F,1970,Rosemary,15
CT,F,1970,Shirley,15
CT,F,1970,Tania,15
CT,F,1970,Arlene,14
CT,F,1970,Cara,14
CT,F,1970,Charlotte,14
CT,F,1970,Courtney,14
CT,F,1970,Dianne,14
CT,F,1970,Jeannine,14
CT,F,1970,Josephine,14
CT,F,1970,Lara,14
CT,F,1970,Lorraine,14
CT,F,1970,Louise,14
CT,F,1970,Marianne,14
CT,F,1970,Paige,14
CT,F,1970,Robyn,14
CT,F,1970,Adrienne,13
CT,F,1970,Annemarie,13
CT,F,1970,Connie,13
CT,F,1970,Debbie,13
CT,F,1970,Deidre,13
CT,F,1970,Gladys,13
CT,F,1970,Jodie,13
CT,F,1970,Judy,13
CT,F,1970,Kerri,13
CT,F,1970,Lee,13
CT,F,1970,Lesley,13
CT,F,1970,Martha,13
CT,F,1970,Molly,13
CT,F,1970,Naomi,13
CT,F,1970,Priscilla,13
CT,F,1970,Raquel,13
CT,F,1970,Sabrina,13
CT,F,1970,Stefanie,13
CT,F,1970,Teri,13
CT,F,1970,Vicki,13
CT,F,1970,Angel,12
CT,F,1970,Becky,12
CT,F,1970,Coleen,12
CT,F,1970,Deana,12
CT,F,1970,Dianna,12
CT,F,1970,Jeannette,12
CT,F,1970,June,12
CT,F,1970,Kari,12
CT,F,1970,Kendra,12
CT,F,1970,Leah,12
CT,F,1970,Lisette,12
CT,F,1970,Lucy,12
CT,F,1970,Pauline,12
CT,F,1970,Roxanne,12
CT,F,1970,Tami,12
CT,F,1970,Betty,11
CT,F,1970,Dena,11
CT,F,1970,Desiree,11
CT,F,1970,Elisabeth,11
CT,F,1970,Faith,11
CT,F,1970,Gayle,11
CT,F,1970,Gloria,11
CT,F,1970,Ingrid,11
CT,F,1970,Jacquelyn,11
CT,F,1970,Johanna,11
CT,F,1970,Julianne,11
CT,F,1970,Keri,11
CT,F,1970,Lillian,11
CT,F,1970,Nadine,11
CT,F,1970,Norma,11
CT,F,1970,Paulette,11
CT,F,1970,Sonya,11
CT,F,1970,Susanne,11
CT,F,1970,Trisha,11
CT,F,1970,Bernadette,10
CT,F,1970,Bethany,10
CT,F,1970,Christie,10
CT,F,1970,Francine,10
CT,F,1970,Ivette,10
CT,F,1970,Karyn,10
CT,F,1970,Keisha,10
CT,F,1970,Lissette,10
CT,F,1970,Luz,10
CT,F,1970,Margarita,10
CT,F,1970,Rita,10
CT,F,1970,Rosemarie,10
CT,F,1970,Tabitha,10
CT,F,1970,Tammie,10
CT,F,1970,Therese,10
CT,F,1970,Wendi,10
CT,F,1970,Allyson,9
CT,F,1970,Angelina,9
CT,F,1970,Ashley,9
CT,F,1970,Billie,9
CT,F,1970,Chandra,9
CT,F,1970,Chris,9
CT,F,1970,Constance,9
CT,F,1970,Deirdre,9
CT,F,1970,Doris,9
CT,F,1970,Elena,9
CT,F,1970,Elise,9
CT,F,1970,Elissa,9
CT,F,1970,Grace,9
CT,F,1970,Gwendolyn,9
CT,F,1970,Jenifer,9
CT,F,1970,Jocelyn,9
CT,F,1970,Juanita,9
CT,F,1970,Kenya,9
CT,F,1970,Kerrie,9
CT,F,1970,Kristy,9
CT,F,1970,Leanne,9
CT,F,1970,Lucia,9
CT,F,1970,Lynette,9
CT,F,1970,Marcie,9
CT,F,1970,Maritza,9
CT,F,1970,Marnie,9
CT,F,1970,Nichole,9
CT,F,1970,Nina,9
CT,F,1970,Rochelle,9
CT,F,1970,Bernice,8
CT,F,1970,Betsy,8
CT,F,1970,Carey,8
CT,F,1970,Corinna,8
CT,F,1970,Dolores,8
CT,F,1970,Gabrielle,8
CT,F,1970,Jackie,8
CT,F,1970,Jennie,8
CT,F,1970,Jo,8
CT,F,1970,Joelle,8
CT,F,1970,John,8
CT,F,1970,Karrie,8
CT,F,1970,Kate,8
CT,F,1970,Kimberlee,8
CT,F,1970,Lauri,8
CT,F,1970,Lena,8
CT,F,1970,Lorrie,8
CT,F,1970,Marguerite,8
CT,F,1970,Marlo,8
CT,F,1970,Maryellen,8
CT,F,1970,Melody,8
CT,F,1970,Sherrie,8
CT,F,1970,Sylvia,8
CT,F,1970,Tasha,8
CT,F,1970,Tia,8
CT,F,1970,Valarie,8
CT,F,1970,Wilma,8
CT,F,1970,Amie,7
CT,F,1970,Anissa,7
CT,F,1970,Bridgette,7
CT,F,1970,Camille,7
CT,F,1970,Candice,7
CT,F,1970,Celeste,7
CT,F,1970,Cheri,7
CT,F,1970,Claire,7
CT,F,1970,Corinne,7
CT,F,1970,Cristina,7
CT,F,1970,Daisy,7
CT,F,1970,Debora,7
CT,F,1970,Delores,7
CT,F,1970,Elisa,7
CT,F,1970,Greta,7
CT,F,1970,Hillary,7
CT,F,1970,Juliet,7
CT,F,1970,Karla,7
CT,F,1970,Katie,7
CT,F,1970,Latonya,7
CT,F,1970,Lois,7
CT,F,1970,Lora,7
CT,F,1970,Lydia,7
CT,F,1970,Marion,7
CT,F,1970,Meg,7
CT,F,1970,Melisa,7
CT,F,1970,Milagros,7
CT,F,1970,Miriam,7
CT,F,1970,Myra,7
CT,F,1970,Nicolle,7
CT,F,1970,Patti,7
CT,F,1970,Penelope,7
CT,F,1970,Shana,7
CT,F,1970,Shauna,7
CT,F,1970,Shawna,7
CT,F,1970,Sonja,7
CT,F,1970,Tammi,7
CT,F,1970,Tonia,7
CT,F,1970,Vicky,7
CT,F,1970,Abigail,6
CT,F,1970,Aida,6
CT,F,1970,Alexis,6
CT,F,1970,Alyssa,6
CT,F,1970,Annie,6
CT,F,1970,Candy,6
CT,F,1970,Carole,6
CT,F,1970,Claudine,6
CT,F,1970,Dara,6
CT,F,1970,Ericka,6
CT,F,1970,Francesca,6
CT,F,1970,Ginger,6
CT,F,1970,Gwen,6
CT,F,1970,Jayne,6
CT,F,1970,Jeanna,6
CT,F,1970,Juliann,6
CT,F,1970,Justine,6
CT,F,1970,Karri,6
CT,F,1970,Kris,6
CT,F,1970,Kristan,6
CT,F,1970,Laurel,6
CT,F,1970,Lea,6
CT,F,1970,Lia,6
CT,F,1970,Lily,6
CT,F,1970,Liza,6
CT,F,1970,Loren,6
CT,F,1970,Loretta,6
CT,F,1970,Lorie,6
CT,F,1970,Lynda,6
CT,F,1970,Marcella,6
CT,F,1970,Marcy,6
CT,F,1970,Marisa,6
CT,F,1970,Marissa,6
CT,F,1970,Marla,6
CT,F,1970,Marylou,6
CT,F,1970,Migdalia,6
CT,F,1970,Mildred,6
CT,F,1970,Mindy,6
CT,F,1970,Noel,6
CT,F,1970,Noelle,6
CT,F,1970,Pia,6
CT,F,1970,Rachelle,6
CT,F,1970,Rebekah,6
CT,F,1970,Sandy,6
CT,F,1970,Scott,6
CT,F,1970,Shonda,6
CT,F,1970,Simone,6
CT,F,1970,Tori,6
CT,F,1970,Vera,6
CT,F,1970,Vivian,6
CT,F,1970,Whitney,6
CT,F,1970,Alma,5
CT,F,1970,Amber,5
CT,F,1970,Angeline,5
CT,F,1970,Antoinette,5
CT,F,1970,Bobbi,5
CT,F,1970,Bobbie,5
CT,F,1970,Bridgett,5
CT,F,1970,Brigitte,5
CT,F,1970,Britt,5
CT,F,1970,Buffy,5
CT,F,1970,Carmela,5
CT,F,1970,Caryn,5
CT,F,1970,Caterina,5
CT,F,1970,Christen,5
CT,F,1970,Chrystal,5
CT,F,1970,Cristin,5
CT,F,1970,Damaris,5
CT,F,1970,Dayna,5
CT,F,1970,Deena,5
CT,F,1970,Dionne,5
CT,F,1970,Edith,5
CT,F,1970,Eugenia,5
CT,F,1970,Evette,5
CT,F,1970,Fatima,5
CT,F,1970,Florence,5
CT,F,1970,Geneva,5
CT,F,1970,Geraldine,5
CT,F,1970,Gillian,5
CT,F,1970,Isabel,5
CT,F,1970,Ivy,5
CT,F,1970,Jessie,5
CT,F,1970,Kyle,5
CT,F,1970,Lana,5
CT,F,1970,Laurieann,5
CT,F,1970,Loriann,5
CT,F,1970,Lynnette,5
CT,F,1970,Margo,5
CT,F,1970,Marina,5
CT,F,1970,Maxine,5
CT,F,1970,Meridith,5
CT,F,1970,Mia,5
CT,F,1970,Moira,5
CT,F,1970,Mona,5
CT,F,1970,Patrice,5
CT,F,1970,Phyllis,5
CT,F,1970,Rene,5
CT,F,1970,Robbin,5
CT,F,1970,Rosanna,5
CT,F,1970,Shannan,5
CT,F,1970,Staci,5
CT,F,1970,Stella,5
CT,F,1970,Tabatha,5
CT,F,1970,Tonja,5
CT,F,1970,Vickie,5
CT,F,1970,Zoraida,5
CT,F,1971,Jennifer,1007
CT,F,1971,Lisa,488
CT,F,1971,Kimberly,435
CT,F,1971,Michelle,378
CT,F,1971,Amy,323
CT,F,1971,Christine,291
CT,F,1971,Melissa,291
CT,F,1971,Susan,257
CT,F,1971,Elizabeth,249
CT,F,1971,Karen,248
CT,F,1971,Dawn,240
CT,F,1971,Heather,239
CT,F,1971,Tammy,209
CT,F,1971,Tracy,203
CT,F,1971,Mary,197
CT,F,1971,Kelly,185
CT,F,1971,Laura,183
CT,F,1971,Deborah,171
CT,F,1971,Michele,167
CT,F,1971,Pamela,158
CT,F,1971,Cynthia,156
CT,F,1971,Kathleen,154
CT,F,1971,Julie,151
CT,F,1971,Nicole,148
CT,F,1971,Lori,145
CT,F,1971,Rebecca,143
CT,F,1971,Sandra,142
CT,F,1971,Wendy,133
CT,F,1971,Tina,128
CT,F,1971,Maria,127
CT,F,1971,Patricia,127
CT,F,1971,Stacey,127
CT,F,1971,Shannon,126
CT,F,1971,Sarah,124
CT,F,1971,Denise,120
CT,F,1971,Kristen,120
CT,F,1971,Stephanie,119
CT,F,1971,Nancy,117
CT,F,1971,Andrea,113
CT,F,1971,Kristin,111
CT,F,1971,Donna,110
CT,F,1971,Jessica,110
CT,F,1971,Christina,104
CT,F,1971,Cheryl,102
CT,F,1971,Sharon,102
CT,F,1971,Tracey,93
CT,F,1971,Heidi,91
CT,F,1971,Angela,90
CT,F,1971,Debra,90
CT,F,1971,Diane,90
CT,F,1971,Stacy,90
CT,F,1971,Dana,89
CT,F,1971,Lynn,89
CT,F,1971,Danielle,88
CT,F,1971,Carrie,87
CT,F,1971,Linda,86
CT,F,1971,Robin,86
CT,F,1971,Catherine,84
CT,F,1971,Suzanne,83
CT,F,1971,Jill,82
CT,F,1971,Katherine,82
CT,F,1971,Holly,81
CT,F,1971,Rachel,81
CT,F,1971,Gina,79
CT,F,1971,Tara,79
CT,F,1971,Laurie,77
CT,F,1971,Theresa,77
CT,F,1971,Melanie,74
CT,F,1971,Ann,73
CT,F,1971,Colleen,72
CT,F,1971,Alison,70
CT,F,1971,Tanya,70
CT,F,1971,Brenda,69
CT,F,1971,Allison,67
CT,F,1971,Beth,67
CT,F,1971,Kim,67
CT,F,1971,Leslie,67
CT,F,1971,Barbara,66
CT,F,1971,Jacqueline,65
CT,F,1971,Cindy,64
CT,F,1971,Victoria,64
CT,F,1971,Paula,60
CT,F,1971,Margaret,59
CT,F,1971,Tricia,58
CT,F,1971,Kathryn,57
CT,F,1971,Diana,56
CT,F,1971,Renee,56
CT,F,1971,Kerry,54
CT,F,1971,Anne,53
CT,F,1971,Kristine,53
CT,F,1971,Monica,53
CT,F,1971,Erin,52
CT,F,1971,Valerie,52
CT,F,1971,Krista,51
CT,F,1971,Alicia,50
CT,F,1971,Jodi,50
CT,F,1971,Amanda,48
CT,F,1971,Anna,48
CT,F,1971,Carolyn,48
CT,F,1971,Lauren,48
CT,F,1971,Maureen,47
CT,F,1971,Joanne,44
CT,F,1971,April,43
CT,F,1971,Erica,43
CT,F,1971,Marisol,43
CT,F,1971,Sheila,43
CT,F,1971,Carol,41
CT,F,1971,Sara,41
CT,F,1971,Janet,39
CT,F,1971,Megan,38
CT,F,1971,Sherry,38
CT,F,1971,Teresa,38
CT,F,1971,Aimee,37
CT,F,1971,Jean,37
CT,F,1971,Meredith,37
CT,F,1971,Marie,36
CT,F,1971,Tamara,36
CT,F,1971,Bonnie,35
CT,F,1971,Deanna,35
CT,F,1971,Samantha,35
CT,F,1971,Monique,34
CT,F,1971,Emily,33
CT,F,1971,Erika,33
CT,F,1971,Janice,33
CT,F,1971,Rhonda,33
CT,F,1971,Ellen,32
CT,F,1971,Evelyn,32
CT,F,1971,Sonia,32
CT,F,1971,Yolanda,32
CT,F,1971,Kathy,31
CT,F,1971,Melinda,31
CT,F,1971,Wanda,31
CT,F,1971,Jamie,30
CT,F,1971,Tiffany,30
CT,F,1971,Tonya,30
CT,F,1971,Vanessa,30
CT,F,1971,Carmen,29
CT,F,1971,Cassandra,29
CT,F,1971,Crystal,29
CT,F,1971,Darlene,29
CT,F,1971,Sherri,29
CT,F,1971,Jody,28
CT,F,1971,Kristina,28
CT,F,1971,Kerri,27
CT,F,1971,Charlene,26
CT,F,1971,Eileen,26
CT,F,1971,Marcy,26
CT,F,1971,Shelley,26
CT,F,1971,Traci,26
CT,F,1971,Carla,25
CT,F,1971,Sheri,25
CT,F,1971,Terri,25
CT,F,1971,Cathy,24
CT,F,1971,Anita,23
CT,F,1971,Annette,23
CT,F,1971,Elaine,23
CT,F,1971,Judith,23
CT,F,1971,Julia,23
CT,F,1971,Kara,23
CT,F,1971,Marilyn,23
CT,F,1971,Regina,23
CT,F,1971,Alice,22
CT,F,1971,Christa,22
CT,F,1971,Dorothy,22
CT,F,1971,Lesley,22
CT,F,1971,Lorraine,22
CT,F,1971,Stacie,22
CT,F,1971,Christy,21
CT,F,1971,Darcy,21
CT,F,1971,Felicia,21
CT,F,1971,Joy,21
CT,F,1971,Natalie,21
CT,F,1971,Caroline,20
CT,F,1971,Hope,20
CT,F,1971,Jenny,20
CT,F,1971,Jodie,20
CT,F,1971,Kelli,20
CT,F,1971,Maura,20
CT,F,1971,Sonya,20
CT,F,1971,Tracie,20
CT,F,1971,Debbie,19
CT,F,1971,Doreen,19
CT,F,1971,Gail,19
CT,F,1971,Gretchen,19
CT,F,1971,Joyce,19
CT,F,1971,Katrina,19
CT,F,1971,Martha,19
CT,F,1971,Penny,19
CT,F,1971,Rose,19
CT,F,1971,Veronica,19
CT,F,1971,Virginia,19
CT,F,1971,Alexandra,18
CT,F,1971,Bernadette,18
CT,F,1971,Bridget,18
CT,F,1971,Brooke,18
CT,F,1971,Helen,18
CT,F,1971,Judy,18
CT,F,1971,Kirsten,18
CT,F,1971,Robyn,18
CT,F,1971,Ruth,18
CT,F,1971,Sally,18
CT,F,1971,Shelly,18
CT,F,1971,Trina,18
CT,F,1971,Courtney,17
CT,F,1971,Irene,17
CT,F,1971,Kimberley,17
CT,F,1971,Lara,17
CT,F,1971,Leigh,17
CT,F,1971,Maritza,17
CT,F,1971,Sabrina,17
CT,F,1971,Audra,16
CT,F,1971,Betsy,16
CT,F,1971,Cara,16
CT,F,1971,Cathleen,16
CT,F,1971,Cristina,16
CT,F,1971,Gloria,16
CT,F,1971,Joann,16
CT,F,1971,Kellie,16
CT,F,1971,Lillian,16
CT,F,1971,Marci,16
CT,F,1971,Roxanne,16
CT,F,1971,Cheri,15
CT,F,1971,Claudia,15
CT,F,1971,Eva,15
CT,F,1971,Jane,15
CT,F,1971,Jeanette,15
CT,F,1971,Joan,15
CT,F,1971,Joanna,15
CT,F,1971,Kelley,15
CT,F,1971,Leah,15
CT,F,1971,Maryann,15
CT,F,1971,Rosemary,15
CT,F,1971,Stefanie,15
CT,F,1971,Toni,15
CT,F,1971,Vicki,15
CT,F,1971,Antoinette,14
CT,F,1971,Audrey,14
CT,F,1971,Candace,14
CT,F,1971,Cherie,14
CT,F,1971,Deana,14
CT,F,1971,Dina,14
CT,F,1971,Frances,14
CT,F,1971,Hilary,14
CT,F,1971,Iris,14
CT,F,1971,Jenifer,14
CT,F,1971,Keri,14
CT,F,1971,Luz,14
CT,F,1971,Lynne,14
CT,F,1971,Marlene,14
CT,F,1971,Melody,14
CT,F,1971,Natasha,14
CT,F,1971,Rochelle,14
CT,F,1971,Ana,13
CT,F,1971,Belinda,13
CT,F,1971,Francine,13
CT,F,1971,Jacquelyn,13
CT,F,1971,Karin,13
CT,F,1971,Lynda,13
CT,F,1971,Nina,13
CT,F,1971,Rachael,13
CT,F,1971,Shirley,13
CT,F,1971,Tania,13
CT,F,1971,Terry,13
CT,F,1971,Adrienne,12
CT,F,1971,Alisa,12
CT,F,1971,Alyssa,12
CT,F,1971,Annmarie,12
CT,F,1971,Becky,12
CT,F,1971,Dianne,12
CT,F,1971,Elisa,12
CT,F,1971,Ericka,12
CT,F,1971,Faith,12
CT,F,1971,Janine,12
CT,F,1971,Kari,12
CT,F,1971,Kristi,12
CT,F,1971,Louise,12
CT,F,1971,Marianne,12
CT,F,1971,Nadine,12
CT,F,1971,Shawn,12
CT,F,1971,Staci,12
CT,F,1971,Tasha,12
CT,F,1971,Yvette,12
CT,F,1971,Beverly,11
CT,F,1971,Candice,11
CT,F,1971,Carey,11
CT,F,1971,Jeannine,11
CT,F,1971,Katharine,11
CT,F,1971,Katie,11
CT,F,1971,Keisha,11
CT,F,1971,Kendra,11
CT,F,1971,Kristie,11
CT,F,1971,Meghan,11
CT,F,1971,Mildred,11
CT,F,1971,Nikki,11
CT,F,1971,Sandy,11
CT,F,1971,Shari,11
CT,F,1971,Sheryl,11
CT,F,1971,Tabitha,11
CT,F,1971,Wendi,11
CT,F,1971,Bethany,10
CT,F,1971,Betty,10
CT,F,1971,Claire,10
CT,F,1971,Dena,10
CT,F,1971,Desiree,10
CT,F,1971,Doris,10
CT,F,1971,Gladys,10
CT,F,1971,Jeanne,10
CT,F,1971,Jeannette,10
CT,F,1971,Jennie,10
CT,F,1971,Karla,10
CT,F,1971,Lora,10
CT,F,1971,Lucy,10
CT,F,1971,Marcia,10
CT,F,1971,Maribel,10
CT,F,1971,Marisa,10
CT,F,1971,Marlo,10
CT,F,1971,Nichole,10
CT,F,1971,Olga,10
CT,F,1971,Rita,10
CT,F,1971,Susanne,10
CT,F,1971,Yvonne,10
CT,F,1971,Amber,9
CT,F,1971,Amie,9
CT,F,1971,Angelina,9
CT,F,1971,Arlene,9
CT,F,1971,Celeste,9
CT,F,1971,Connie,9
CT,F,1971,Daisy,9
CT,F,1971,Gwendolyn,9
CT,F,1971,Jocelyn,9
CT,F,1971,Johanna,9
CT,F,1971,Karyn,9
CT,F,1971,Kimberlee,9
CT,F,1971,Kristy,9
CT,F,1971,Liza,9
CT,F,1971,Loretta,9
CT,F,1971,Madeline,9
CT,F,1971,Naomi,9
CT,F,1971,Peggy,9
CT,F,1971,Priscilla,9
CT,F,1971,Roberta,9
CT,F,1971,Sue,9
CT,F,1971,Tami,9
CT,F,1971,Tammie,9
CT,F,1971,Teri,9
CT,F,1971,Abigail,8
CT,F,1971,Angel,8
CT,F,1971,Ashley,8
CT,F,1971,Charlotte,8
CT,F,1971,Dale,8
CT,F,1971,Daphne,8
CT,F,1971,Debora,8
CT,F,1971,Deirdre,8
CT,F,1971,Elena,8
CT,F,1971,Isabel,8
CT,F,1971,Ivette,8
CT,F,1971,Jeanine,8
CT,F,1971,Leanne,8
CT,F,1971,Lenore,8
CT,F,1971,Lorie,8
CT,F,1971,Lucia,8
CT,F,1971,Lydia,8
CT,F,1971,Marcella,8
CT,F,1971,Marjorie,8
CT,F,1971,Marnie,8
CT,F,1971,Norma,8
CT,F,1971,Pauline,8
CT,F,1971,Ramona,8
CT,F,1971,Raquel,8
CT,F,1971,Rosa,8
CT,F,1971,Rosemarie,8
CT,F,1971,Serena,8
CT,F,1971,Sylvia,8
CT,F,1971,Tanisha,8
CT,F,1971,Tisha,8
CT,F,1971,Tonia,8
CT,F,1971,Whitney,8
CT,F,1971,Yesenia,8
CT,F,1971,Alanna,7
CT,F,1971,Allyson,7
CT,F,1971,Alyson,7
CT,F,1971,Annamaria,7
CT,F,1971,Annie,7
CT,F,1971,Beatrice,7
CT,F,1971,Demetria,7
CT,F,1971,Edna,7
CT,F,1971,Ginger,7
CT,F,1971,Grace,7
CT,F,1971,Helena,7
CT,F,1971,Josephine,7
CT,F,1971,Julianne,7
CT,F,1971,Karrie,7
CT,F,1971,Kyle,7
CT,F,1971,Latisha,7
CT,F,1971,Laurel,7
CT,F,1971,Lee,7
CT,F,1971,Leticia,7
CT,F,1971,Lucille,7
CT,F,1971,Lyn,7
CT,F,1971,Lynette,7
CT,F,1971,Magaly,7
CT,F,1971,Marcie,7
CT,F,1971,Margarita,7
CT,F,1971,Marion,7
CT,F,1971,Maryellen,7
CT,F,1971,Noelle,7
CT,F,1971,Paige,7
CT,F,1971,Phyllis,7
CT,F,1971,Sondra,7
CT,F,1971,Tia,7
CT,F,1971,Tyra,7
CT,F,1971,Vivian,7
CT,F,1971,Adriana,6
CT,F,1971,Alexis,6
CT,F,1971,Alisha,6
CT,F,1971,Alissa,6
CT,F,1971,Billie,6
CT,F,1971,Bobbi,6
CT,F,1971,Brigitte,6
CT,F,1971,Christie,6
CT,F,1971,Colette,6
CT,F,1971,Constance,6
CT,F,1971,Corinne,6
CT,F,1971,Damaris,6
CT,F,1971,Daniela,6
CT,F,1971,Darcie,6
CT,F,1971,Dawne,6
CT,F,1971,Dionne,6
CT,F,1971,Eleanor,6
CT,F,1971,Elisabeth,6
CT,F,1971,Gabrielle,6
CT,F,1971,Gayle,6
CT,F,1971,Ingrid,6
CT,F,1971,Joelle,6
CT,F,1971,Josie,6
CT,F,1971,Lea,6
CT,F,1971,Mara,6
CT,F,1971,Marybeth,6
CT,F,1971,Mayra,6
CT,F,1971,Michael,6
CT,F,1971,Mindy,6
CT,F,1971,Miriam,6
CT,F,1971,Molly,6
CT,F,1971,Nichelle,6
CT,F,1971,Noel,6
CT,F,1971,Olivia,6
CT,F,1971,Paulette,6
CT,F,1971,Rebekah,6
CT,F,1971,Sherrie,6
CT,F,1971,Tammi,6
CT,F,1971,Tawana,6
CT,F,1971,Amelia,5
CT,F,1971,Anastasia,5
CT,F,1971,Angelique,5
CT,F,1971,Anissa,5
CT,F,1971,Annemarie,5
CT,F,1971,Blanca,5
CT,F,1971,Bobbie,5
CT,F,1971,Candida,5
CT,F,1971,Candy,5
CT,F,1971,Carole,5
CT,F,1971,Chandra,5
CT,F,1971,Chantel,5
CT,F,1971,Cherise,5
CT,F,1971,Christiane,5
CT,F,1971,Claudine,5
CT,F,1971,Dara,5
CT,F,1971,Darci,5
CT,F,1971,Dayna,5
CT,F,1971,Deena,5
CT,F,1971,Dolores,5
CT,F,1971,Elise,5
CT,F,1971,Eliza,5
CT,F,1971,Georgette,5
CT,F,1971,Georgia,5
CT,F,1971,Giovanna,5
CT,F,1971,Hillary,5
CT,F,1971,Jackie,5
CT,F,1971,Jaime,5
CT,F,1971,Jami,5
CT,F,1971,Jana,5
CT,F,1971,John,5
CT,F,1971,Justine,5
CT,F,1971,Kenya,5
CT,F,1971,Kisha,5
CT,F,1971,Kris,5
CT,F,1971,Kyla,5
CT,F,1971,Latasha,5
CT,F,1971,Leeann,5
CT,F,1971,Lissette,5
CT,F,1971,Lois,5
CT,F,1971,Lorri,5
CT,F,1971,Lorrie,5
CT,F,1971,Lucinda,5
CT,F,1971,Maggie,5
CT,F,1971,Marla,5
CT,F,1971,Marsha,5
CT,F,1971,Maryanne,5
CT,F,1971,Pia,5
CT,F,1971,Randi,5
CT,F,1971,Ronda,5
CT,F,1971,Rosalie,5
CT,F,1971,Rosanna,5
CT,F,1971,Shana,5
CT,F,1971,Shaun,5
CT,F,1971,Shelby,5
CT,F,1971,Shonda,5
CT,F,1971,Sonja,5
CT,F,1971,Suzette,5
CT,F,1971,Tori,5
CT,F,1971,Trisha,5
CT,F,1971,Trista,5
CT,F,1971,Twana,5
CT,F,1971,Vera,5
CT,F,1972,Jennifer,1038
CT,F,1972,Lisa,392
CT,F,1972,Michelle,370
CT,F,1972,Amy,347
CT,F,1972,Kimberly,345
CT,F,1972,Melissa,284
CT,F,1972,Heather,256
CT,F,1972,Nicole,241
CT,F,1972,Christine,240
CT,F,1972,Elizabeth,223
CT,F,1972,Dawn,198
CT,F,1972,Karen,186
CT,F,1972,Michele,186
CT,F,1972,Susan,175
CT,F,1972,Rebecca,173
CT,F,1972,Laura,165
CT,F,1972,Kelly,152
CT,F,1972,Kathleen,146
CT,F,1972,Julie,139
CT,F,1972,Stephanie,137
CT,F,1972,Mary,136
CT,F,1972,Tammy,135
CT,F,1972,Cynthia,129
CT,F,1972,Tracy,127
CT,F,1972,Wendy,127
CT,F,1972,Patricia,126
CT,F,1972,Jessica,124
CT,F,1972,Deborah,120
CT,F,1972,Lori,120
CT,F,1972,Sarah,120
CT,F,1972,Shannon,113
CT,F,1972,Tina,112
CT,F,1972,Maria,109
CT,F,1972,Kristin,108
CT,F,1972,Stacey,104
CT,F,1972,Cheryl,95
CT,F,1972,Angela,94
CT,F,1972,Sandra,94
CT,F,1972,Denise,93
CT,F,1972,Christina,92
CT,F,1972,Kristen,90
CT,F,1972,Rachel,85
CT,F,1972,Donna,84
CT,F,1972,Danielle,81
CT,F,1972,Tara,81
CT,F,1972,Andrea,80
CT,F,1972,Jill,80
CT,F,1972,Stacy,80
CT,F,1972,Nancy,78
CT,F,1972,Heidi,76
CT,F,1972,Diane,75
CT,F,1972,Catherine,74
CT,F,1972,Suzanne,74
CT,F,1972,Pamela,72
CT,F,1972,Tanya,72
CT,F,1972,Carrie,71
CT,F,1972,Lynn,71
CT,F,1972,Melanie,71
CT,F,1972,Renee,71
CT,F,1972,Barbara,70
CT,F,1972,Kathryn,69
CT,F,1972,Linda,69
CT,F,1972,Robin,69
CT,F,1972,Katherine,68
CT,F,1972,Gina,67
CT,F,1972,Theresa,66
CT,F,1972,Holly,65
CT,F,1972,Erin,64
CT,F,1972,Sharon,63
CT,F,1972,Dana,60
CT,F,1972,Margaret,60
CT,F,1972,Allison,58
CT,F,1972,Brenda,57
CT,F,1972,Alicia,55
CT,F,1972,Beth,55
CT,F,1972,Laurie,55
CT,F,1972,Carolyn,52
CT,F,1972,Ann,51
CT,F,1972,Debra,51
CT,F,1972,Alison,50
CT,F,1972,Jodi,49
CT,F,1972,Tracey,48
CT,F,1972,Leslie,47
CT,F,1972,April,46
CT,F,1972,Sara,46
CT,F,1972,Jacqueline,45
CT,F,1972,Victoria,45
CT,F,1972,Kerry,44
CT,F,1972,Amanda,43
CT,F,1972,Colleen,42
CT,F,1972,Paula,42
CT,F,1972,Sherry,41
CT,F,1972,Kristina,40
CT,F,1972,Megan,40
CT,F,1972,Cindy,39
CT,F,1972,Diana,39
CT,F,1972,Krista,39
CT,F,1972,Kristine,39
CT,F,1972,Valerie,39
CT,F,1972,Anna,37
CT,F,1972,Erica,36
CT,F,1972,Anne,35
CT,F,1972,Carol,35
CT,F,1972,Lauren,35
CT,F,1972,Sherri,35
CT,F,1972,Tricia,35
CT,F,1972,Yolanda,34
CT,F,1972,Monica,33
CT,F,1972,Deanna,32
CT,F,1972,Janet,32
CT,F,1972,Melinda,32
CT,F,1972,Tonya,32
CT,F,1972,Carmen,31
CT,F,1972,Kara,31
CT,F,1972,Kim,31
CT,F,1972,Marisol,31
CT,F,1972,Samantha,31
CT,F,1972,Teresa,31
CT,F,1972,Jean,30
CT,F,1972,Kirsten,30
CT,F,1972,Crystal,29
CT,F,1972,Maureen,29
CT,F,1972,Sheila,29
CT,F,1972,Eileen,28
CT,F,1972,Evelyn,28
CT,F,1972,Joanne,28
CT,F,1972,Rhonda,28
CT,F,1972,Marie,27
CT,F,1972,Meredith,27
CT,F,1972,Monique,27
CT,F,1972,Regina,27
CT,F,1972,Shelley,27
CT,F,1972,Tamara,26
CT,F,1972,Vanessa,26
CT,F,1972,Janice,25
CT,F,1972,Aimee,24
CT,F,1972,Joanna,24
CT,F,1972,Darlene,23
CT,F,1972,Emily,23
CT,F,1972,Gretchen,23
CT,F,1972,Bonnie,22
CT,F,1972,Charlene,22
CT,F,1972,Shelly,22
CT,F,1972,Elaine,21
CT,F,1972,Erika,21
CT,F,1972,Hope,21
CT,F,1972,Judith,21
CT,F,1972,Wanda,21
CT,F,1972,Becky,20
CT,F,1972,Cara,20
CT,F,1972,Christy,20
CT,F,1972,Jody,20
CT,F,1972,Kelley,20
CT,F,1972,Kendra,20
CT,F,1972,Tasha,20
CT,F,1972,Traci,20
CT,F,1972,Caroline,19
CT,F,1972,Cassandra,19
CT,F,1972,Ellen,19
CT,F,1972,Julia,19
CT,F,1972,Kathy,19
CT,F,1972,Sheri,19
CT,F,1972,Abigail,18
CT,F,1972,Annmarie,18
CT,F,1972,Bridget,18
CT,F,1972,Carla,18
CT,F,1972,Cathy,18
CT,F,1972,Dina,18
CT,F,1972,Jamie,18
CT,F,1972,Jenny,18
CT,F,1972,Marcy,18
CT,F,1972,Vicki,18
CT,F,1972,Yvette,18
CT,F,1972,Yvonne,18
CT,F,1972,Ana,17
CT,F,1972,Audrey,17
CT,F,1972,Kerri,17
CT,F,1972,Kristy,17
CT,F,1972,Penny,17
CT,F,1972,Rosa,17
CT,F,1972,Rose,17
CT,F,1972,Ruth,17
CT,F,1972,Tiffany,17
CT,F,1972,Toni,17
CT,F,1972,Alexandra,16
CT,F,1972,Anita,16
CT,F,1972,Audra,16
CT,F,1972,Candace,16
CT,F,1972,Gail,16
CT,F,1972,Leah,16
CT,F,1972,Meghan,16
CT,F,1972,Robyn,16
CT,F,1972,Veronica,16
CT,F,1972,Annette,15
CT,F,1972,Bethany,15
CT,F,1972,Betsy,15
CT,F,1972,Christie,15
CT,F,1972,Dorothy,15
CT,F,1972,Jenifer,15
CT,F,1972,Jodie,15
CT,F,1972,Katrina,15
CT,F,1972,Luz,15
CT,F,1972,Marianne,15
CT,F,1972,Martha,15
CT,F,1972,Molly,15
CT,F,1972,Nina,15
CT,F,1972,Sonia,15
CT,F,1972,Virginia,15
CT,F,1972,Adrienne,14
CT,F,1972,Cristina,14
CT,F,1972,Doreen,14
CT,F,1972,Ericka,14
CT,F,1972,Felicia,14
CT,F,1972,Joyce,14
CT,F,1972,Karin,14
CT,F,1972,Keri,14
CT,F,1972,Latanya,14
CT,F,1972,Maribel,14
CT,F,1972,Naomi,14
CT,F,1972,Sally,14
CT,F,1972,Stefanie,14
CT,F,1972,Terri,14
CT,F,1972,Angel,13
CT,F,1972,Cathleen,13
CT,F,1972,Gloria,13
CT,F,1972,Joan,13
CT,F,1972,Johanna,13
CT,F,1972,Joy,13
CT,F,1972,Maura,13
CT,F,1972,Natalie,13
CT,F,1972,Natasha,13
CT,F,1972,Sheryl,13
CT,F,1972,Sylvia,13
CT,F,1972,Beverly,12
CT,F,1972,Christa,12
CT,F,1972,Claudia,12
CT,F,1972,Jeanne,12
CT,F,1972,June,12
CT,F,1972,Kellie,12
CT,F,1972,Kristi,12
CT,F,1972,Kristie,12
CT,F,1972,Maritza,12
CT,F,1972,Rachael,12
CT,F,1972,Sabrina,12
CT,F,1972,Teri,12
CT,F,1972,Terry,12
CT,F,1972,Brandy,11
CT,F,1972,Connie,11
CT,F,1972,Elisa,11
CT,F,1972,Frances,11
CT,F,1972,Jacquelyn,11
CT,F,1972,Jennie,11
CT,F,1972,Kari,11
CT,F,1972,Lee,11
CT,F,1972,Lucy,11
CT,F,1972,Lynne,11
CT,F,1972,Madeline,11
CT,F,1972,Marcia,11
CT,F,1972,Nikki,11
CT,F,1972,Shelby,11
CT,F,1972,Shirley,11
CT,F,1972,Sonya,11
CT,F,1972,Tracie,11
CT,F,1972,Wendi,11
CT,F,1972,Alexis,10
CT,F,1972,Alice,10
CT,F,1972,Allyson,10
CT,F,1972,Cherie,10
CT,F,1972,Courtney,10
CT,F,1972,Desiree,10
CT,F,1972,Gladys,10
CT,F,1972,Grace,10
CT,F,1972,Ingrid,10
CT,F,1972,Jane,10
CT,F,1972,Kate,10
CT,F,1972,Katie,10
CT,F,1972,Kerrie,10
CT,F,1972,Kimberley,10
CT,F,1972,Lorraine,10
CT,F,1972,Lynette,10
CT,F,1972,Marcie,10
CT,F,1972,Marilyn,10
CT,F,1972,Marjorie,10
CT,F,1972,Marlene,10
CT,F,1972,Rosemary,10
CT,F,1972,Shawn,10
CT,F,1972,Shawna,10
CT,F,1972,Stacie,10
CT,F,1972,Tami,10
CT,F,1972,Tammi,10
CT,F,1972,Tania,10
CT,F,1972,Alisa,9
CT,F,1972,Alyson,9
CT,F,1972,Amber,9
CT,F,1972,Angelina,9
CT,F,1972,Arlene,9
CT,F,1972,Beatrice,9
CT,F,1972,Bernadette,9
CT,F,1972,Charlotte,9
CT,F,1972,Cheri,9
CT,F,1972,Corinne,9
CT,F,1972,Darcy,9
CT,F,1972,Debbie,9
CT,F,1972,Deirdre,9
CT,F,1972,Eva,9
CT,F,1972,Hannah,9
CT,F,1972,Janette,9
CT,F,1972,Jeanette,9
CT,F,1972,Jeannine,9
CT,F,1972,Jocelyn,9
CT,F,1972,Juanita,9
CT,F,1972,Laurel,9
CT,F,1972,Lena,9
CT,F,1972,Loretta,9
CT,F,1972,Marisa,9
CT,F,1972,Nichole,9
CT,F,1972,Paige,9
CT,F,1972,Raquel,9
CT,F,1972,Trisha,9
CT,F,1972,Betty,8
CT,F,1972,Carey,8
CT,F,1972,Dena,8
CT,F,1972,Elena,8
CT,F,1972,Esther,8
CT,F,1972,Irene,8
CT,F,1972,Janine,8
CT,F,1972,Judy,8
CT,F,1972,Katharine,8
CT,F,1972,Lara,8
CT,F,1972,Lillian,8
CT,F,1972,Lydia,8
CT,F,1972,Lynda,8
CT,F,1972,Melody,8
CT,F,1972,Priscilla,8
CT,F,1972,Rita,8
CT,F,1972,Roberta,8
CT,F,1972,Rosemarie,8
CT,F,1972,Shana,8
CT,F,1972,Shari,8
CT,F,1972,Sophia,8
CT,F,1972,Ursula,8
CT,F,1972,Alyssa,7
CT,F,1972,Annemarie,7
CT,F,1972,Antonia,7
CT,F,1972,Belinda,7
CT,F,1972,Candice,7
CT,F,1972,Caryn,7
CT,F,1972,Casey,7
CT,F,1972,Celeste,7
CT,F,1972,Claudine,7
CT,F,1972,Daniela,7
CT,F,1972,Deana,7
CT,F,1972,Elise,7
CT,F,1972,Emma,7
CT,F,1972,Faith,7
CT,F,1972,Gillian,7
CT,F,1972,Helen,7
CT,F,1972,Hilary,7
CT,F,1972,Iris,7
CT,F,1972,Isabel,7
CT,F,1972,Joann,7
CT,F,1972,Karyn,7
CT,F,1972,Kelli,7
CT,F,1972,Kimberlee,7
CT,F,1972,Leigh,7
CT,F,1972,Liza,7
CT,F,1972,Lorie,7
CT,F,1972,Lucia,7
CT,F,1972,Lyn,7
CT,F,1972,Marci,7
CT,F,1972,Marnie,7
CT,F,1972,Marta,7
CT,F,1972,Maryann,7
CT,F,1972,Miriam,7
CT,F,1972,Peggy,7
CT,F,1972,Sandy,7
CT,F,1972,Sherrie,7
CT,F,1972,Silvana,7
CT,F,1972,Antoinette,6
CT,F,1972,Ashley,6
CT,F,1972,Beatriz,6
CT,F,1972,Brooke,6
CT,F,1972,Carole,6
CT,F,1972,Cassie,6
CT,F,1972,Daisy,6
CT,F,1972,Damaris,6
CT,F,1972,Dara,6
CT,F,1972,Dayna,6
CT,F,1972,Dianna,6
CT,F,1972,Doris,6
CT,F,1972,Fiona,6
CT,F,1972,Josephine,6
CT,F,1972,Katina,6
CT,F,1972,Keisha,6
CT,F,1972,Lana,6
CT,F,1972,Latonya,6
CT,F,1972,Lea,6
CT,F,1972,Leticia,6
CT,F,1972,Lissette,6
CT,F,1972,Loren,6
CT,F,1972,Lourdes,6
CT,F,1972,Lucinda,6
CT,F,1972,Marsha,6
CT,F,1972,Michael,6
CT,F,1972,Milagros,6
CT,F,1972,Miranda,6
CT,F,1972,Misty,6
CT,F,1972,Nadine,6
CT,F,1972,Nicolle,6
CT,F,1972,Phyllis,6
CT,F,1972,Rebekah,6
CT,F,1972,Ronda,6
CT,F,1972,Roxanne,6
CT,F,1972,Susanna,6
CT,F,1972,Susanne,6
CT,F,1972,Tabitha,6
CT,F,1972,Tamika,6
CT,F,1972,Tanisha,6
CT,F,1972,Tiffani,6
CT,F,1972,Trina,6
CT,F,1972,Whitney,6
CT,F,1972,Aida,5
CT,F,1972,Aileen,5
CT,F,1972,Annie,5
CT,F,1972,Billie,5
CT,F,1972,Chandra,5
CT,F,1972,Chelsea,5
CT,F,1972,Cher,5
CT,F,1972,Coleen,5
CT,F,1972,Constance,5
CT,F,1972,Corrie,5
CT,F,1972,Cristin,5
CT,F,1972,Daphne,5
CT,F,1972,Deena,5
CT,F,1972,Deidre,5
CT,F,1972,Dianne,5
CT,F,1972,Gabrielle,5
CT,F,1972,Genevieve,5
CT,F,1972,Gwen,5
CT,F,1972,Gwendolyn,5
CT,F,1972,Hilda,5
CT,F,1972,Jenna,5
CT,F,1972,Jonna,5
CT,F,1972,Justine,5
CT,F,1972,Karri,5
CT,F,1972,Kathrine,5
CT,F,1972,Katy,5
CT,F,1972,Kris,5
CT,F,1972,Kristan,5
CT,F,1972,Latasha,5
CT,F,1972,Leona,5
CT,F,1972,Mara,5
CT,F,1972,Marni,5
CT,F,1972,Maryellen,5
CT,F,1972,Melisa,5
CT,F,1972,Mia,5
CT,F,1972,Migdalia,5
CT,F,1972,Mildred,5
CT,F,1972,Nanci,5
CT,F,1972,Noemi,5
CT,F,1972,Norma,5
CT,F,1972,Nydia,5
CT,F,1972,Polly,5
CT,F,1972,Rosalie,5
CT,F,1972,Sasha,5
CT,F,1972,Shane,5
CT,F,1972,Sheree,5
CT,F,1972,Susannah,5
CT,F,1972,Suzette,5
CT,F,1972,Tammie,5
CT,F,1972,Vera,5
CT,F,1972,Vickie,5
CT,F,1972,Vivian,5
CT,F,1972,William,5
CT,F,1972,Yesenia,5
CT,F,1973,Jennifer,959
CT,F,1973,Amy,381
CT,F,1973,Lisa,329
CT,F,1973,Heather,293
CT,F,1973,Michelle,289
CT,F,1973,Melissa,284
CT,F,1973,Kimberly,272
CT,F,1973,Elizabeth,235
CT,F,1973,Nicole,214
CT,F,1973,Christine,196
CT,F,1973,Rebecca,193
CT,F,1973,Dawn,155
CT,F,1973,Kelly,153
CT,F,1973,Karen,150
CT,F,1973,Laura,145
CT,F,1973,Tracy,144
CT,F,1973,Sarah,142
CT,F,1973,Jessica,138
CT,F,1973,Kristen,137
CT,F,1973,Susan,130
CT,F,1973,Mary,124
CT,F,1973,Michele,121
CT,F,1973,Julie,120
CT,F,1973,Stephanie,117
CT,F,1973,Tina,113
CT,F,1973,Shannon,110
CT,F,1973,Tara,110
CT,F,1973,Denise,108
CT,F,1973,Stacey,108
CT,F,1973,Christina,104
CT,F,1973,Cynthia,101
CT,F,1973,Andrea,100
CT,F,1973,Patricia,98
CT,F,1973,Maria,97
CT,F,1973,Lori,96
CT,F,1973,Tammy,96
CT,F,1973,Kathleen,94
CT,F,1973,Wendy,90
CT,F,1973,Angela,88
CT,F,1973,Sandra,85
CT,F,1973,Danielle,82
CT,F,1973,Deborah,81
CT,F,1973,Carrie,79
CT,F,1973,Stacy,79
CT,F,1973,Kristin,78
CT,F,1973,Melanie,78
CT,F,1973,Rachel,77
CT,F,1973,Catherine,73
CT,F,1973,Erin,73
CT,F,1973,Donna,70
CT,F,1973,Katherine,70
CT,F,1973,Allison,69
CT,F,1973,Pamela,69
CT,F,1973,Jill,67
CT,F,1973,Tanya,67
CT,F,1973,Amanda,66
CT,F,1973,Nancy,66
CT,F,1973,Robin,65
CT,F,1973,Diane,64
CT,F,1973,Holly,64
CT,F,1973,Kathryn,63
CT,F,1973,Suzanne,63
CT,F,1973,Heidi,62
CT,F,1973,Debra,61
CT,F,1973,Alison,60
CT,F,1973,Cheryl,59
CT,F,1973,Dana,58
CT,F,1973,Gina,58
CT,F,1973,Laurie,57
CT,F,1973,Sharon,57
CT,F,1973,April,53
CT,F,1973,Erica,51
CT,F,1973,Brenda,50
CT,F,1973,Diana,50
CT,F,1973,Ann,49
CT,F,1973,Margaret,49
CT,F,1973,Renee,48
CT,F,1973,Linda,47
CT,F,1973,Sara,47
CT,F,1973,Beth,46
CT,F,1973,Jacqueline,46
CT,F,1973,Tiffany,45
CT,F,1973,Anne,44
CT,F,1973,Emily,44
CT,F,1973,Alicia,43
CT,F,1973,Barbara,43
CT,F,1973,Lynn,43
CT,F,1973,Theresa,43
CT,F,1973,Tonya,43
CT,F,1973,Tracey,43
CT,F,1973,Aimee,42
CT,F,1973,Lauren,42
CT,F,1973,Meredith,42
CT,F,1973,Krista,41
CT,F,1973,Megan,41
CT,F,1973,Monica,40
CT,F,1973,Kerry,39
CT,F,1973,Tricia,39
CT,F,1973,Leslie,37
CT,F,1973,Tamara,37
CT,F,1973,Teresa,36
CT,F,1973,Carolyn,35
CT,F,1973,Colleen,35
CT,F,1973,Janet,35
CT,F,1973,Monique,35
CT,F,1973,Anna,34
CT,F,1973,Erika,34
CT,F,1973,Kim,34
CT,F,1973,Kara,33
CT,F,1973,Sherry,33
CT,F,1973,Cindy,31
CT,F,1973,Maureen,31
CT,F,1973,Melinda,31
CT,F,1973,Carmen,30
CT,F,1973,Kristine,30
CT,F,1973,Carla,29
CT,F,1973,Carol,29
CT,F,1973,Jodi,29
CT,F,1973,Kristina,29
CT,F,1973,Paula,29
CT,F,1973,Valerie,28
CT,F,1973,Victoria,28
CT,F,1973,Caroline,27
CT,F,1973,Crystal,27
CT,F,1973,Janice,27
CT,F,1973,Bonnie,26
CT,F,1973,Joanne,26
CT,F,1973,Kerri,26
CT,F,1973,Sheri,26
CT,F,1973,Bridget,25
CT,F,1973,Gretchen,25
CT,F,1973,Deanna,23
CT,F,1973,Rosa,23
CT,F,1973,Samantha,23
CT,F,1973,Marisol,22
CT,F,1973,Meghan,22
CT,F,1973,Rhonda,22
CT,F,1973,Sheila,22
CT,F,1973,Tasha,22
CT,F,1973,Eileen,21
CT,F,1973,Jamie,21
CT,F,1973,Joanna,21
CT,F,1973,Jody,21
CT,F,1973,Marilyn,21
CT,F,1973,Natasha,21
CT,F,1973,Nichole,21
CT,F,1973,Rachael,21
CT,F,1973,Ellen,20
CT,F,1973,Jenny,20
CT,F,1973,Julia,20
CT,F,1973,Keri,20
CT,F,1973,Robyn,20
CT,F,1973,Sonia,20
CT,F,1973,Bethany,19
CT,F,1973,Jane,19
CT,F,1973,Jeanette,19
CT,F,1973,Judith,19
CT,F,1973,Katrina,19
CT,F,1973,Lorraine,19
CT,F,1973,Regina,19
CT,F,1973,Debbie,18
CT,F,1973,Elaine,18
CT,F,1973,Kellie,18
CT,F,1973,Yolanda,18
CT,F,1973,Audra,17
CT,F,1973,Dina,17
CT,F,1973,Joy,17
CT,F,1973,Latasha,17
CT,F,1973,Madeline,17
CT,F,1973,Terri,17
CT,F,1973,Ana,16
CT,F,1973,Belinda,16
CT,F,1973,Cara,16
CT,F,1973,Cassandra,16
CT,F,1973,Doreen,16
CT,F,1973,Jenifer,16
CT,F,1973,Jennie,16
CT,F,1973,Karin,16
CT,F,1973,Kathy,16
CT,F,1973,Kendra,16
CT,F,1973,Kimberley,16
CT,F,1973,Lillian,16
CT,F,1973,Priscilla,16
CT,F,1973,Rita,16
CT,F,1973,Stacie,16
CT,F,1973,Yvette,16
CT,F,1973,Yvonne,16
CT,F,1973,Angel,15
CT,F,1973,Charlene,15
CT,F,1973,Christy,15
CT,F,1973,Joann,15
CT,F,1973,Maritza,15
CT,F,1973,Sally,15
CT,F,1973,Shelley,15
CT,F,1973,Sherri,15
CT,F,1973,Traci,15
CT,F,1973,Alexandra,14
CT,F,1973,Allyson,14
CT,F,1973,Jeanne,14
CT,F,1973,Kari,14
CT,F,1973,Kelley,14
CT,F,1973,Kristie,14
CT,F,1973,Leanne,14
CT,F,1973,Luz,14
CT,F,1973,Marcy,14
CT,F,1973,Marie,14
CT,F,1973,Sandy,14
CT,F,1973,Veronica,14
CT,F,1973,Wanda,14
CT,F,1973,Abigail,13
CT,F,1973,Alyssa,13
CT,F,1973,Betsy,13
CT,F,1973,Brandy,13
CT,F,1973,Claudia,13
CT,F,1973,Courtney,13
CT,F,1973,Irene,13
CT,F,1973,Jean,13
CT,F,1973,Keisha,13
CT,F,1973,Leah,13
CT,F,1973,Martha,13
CT,F,1973,Natalie,13
CT,F,1973,Toni,13
CT,F,1973,Tracie,13
CT,F,1973,Amber,12
CT,F,1973,Brooke,12
CT,F,1973,Cherie,12
CT,F,1973,Darlene,12
CT,F,1973,Felicia,12
CT,F,1973,Liza,12
CT,F,1973,Marcie,12
CT,F,1973,Maura,12
CT,F,1973,Rose,12
CT,F,1973,Ruth,12
CT,F,1973,Shawn,12
CT,F,1973,Shirley,12
CT,F,1973,Sonya,12
CT,F,1973,Stefanie,12
CT,F,1973,Susanne,12
CT,F,1973,Tanisha,12
CT,F,1973,Vanessa,12
CT,F,1973,Vicki,12
CT,F,1973,Adrienne,11
CT,F,1973,Alice,11
CT,F,1973,Anita,11
CT,F,1973,Annette,11
CT,F,1973,Bernadette,11
CT,F,1973,Billie,11
CT,F,1973,Brandi,11
CT,F,1973,Cathy,11
CT,F,1973,Dorothy,11
CT,F,1973,Elisa,11
CT,F,1973,Evelyn,11
CT,F,1973,Gloria,11
CT,F,1973,Jeannine,11
CT,F,1973,Joyce,11
CT,F,1973,Katharine,11
CT,F,1973,Kenya,11
CT,F,1973,Kristi,11
CT,F,1973,Lee,11
CT,F,1973,Lynne,11
CT,F,1973,Marianne,11
CT,F,1973,Marlene,11
CT,F,1973,Paige,11
CT,F,1973,Rosemary,11
CT,F,1973,Sabrina,11
CT,F,1973,Sonja,11
CT,F,1973,Sylvia,11
CT,F,1973,Virginia,11
CT,F,1973,Ashley,10
CT,F,1973,Betty,10
CT,F,1973,Cristina,10
CT,F,1973,Deirdre,10
CT,F,1973,Eva,10
CT,F,1973,Francine,10
CT,F,1973,Gail,10
CT,F,1973,Hope,10
CT,F,1973,Lara,10
CT,F,1973,Leigh,10
CT,F,1973,Lucia,10
CT,F,1973,Marci,10
CT,F,1973,Margarita,10
CT,F,1973,Penny,10
CT,F,1973,Ramona,10
CT,F,1973,Rebekah,10
CT,F,1973,Roberta,10
CT,F,1973,Rosanna,10
CT,F,1973,Shelly,10
CT,F,1973,Alexis,9
CT,F,1973,Alisa,9
CT,F,1973,Annmarie,9
CT,F,1973,Antoinette,9
CT,F,1973,Carey,9
CT,F,1973,Christie,9
CT,F,1973,Connie,9
CT,F,1973,Daisy,9
CT,F,1973,Darcie,9
CT,F,1973,Helen,9
CT,F,1973,Johanna,9
CT,F,1973,Karla,9
CT,F,1973,Katie,9
CT,F,1973,Katina,9
CT,F,1973,Kirsten,9
CT,F,1973,Lesley,9
CT,F,1973,Leticia,9
CT,F,1973,Louise,9
CT,F,1973,Marcia,9
CT,F,1973,Marisa,9
CT,F,1973,Marsha,9
CT,F,1973,Mindy,9
CT,F,1973,Noelle,9
CT,F,1973,Nora,9
CT,F,1973,Sherrie,9
CT,F,1973,Sheryl,9
CT,F,1973,Tami,9
CT,F,1973,Tisha,9
CT,F,1973,Trina,9
CT,F,1973,Beatrice,8
CT,F,1973,Candace,8
CT,F,1973,Cheri,8
CT,F,1973,Daniela,8
CT,F,1973,Darcy,8
CT,F,1973,Deana,8
CT,F,1973,Ericka,8
CT,F,1973,Gwendolyn,8
CT,F,1973,Hilary,8
CT,F,1973,Hollie,8
CT,F,1973,Iris,8
CT,F,1973,Jeanine,8
CT,F,1973,Josephine,8
CT,F,1973,Karyn,8
CT,F,1973,Kristy,8
CT,F,1973,Laurel,8
CT,F,1973,Letitia,8
CT,F,1973,Maribel,8
CT,F,1973,Marion,8
CT,F,1973,Marnie,8
CT,F,1973,Misty,8
CT,F,1973,Nadine,8
CT,F,1973,Naomi,8
CT,F,1973,Rochelle,8
CT,F,1973,Rosemarie,8
CT,F,1973,Roxanne,8
CT,F,1973,Shawna,8
CT,F,1973,Tammie,8
CT,F,1973,Tonia,8
CT,F,1973,Trisha,8
CT,F,1973,Vicky,8
CT,F,1973,Vivian,8
CT,F,1973,Ada,7
CT,F,1973,Annie,7
CT,F,1973,Arlene,7
CT,F,1973,Audrey,7
CT,F,1973,Brigitte,7
CT,F,1973,Cathleen,7
CT,F,1973,Christa,7
CT,F,1973,Deidre,7
CT,F,1973,Dena,7
CT,F,1973,Desiree,7
CT,F,1973,Elisabeth,7
CT,F,1973,Elise,7
CT,F,1973,Florence,7
CT,F,1973,Isabel,7
CT,F,1973,Joan,7
CT,F,1973,Juliet,7
CT,F,1973,Kelli,7
CT,F,1973,Latisha,7
CT,F,1973,Latoya,7
CT,F,1973,Lucy,7
CT,F,1973,Lydia,7
CT,F,1973,Maggie,7
CT,F,1973,Margo,7
CT,F,1973,Maryann,7
CT,F,1973,Miriam,7
CT,F,1973,Nikki,7
CT,F,1973,Olga,7
CT,F,1973,Shari,7
CT,F,1973,Shauna,7
CT,F,1973,Amie,6
CT,F,1973,Becky,6
CT,F,1973,Britt,6
CT,F,1973,Candice,6
CT,F,1973,Cari,6
CT,F,1973,Carmela,6
CT,F,1973,Charlotte,6
CT,F,1973,Christin,6
CT,F,1973,Clarissa,6
CT,F,1973,Dianna,6
CT,F,1973,Emma,6
CT,F,1973,Esther,6
CT,F,1973,Faith,6
CT,F,1973,Ingrid,6
CT,F,1973,Janeen,6
CT,F,1973,Jenna,6
CT,F,1973,Jodie,6
CT,F,1973,Karie,6
CT,F,1973,Kimberlee,6
CT,F,1973,Liz,6
CT,F,1973,Loretta,6
CT,F,1973,Lorie,6
CT,F,1973,Lynette,6
CT,F,1973,Marla,6
CT,F,1973,Molly,6
CT,F,1973,Myra,6
CT,F,1973,Noreen,6
CT,F,1973,Rachelle,6
CT,F,1973,Staci,6
CT,F,1973,Tabitha,6
CT,F,1973,Tamika,6
CT,F,1973,Tammi,6
CT,F,1973,Tania,6
CT,F,1973,Terry,6
CT,F,1973,Tia,6
CT,F,1973,Whitney,6
CT,F,1973,Adria,5
CT,F,1973,Amelia,5
CT,F,1973,Bridgette,5
CT,F,1973,Caterina,5
CT,F,1973,Chantelle,5
CT,F,1973,Constance,5
CT,F,1973,Corey,5
CT,F,1973,Doris,5
CT,F,1973,Ebony,5
CT,F,1973,Elisha,5
CT,F,1973,Eliza,5
CT,F,1973,Francesca,5
CT,F,1973,Helena,5
CT,F,1973,Ivette,5
CT,F,1973,Jasmine,5
CT,F,1973,Jeannette,5
CT,F,1973,Jeannie,5
CT,F,1973,Jocelyn,5
CT,F,1973,Justine,5
CT,F,1973,Karrie,5
CT,F,1973,Kate,5
CT,F,1973,Kiersten,5
CT,F,1973,Lea,5
CT,F,1973,Lenore,5
CT,F,1973,Lynda,5
CT,F,1973,Marian,5
CT,F,1973,Marybeth,5
CT,F,1973,Maya,5
CT,F,1973,Mayra,5
CT,F,1973,Melody,5
CT,F,1973,Michael,5
CT,F,1973,Penelope,5
CT,F,1973,Rene,5
CT,F,1973,Ruby,5
CT,F,1973,Shelby,5
CT,F,1973,Sherie,5
CT,F,1973,Sophia,5
CT,F,1973,Tabatha,5
CT,F,1973,Trista,5
CT,F,1973,Tyra,5
CT,F,1973,Zoraida,5
CT,F,1974,Jennifer,920
CT,F,1974,Amy,335
CT,F,1974,Michelle,305
CT,F,1974,Melissa,295
CT,F,1974,Heather,286
CT,F,1974,Lisa,265
CT,F,1974,Kimberly,263
CT,F,1974,Jessica,229
CT,F,1974,Rebecca,206
CT,F,1974,Nicole,202
CT,F,1974,Christine,201
CT,F,1974,Elizabeth,198
CT,F,1974,Sarah,162
CT,F,1974,Dawn,156
CT,F,1974,Kelly,153
CT,F,1974,Karen,146
CT,F,1974,Kristen,140
CT,F,1974,Laura,140
CT,F,1974,Stephanie,140
CT,F,1974,Susan,132
CT,F,1974,Shannon,126
CT,F,1974,Christina,113
CT,F,1974,Danielle,105
CT,F,1974,Tara,104
CT,F,1974,Tracy,103
CT,F,1974,Michele,101
CT,F,1974,Maria,98
CT,F,1974,Julie,97
CT,F,1974,Andrea,95
CT,F,1974,Erin,95
CT,F,1974,Tammy,94
CT,F,1974,Rachel,93
CT,F,1974,Angela,91
CT,F,1974,Tanya,91
CT,F,1974,Mary,89
CT,F,1974,Patricia,89
CT,F,1974,Tina,88
CT,F,1974,Katherine,86
CT,F,1974,Kristin,85
CT,F,1974,Catherine,84
CT,F,1974,Kathleen,84
CT,F,1974,Stacy,84
CT,F,1974,Jill,83
CT,F,1974,Carrie,81
CT,F,1974,Amanda,79
CT,F,1974,Stacey,79
CT,F,1974,Sandra,78
CT,F,1974,Lori,77
CT,F,1974,Wendy,76
CT,F,1974,Cynthia,72
CT,F,1974,Deborah,69
CT,F,1974,Denise,68
CT,F,1974,Melanie,67
CT,F,1974,Allison,66
CT,F,1974,April,61
CT,F,1974,Nancy,61
CT,F,1974,Alicia,60
CT,F,1974,Cheryl,60
CT,F,1974,Holly,60
CT,F,1974,Sara,60
CT,F,1974,Theresa,60
CT,F,1974,Emily,59
CT,F,1974,Dana,58
CT,F,1974,Gina,57
CT,F,1974,Pamela,57
CT,F,1974,Kathryn,56
CT,F,1974,Alison,53
CT,F,1974,Erica,53
CT,F,1974,Sharon,53
CT,F,1974,Heidi,52
CT,F,1974,Jacqueline,52
CT,F,1974,Suzanne,52
CT,F,1974,Megan,51
CT,F,1974,Renee,50
CT,F,1974,Beth,49
CT,F,1974,Brenda,49
CT,F,1974,Jodi,49
CT,F,1974,Tiffany,49
CT,F,1974,Diana,48
CT,F,1974,Kim,47
CT,F,1974,Linda,47
CT,F,1974,Colleen,45
CT,F,1974,Laurie,45
CT,F,1974,Lynn,45
CT,F,1974,Robin,45
CT,F,1974,Donna,43
CT,F,1974,Lauren,43
CT,F,1974,Carolyn,42
CT,F,1974,Victoria,42
CT,F,1974,Ann,40
CT,F,1974,Barbara,40
CT,F,1974,Tracey,40
CT,F,1974,Debra,39
CT,F,1974,Aimee,38
CT,F,1974,Anne,38
CT,F,1974,Margaret,38
CT,F,1974,Kerry,37
CT,F,1974,Kara,36
CT,F,1974,Crystal,35
CT,F,1974,Joanna,35
CT,F,1974,Joy,35
CT,F,1974,Diane,34
CT,F,1974,Sherry,33
CT,F,1974,Teresa,33
CT,F,1974,Monica,32
CT,F,1974,Monique,32
CT,F,1974,Tonya,32
CT,F,1974,Tricia,32
CT,F,1974,Bridget,31
CT,F,1974,Leslie,31
CT,F,1974,Courtney,30
CT,F,1974,Joanne,30
CT,F,1974,Paula,30
CT,F,1974,Krista,29
CT,F,1974,Melinda,29
CT,F,1974,Meredith,29
CT,F,1974,Tamara,29
CT,F,1974,Valerie,29
CT,F,1974,Bethany,28
CT,F,1974,Deanna,28
CT,F,1974,Natalie,26
CT,F,1974,Vanessa,26
CT,F,1974,Anna,24
CT,F,1974,Carmen,24
CT,F,1974,Carol,24
CT,F,1974,Kristine,24
CT,F,1974,Maureen,24
CT,F,1974,Samantha,24
CT,F,1974,Shelley,24
CT,F,1974,Caroline,23
CT,F,1974,Eileen,22
CT,F,1974,Robyn,22
CT,F,1974,Sheila,22
CT,F,1974,Virginia,22
CT,F,1974,Cara,21
CT,F,1974,Felicia,21
CT,F,1974,Janet,21
CT,F,1974,Kristina,21
CT,F,1974,Marisol,21
CT,F,1974,Sheri,21
CT,F,1974,Yolanda,21
CT,F,1974,Audrey,20
CT,F,1974,Jamie,20
CT,F,1974,Julia,20
CT,F,1974,Kari,20
CT,F,1974,Kirsten,20
CT,F,1974,Leigh,20
CT,F,1974,Nina,20
CT,F,1974,Veronica,20
CT,F,1974,Cindy,19
CT,F,1974,Gretchen,19
CT,F,1974,Jeanette,19
CT,F,1974,Jody,19
CT,F,1974,Leah,19
CT,F,1974,Abigail,18
CT,F,1974,Ashley,18
CT,F,1974,Kelley,18
CT,F,1974,Marie,18
CT,F,1974,Natasha,18
CT,F,1974,Sonia,18
CT,F,1974,Tasha,18
CT,F,1974,Carla,17
CT,F,1974,Ellen,17
CT,F,1974,Regina,17
CT,F,1974,Stacie,17
CT,F,1974,Terri,17
CT,F,1974,Alexandra,16
CT,F,1974,Dina,16
CT,F,1974,Erika,16
CT,F,1974,Jenny,16
CT,F,1974,Rosa,16
CT,F,1974,Rose,16
CT,F,1974,Ruth,16
CT,F,1974,Shelly,16
CT,F,1974,Amber,15
CT,F,1974,Bonnie,15
CT,F,1974,Christie,15
CT,F,1974,Christy,15
CT,F,1974,Darlene,15
CT,F,1974,Dorothy,15
CT,F,1974,Elaine,15
CT,F,1974,Elisabeth,15
CT,F,1974,Evelyn,15
CT,F,1974,Hope,15
CT,F,1974,Katie,15
CT,F,1974,Kendra,15
CT,F,1974,Kerri,15
CT,F,1974,Kristie,15
CT,F,1974,Marcia,15
CT,F,1974,Meghan,15
CT,F,1974,Rhonda,15
CT,F,1974,Sherri,15
CT,F,1974,Alexis,14
CT,F,1974,Ana,14
CT,F,1974,Brandy,14
CT,F,1974,Charlene,14
CT,F,1974,Jane,14
CT,F,1974,Jean,14
CT,F,1974,Jeannette,14
CT,F,1974,Joann,14
CT,F,1974,Kate,14
CT,F,1974,Katrina,14
CT,F,1974,Keri,14
CT,F,1974,Kristi,14
CT,F,1974,Latasha,14
CT,F,1974,Luz,14
CT,F,1974,Marcy,14
CT,F,1974,Paige,14
CT,F,1974,Yvonne,14
CT,F,1974,Alisa,13
CT,F,1974,Annette,13
CT,F,1974,Darcy,13
CT,F,1974,Helen,13
CT,F,1974,Joyce,13
CT,F,1974,Kristy,13
CT,F,1974,Maritza,13
CT,F,1974,Shirley,13
CT,F,1974,Traci,13
CT,F,1974,Alice,12
CT,F,1974,Alyssa,12
CT,F,1974,Brandi,12
CT,F,1974,Deirdre,12
CT,F,1974,Frances,12
CT,F,1974,Janice,12
CT,F,1974,Josephine,12
CT,F,1974,Karla,12
CT,F,1974,Marilyn,12
CT,F,1974,Marisa,12
CT,F,1974,Marlene,12
CT,F,1974,Molly,12
CT,F,1974,Rachael,12
CT,F,1974,Rebekah,12
CT,F,1974,Rosemary,12
CT,F,1974,Sonya,12
CT,F,1974,Sylvia,12
CT,F,1974,Anita,11
CT,F,1974,Beverly,11
CT,F,1974,Cassandra,11
CT,F,1974,Dayna,11
CT,F,1974,Doreen,11
CT,F,1974,Elisa,11
CT,F,1974,Hilary,11
CT,F,1974,Ivette,11
CT,F,1974,Jeannine,11
CT,F,1974,Jenna,11
CT,F,1974,Jennie,11
CT,F,1974,Latoya,11
CT,F,1974,Maryann,11
CT,F,1974,Sheryl,11
CT,F,1974,Amie,10
CT,F,1974,Betsy,10
CT,F,1974,Candice,10
CT,F,1974,Caryn,10
CT,F,1974,Cathleen,10
CT,F,1974,Elise,10
CT,F,1974,Eva,10
CT,F,1974,Irene,10
CT,F,1974,Jolene,10
CT,F,1974,Katharine,10
CT,F,1974,Kathy,10
CT,F,1974,Kellie,10
CT,F,1974,Lissette,10
CT,F,1974,Liza,10
CT,F,1974,Lorraine,10
CT,F,1974,Marci,10
CT,F,1974,Martha,10
CT,F,1974,Maura,10
CT,F,1974,Nakia,10
CT,F,1974,Naomi,10
CT,F,1974,Roxanne,10
CT,F,1974,Tabitha,10
CT,F,1974,Adrienne,9
CT,F,1974,Alyson,9
CT,F,1974,Annmarie,9
CT,F,1974,Becky,9
CT,F,1974,Carey,9
CT,F,1974,Cathy,9
CT,F,1974,Constance,9
CT,F,1974,Cristina,9
CT,F,1974,Debbie,9
CT,F,1974,Joan,9
CT,F,1974,Jodie,9
CT,F,1974,Judith,9
CT,F,1974,Kimberley,9
CT,F,1974,Lara,9
CT,F,1974,Latanya,9
CT,F,1974,Laurel,9
CT,F,1974,Lena,9
CT,F,1974,Lydia,9
CT,F,1974,Lynda,9
CT,F,1974,Marsha,9
CT,F,1974,Mindy,9
CT,F,1974,Nadine,9
CT,F,1974,Raquel,9
CT,F,1974,Sabrina,9
CT,F,1974,Sally,9
CT,F,1974,Shawn,9
CT,F,1974,Shelby,9
CT,F,1974,Vicki,9
CT,F,1974,Vicky,9
CT,F,1974,Allyson,8
CT,F,1974,Bernadette,8
CT,F,1974,Carly,8
CT,F,1974,Casey,8
CT,F,1974,Charity,8
CT,F,1974,Cheri,8
CT,F,1974,Claudia,8
CT,F,1974,Daisy,8
CT,F,1974,Faith,8
CT,F,1974,Gloria,8
CT,F,1974,Iris,8
CT,F,1974,Jenifer,8
CT,F,1974,Johanna,8
CT,F,1974,Karin,8
CT,F,1974,Keisha,8
CT,F,1974,Kelli,8
CT,F,1974,Kerrie,8
CT,F,1974,Leticia,8
CT,F,1974,Marianne,8
CT,F,1974,Melisa,8
CT,F,1974,Michael,8
CT,F,1974,Miriam,8
CT,F,1974,Nicola,8
CT,F,1974,Rene,8
CT,F,1974,Sherrie,8
CT,F,1974,Staci,8
CT,F,1974,Susanne,8
CT,F,1974,Tania,8
CT,F,1974,Tracie,8
CT,F,1974,Trina,8
CT,F,1974,Aida,7
CT,F,1974,Aisha,7
CT,F,1974,Anastasia,7
CT,F,1974,Audra,7
CT,F,1974,Blanca,7
CT,F,1974,Brooke,7
CT,F,1974,Cherie,7
CT,F,1974,Demetria,7
CT,F,1974,Doris,7
CT,F,1974,Gail,7
CT,F,1974,Helena,7
CT,F,1974,Jaime,7
CT,F,1974,Jeanine,7
CT,F,1974,Jeanne,7
CT,F,1974,Jocelyn,7
CT,F,1974,Karyn,7
CT,F,1974,Lakeisha,7
CT,F,1974,Latisha,7
CT,F,1974,Lea,7
CT,F,1974,Lucy,7
CT,F,1974,Madeline,7
CT,F,1974,Marybeth,7
CT,F,1974,Penny,7
CT,F,1974,Shawna,7
CT,F,1974,Tamika,7
CT,F,1974,Teri,7
CT,F,1974,Terry,7
CT,F,1974,Toni,7
CT,F,1974,Trisha,7
CT,F,1974,Vivian,7
CT,F,1974,Wanda,7
CT,F,1974,Wendi,7
CT,F,1974,Yesenia,7
CT,F,1974,Yvette,7
CT,F,1974,Adrianne,6
CT,F,1974,Alissa,6
CT,F,1974,Belinda,6
CT,F,1974,Billie,6
CT,F,1974,Caitlin,6
CT,F,1974,Candace,6
CT,F,1974,Chantal,6
CT,F,1974,Chelsea,6
CT,F,1974,Christa,6
CT,F,1974,Corinne,6
CT,F,1974,Daniela,6
CT,F,1974,Grace,6
CT,F,1974,Hannah,6
CT,F,1974,Hillary,6
CT,F,1974,Jillian,6
CT,F,1974,Juanita,6
CT,F,1974,Kenya,6
CT,F,1974,Lesley,6
CT,F,1974,Lillian,6
CT,F,1974,Lindsay,6
CT,F,1974,Lourdes,6
CT,F,1974,Lynette,6
CT,F,1974,Maggie,6
CT,F,1974,Margarita,6
CT,F,1974,Maribel,6
CT,F,1974,Marissa,6
CT,F,1974,Marjorie,6
CT,F,1974,Marla,6
CT,F,1974,Mia,6
CT,F,1974,Nikki,6
CT,F,1974,Nora,6
CT,F,1974,Norma,6
CT,F,1974,Pauline,6
CT,F,1974,Rochelle,6
CT,F,1974,Shana,6
CT,F,1974,Tanisha,6
CT,F,1974,Whitney,6
CT,F,1974,Adria,5
CT,F,1974,Ami,5
CT,F,1974,Angelica,5
CT,F,1974,Angie,5
CT,F,1974,Antoinette,5
CT,F,1974,Beatriz,5
CT,F,1974,Candy,5
CT,F,1974,Carmela,5
CT,F,1974,Cassie,5
CT,F,1974,Chandra,5
CT,F,1974,Charlotte,5
CT,F,1974,Chastity,5
CT,F,1974,Christen,5
CT,F,1974,Christin,5
CT,F,1974,Claire,5
CT,F,1974,Claudine,5
CT,F,1974,Connie,5
CT,F,1974,Cristin,5
CT,F,1974,Deena,5
CT,F,1974,Dianne,5
CT,F,1974,Elena,5
CT,F,1974,Ericka,5
CT,F,1974,Esther,5
CT,F,1974,Fiona,5
CT,F,1974,Gabrielle,5
CT,F,1974,Jacquelyn,5
CT,F,1974,Jana,5
CT,F,1974,Janette,5
CT,F,1974,Janine,5
CT,F,1974,Judy,5
CT,F,1974,Keely,5
CT,F,1974,Lakesha,5
CT,F,1974,Lashonda,5
CT,F,1974,Leanne,5
CT,F,1974,Lee,5
CT,F,1974,Lenore,5
CT,F,1974,Lina,5
CT,F,1974,Loretta,5
CT,F,1974,Marcie,5
CT,F,1974,Marlo,5
CT,F,1974,Marta,5
CT,F,1974,Meaghan,5
CT,F,1974,Melody,5
CT,F,1974,Mildred,5
CT,F,1974,Monika,5
CT,F,1974,Nichole,5
CT,F,1974,Noelle,5
CT,F,1974,Noemi,5
CT,F,1974,Priscilla,5
CT,F,1974,Rachelle,5
CT,F,1974,Ramona,5
CT,F,1974,Rita,5
CT,F,1974,Roberta,5
CT,F,1974,Rosemarie,5
CT,F,1974,Shauna,5
CT,F,1974,Tami,5
CT,F,1974,Tammie,5
CT,F,1974,Tonia,5
CT,F,1975,Jennifer,816
CT,F,1975,Amy,390
CT,F,1975,Heather,347
CT,F,1975,Melissa,347
CT,F,1975,Michelle,264
CT,F,1975,Nicole,248
CT,F,1975,Kimberly,245
CT,F,1975,Jessica,229
CT,F,1975,Lisa,227
CT,F,1975,Elizabeth,213
CT,F,1975,Rebecca,191
CT,F,1975,Sarah,188
CT,F,1975,Kelly,174
CT,F,1975,Christine,166
CT,F,1975,Stephanie,143
CT,F,1975,Dawn,139
CT,F,1975,Karen,131
CT,F,1975,Erin,123
CT,F,1975,Rachel,122
CT,F,1975,Tara,114
CT,F,1975,Danielle,112
CT,F,1975,Susan,110
CT,F,1975,Tracy,109
CT,F,1975,Kristen,108
CT,F,1975,Laura,108
CT,F,1975,Christina,107
CT,F,1975,Shannon,106
CT,F,1975,Amanda,104
CT,F,1975,Jill,98
CT,F,1975,Stacey,98
CT,F,1975,Carrie,94
CT,F,1975,Julie,94
CT,F,1975,Katherine,89
CT,F,1975,Maria,89
CT,F,1975,Mary,89
CT,F,1975,Wendy,89
CT,F,1975,Emily,88
CT,F,1975,Tammy,85
CT,F,1975,Stacy,83
CT,F,1975,Michele,81
CT,F,1975,Kristin,80
CT,F,1975,Andrea,78
CT,F,1975,Megan,76
CT,F,1975,Sandra,76
CT,F,1975,Sara,76
CT,F,1975,Tanya,74
CT,F,1975,Tina,72
CT,F,1975,Angela,71
CT,F,1975,Melanie,70
CT,F,1975,Catherine,69
CT,F,1975,Kathleen,64
CT,F,1975,Allison,62
CT,F,1975,April,62
CT,F,1975,Heidi,59
CT,F,1975,Lauren,59
CT,F,1975,Deborah,58
CT,F,1975,Cheryl,57
CT,F,1975,Lori,57
CT,F,1975,Tiffany,57
CT,F,1975,Cynthia,56
CT,F,1975,Denise,56
CT,F,1975,Patricia,56
CT,F,1975,Holly,55
CT,F,1975,Jacqueline,55
CT,F,1975,Jodi,52
CT,F,1975,Nancy,52
CT,F,1975,Colleen,50
CT,F,1975,Erica,50
CT,F,1975,Meghan,50
CT,F,1975,Alison,49
CT,F,1975,Alicia,48
CT,F,1975,Barbara,46
CT,F,1975,Diana,46
CT,F,1975,Dana,45
CT,F,1975,Sharon,45
CT,F,1975,Gina,44
CT,F,1975,Kathryn,44
CT,F,1975,Suzanne,44
CT,F,1975,Tamara,44
CT,F,1975,Theresa,44
CT,F,1975,Brenda,43
CT,F,1975,Courtney,42
CT,F,1975,Linda,41
CT,F,1975,Anne,40
CT,F,1975,Kerry,40
CT,F,1975,Beth,39
CT,F,1975,Robin,39
CT,F,1975,Carolyn,38
CT,F,1975,Diane,38
CT,F,1975,Debra,36
CT,F,1975,Kara,36
CT,F,1975,Renee,36
CT,F,1975,Crystal,34
CT,F,1975,Erika,33
CT,F,1975,Natasha,33
CT,F,1975,Jamie,32
CT,F,1975,Tracey,32
CT,F,1975,Valerie,32
CT,F,1975,Krista,31
CT,F,1975,Laurie,31
CT,F,1975,Monica,31
CT,F,1975,Sherry,31
CT,F,1975,Lynn,30
CT,F,1975,Margaret,30
CT,F,1975,Pamela,30
CT,F,1975,Carmen,29
CT,F,1975,Donna,29
CT,F,1975,Leah,29
CT,F,1975,Meredith,29
CT,F,1975,Samantha,29
CT,F,1975,Bridget,28
CT,F,1975,Caroline,28
CT,F,1975,Melinda,28
CT,F,1975,Veronica,28
CT,F,1975,Carol,27
CT,F,1975,Kerri,27
CT,F,1975,Leslie,27
CT,F,1975,Paula,27
CT,F,1975,Tricia,27
CT,F,1975,Aimee,26
CT,F,1975,Amber,25
CT,F,1975,Anna,25
CT,F,1975,Kim,25
CT,F,1975,Janet,24
CT,F,1975,Joanna,24
CT,F,1975,Marisol,24
CT,F,1975,Tonya,24
CT,F,1975,Yolanda,24
CT,F,1975,Ann,23
CT,F,1975,Sheila,23
CT,F,1975,Kristina,22
CT,F,1975,Shelly,22
CT,F,1975,Traci,22
CT,F,1975,Carla,21
CT,F,1975,Joy,21
CT,F,1975,Kirsten,21
CT,F,1975,Marie,21
CT,F,1975,Robyn,21
CT,F,1975,Shelley,21
CT,F,1975,Teresa,21
CT,F,1975,Vanessa,21
CT,F,1975,Cindy,20
CT,F,1975,Ruth,20
CT,F,1975,Cara,19
CT,F,1975,Christy,19
CT,F,1975,Elaine,19
CT,F,1975,Felicia,19
CT,F,1975,Jaime,19
CT,F,1975,Julia,19
CT,F,1975,Kate,19
CT,F,1975,Keri,19
CT,F,1975,Kristine,19
CT,F,1975,Maureen,19
CT,F,1975,Sheri,19
CT,F,1975,Christie,18
CT,F,1975,Deanna,18
CT,F,1975,Dina,18
CT,F,1975,Ellen,18
CT,F,1975,Madeline,18
CT,F,1975,Natalie,18
CT,F,1975,Rachael,18
CT,F,1975,Victoria,18
CT,F,1975,Wanda,18
CT,F,1975,Abigail,17
CT,F,1975,Alexandra,17
CT,F,1975,Brandi,17
CT,F,1975,Brandy,17
CT,F,1975,Jeanette,17
CT,F,1975,Latoya,17
CT,F,1975,Rosa,17
CT,F,1975,Bethany,16
CT,F,1975,Bonnie,16
CT,F,1975,Gretchen,16
CT,F,1975,Jody,16
CT,F,1975,Martha,16
CT,F,1975,Monique,16
CT,F,1975,Naomi,16
CT,F,1975,Regina,16
CT,F,1975,Tasha,16
CT,F,1975,Allyson,15
CT,F,1975,Ana,15
CT,F,1975,Darcy,15
CT,F,1975,Ebony,15
CT,F,1975,Janice,15
CT,F,1975,Jeanne,15
CT,F,1975,Keisha,15
CT,F,1975,Kelley,15
CT,F,1975,Luz,15
CT,F,1975,Tania,15
CT,F,1975,Evelyn,14
CT,F,1975,Iris,14
CT,F,1975,Jean,14
CT,F,1975,Joanne,14
CT,F,1975,Jodie,14
CT,F,1975,Kendra,14
CT,F,1975,Rebekah,14
CT,F,1975,Stefanie,14
CT,F,1975,Virginia,14
CT,F,1975,Anita,13
CT,F,1975,Ashley,13
CT,F,1975,Brooke,13
CT,F,1975,Candice,13
CT,F,1975,Dorothy,13
CT,F,1975,Jenny,13
CT,F,1975,Kari,13
CT,F,1975,Kathy,13
CT,F,1975,Kellie,13
CT,F,1975,Nadine,13
CT,F,1975,Nina,13
CT,F,1975,Shelby,13
CT,F,1975,Stacie,13
CT,F,1975,Alexis,12
CT,F,1975,Angie,12
CT,F,1975,Annette,12
CT,F,1975,Arlene,12
CT,F,1975,Cassandra,12
CT,F,1975,Darlene,12
CT,F,1975,Jane,12
CT,F,1975,Joann,12
CT,F,1975,Leigh,12
CT,F,1975,Mandy,12
CT,F,1975,Marcia,12
CT,F,1975,Marilyn,12
CT,F,1975,Rose,12
CT,F,1975,Staci,12
CT,F,1975,Tracie,12
CT,F,1975,Trisha,12
CT,F,1975,Adrienne,11
CT,F,1975,Alice,11
CT,F,1975,Cheri,11
CT,F,1975,Deana,11
CT,F,1975,Doreen,11
CT,F,1975,Eileen,11
CT,F,1975,Elena,11
CT,F,1975,Helen,11
CT,F,1975,Hilary,11
CT,F,1975,Katie,11
CT,F,1975,Lillian,11
CT,F,1975,Miriam,11
CT,F,1975,Molly,11
CT,F,1975,Rhonda,11
CT,F,1975,Sandy,11
CT,F,1975,Sherri,11
CT,F,1975,Alyssa,10
CT,F,1975,Cathy,10
CT,F,1975,Claire,10
CT,F,1975,Cristina,10
CT,F,1975,Gail,10
CT,F,1975,Gloria,10
CT,F,1975,Hope,10
CT,F,1975,Jenifer,10
CT,F,1975,Joan,10
CT,F,1975,Katrina,10
CT,F,1975,Kenya,10
CT,F,1975,Kristi,10
CT,F,1975,Latasha,10
CT,F,1975,Lindsay,10
CT,F,1975,Maribel,10
CT,F,1975,Rita,10
CT,F,1975,Shana,10
CT,F,1975,Sylvia,10
CT,F,1975,Tamika,10
CT,F,1975,Tanisha,10
CT,F,1975,Yvette,10
CT,F,1975,Yvonne,10
CT,F,1975,Alissa,9
CT,F,1975,Amie,9
CT,F,1975,Annmarie,9
CT,F,1975,Antoinette,9
CT,F,1975,Audrey,9
CT,F,1975,Candace,9
CT,F,1975,Claudia,9
CT,F,1975,Corey,9
CT,F,1975,Desiree,9
CT,F,1975,Faith,9
CT,F,1975,Grace,9
CT,F,1975,Janine,9
CT,F,1975,Jeanine,9
CT,F,1975,Joyce,9
CT,F,1975,Judith,9
CT,F,1975,Katharine,9
CT,F,1975,Kelli,9
CT,F,1975,Lorraine,9
CT,F,1975,Lynda,9
CT,F,1975,Marci,9
CT,F,1975,Marsha,9
CT,F,1975,Maura,9
CT,F,1975,Melody,9
CT,F,1975,Mindy,9
CT,F,1975,Nichole,9
CT,F,1975,Nikki,9
CT,F,1975,Olga,9
CT,F,1975,Paige,9
CT,F,1975,Sonya,9
CT,F,1975,Tami,9
CT,F,1975,Terry,9
CT,F,1975,Tisha,9
CT,F,1975,Toni,9
CT,F,1975,Vicki,9
CT,F,1975,Angelina,8
CT,F,1975,Audra,8
CT,F,1975,Belinda,8
CT,F,1975,Bernadette,8
CT,F,1975,Bobbie,8
CT,F,1975,Carey,8
CT,F,1975,Cherie,8
CT,F,1975,Christin,8
CT,F,1975,Elisabeth,8
CT,F,1975,Elise,8
CT,F,1975,Frances,8
CT,F,1975,Irene,8
CT,F,1975,Ivette,8
CT,F,1975,Jacquelyn,8
CT,F,1975,Karin,8
CT,F,1975,Karla,8
CT,F,1975,Lydia,8
CT,F,1975,Nakia,8
CT,F,1975,Nora,8
CT,F,1975,Raquel,8
CT,F,1975,Sally,8
CT,F,1975,Sheryl,8
CT,F,1975,Taryn,8
CT,F,1975,Tia,8
CT,F,1975,Aisha,7
CT,F,1975,Autumn,7
CT,F,1975,Becky,7
CT,F,1975,Betsy,7
CT,F,1975,Charlene,7
CT,F,1975,Charlotte,7
CT,F,1975,Christa,7
CT,F,1975,Daisy,7
CT,F,1975,Deirdre,7
CT,F,1975,Francesca,7
CT,F,1975,Ingrid,7
CT,F,1975,Isabel,7
CT,F,1975,Jeannette,7
CT,F,1975,Jeannine,7
CT,F,1975,Jennie,7
CT,F,1975,John,7
CT,F,1975,Josephine,7
CT,F,1975,Kristie,7
CT,F,1975,Liza,7
CT,F,1975,Lucy,7
CT,F,1975,Lynette,7
CT,F,1975,Madelin,7
CT,F,1975,Marcie,7
CT,F,1975,Marisa,7
CT,F,1975,Meagan,7
CT,F,1975,Misty,7
CT,F,1975,Priscilla,7
CT,F,1975,Rochelle,7
CT,F,1975,Roxanne,7
CT,F,1975,Sonia,7
CT,F,1975,Susanne,7
CT,F,1975,Teri,7
CT,F,1975,Terri,7
CT,F,1975,Agnes,6
CT,F,1975,Aida,6
CT,F,1975,Amelia,6
CT,F,1975,Antonia,6
CT,F,1975,Bree,6
CT,F,1975,Carissa,6
CT,F,1975,Carly,6
CT,F,1975,Casey,6
CT,F,1975,Celeste,6
CT,F,1975,Chelsea,6
CT,F,1975,Christen,6
CT,F,1975,Christi,6
CT,F,1975,Constance,6
CT,F,1975,Edith,6
CT,F,1975,Elisa,6
CT,F,1975,Eva,6
CT,F,1975,Gabrielle,6
CT,F,1975,Hillary,6
CT,F,1975,Jasmine,6
CT,F,1975,Jayne,6
CT,F,1975,Jenna,6
CT,F,1975,Joelle,6
CT,F,1975,Jolene,6
CT,F,1975,Julianne,6
CT,F,1975,Karrie,6
CT,F,1975,Lakisha,6
CT,F,1975,Laurel,6
CT,F,1975,Lawanda,6
CT,F,1975,Lee,6
CT,F,1975,Lesley,6
CT,F,1975,Lindsey,6
CT,F,1975,Lissette,6
CT,F,1975,Louise,6
CT,F,1975,Madelyn,6
CT,F,1975,Marianne,6
CT,F,1975,Maritza,6
CT,F,1975,Marlene,6
CT,F,1975,Mayra,6
CT,F,1975,Miranda,6
CT,F,1975,Sabrina,6
CT,F,1975,Shari,6
CT,F,1975,Shawna,6
CT,F,1975,Tameka,6
CT,F,1975,Tammie,6
CT,F,1975,Wendi,6
CT,F,1975,Abby,5
CT,F,1975,Alana,5
CT,F,1975,Anabela,5
CT,F,1975,Angel,5
CT,F,1975,Angelica,5
CT,F,1975,Anitra,5
CT,F,1975,Betty,5
CT,F,1975,Billie,5
CT,F,1975,Candy,5
CT,F,1975,Cari,5
CT,F,1975,Carmela,5
CT,F,1975,Caryn,5
CT,F,1975,Chandra,5
CT,F,1975,Charity,5
CT,F,1975,Cherilyn,5
CT,F,1975,Clara,5
CT,F,1975,Connie,5
CT,F,1975,Cora,5
CT,F,1975,Corrine,5
CT,F,1975,Cory,5
CT,F,1975,Deena,5
CT,F,1975,Elissa,5
CT,F,1975,Emma,5
CT,F,1975,Francine,5
CT,F,1975,Ginger,5
CT,F,1975,Hannah,5
CT,F,1975,Jami,5
CT,F,1975,Janelle,5
CT,F,1975,Jessie,5
CT,F,1975,Jo,5
CT,F,1975,Juanita,5
CT,F,1975,Kerrie,5
CT,F,1975,Kimberlee,5
CT,F,1975,Kisha,5
CT,F,1975,Kristy,5
CT,F,1975,Latonya,5
CT,F,1975,Liane,5
CT,F,1975,Makisha,5
CT,F,1975,Margarita,5
CT,F,1975,Marissa,5
CT,F,1975,Marjorie,5
CT,F,1975,Maryann,5
CT,F,1975,Meaghan,5
CT,F,1975,Nicola,5
CT,F,1975,Nilsa,5
CT,F,1975,Noelle,5
CT,F,1975,Norma,5
CT,F,1975,Olivia,5
CT,F,1975,Ramona,5
CT,F,1975,Roberta,5
CT,F,1975,Shirley,5
CT,F,1975,Summer,5
CT,F,1975,Susanna,5
CT,F,1975,Tabitha,5
CT,F,1975,Takisha,5
CT,F,1975,Taneka,5
CT,F,1976,Jennifer,837
CT,F,1976,Amy,389
CT,F,1976,Jessica,357
CT,F,1976,Heather,316
CT,F,1976,Melissa,314
CT,F,1976,Sarah,248
CT,F,1976,Elizabeth,227
CT,F,1976,Kimberly,225
CT,F,1976,Lisa,220
CT,F,1976,Michelle,217
CT,F,1976,Rebecca,212
CT,F,1976,Nicole,189
CT,F,1976,Christine,178
CT,F,1976,Kelly,175
CT,F,1976,Jaime,153
CT,F,1976,Erin,147
CT,F,1976,Stephanie,147
CT,F,1976,Laura,146
CT,F,1976,Christina,140
CT,F,1976,Shannon,135
CT,F,1976,Sara,134
CT,F,1976,Danielle,120
CT,F,1976,Karen,119
CT,F,1976,Amanda,115
CT,F,1976,Dawn,105
CT,F,1976,Carrie,103
CT,F,1976,Jamie,103
CT,F,1976,Mary,103
CT,F,1976,Kristen,102
CT,F,1976,Susan,99
CT,F,1976,Julie,98
CT,F,1976,Michele,95
CT,F,1976,Rachel,94
CT,F,1976,Angela,92
CT,F,1976,Stacey,88
CT,F,1976,Tammy,81
CT,F,1976,Maria,79
CT,F,1976,Katherine,77
CT,F,1976,Tina,77
CT,F,1976,Kathleen,76
CT,F,1976,Tara,76
CT,F,1976,Andrea,74
CT,F,1976,Megan,74
CT,F,1976,Allison,73
CT,F,1976,Emily,72
CT,F,1976,Tanya,71
CT,F,1976,Melanie,70
CT,F,1976,Erica,68
CT,F,1976,Kristin,68
CT,F,1976,Lauren,66
CT,F,1976,Lori,65
CT,F,1976,Tracy,65
CT,F,1976,Alison,63
CT,F,1976,Catherine,62
CT,F,1976,Jill,62
CT,F,1976,Wendy,62
CT,F,1976,Deborah,60
CT,F,1976,Sandra,60
CT,F,1976,Dana,59
CT,F,1976,Patricia,58
CT,F,1976,Stacy,56
CT,F,1976,Courtney,55
CT,F,1976,Cynthia,55
CT,F,1976,Beth,53
CT,F,1976,Denise,52
CT,F,1976,Holly,49
CT,F,1976,April,48
CT,F,1976,Gina,47
CT,F,1976,Heidi,47
CT,F,1976,Renee,47
CT,F,1976,Sharon,47
CT,F,1976,Brenda,46
CT,F,1976,Kerry,46
CT,F,1976,Kathryn,45
CT,F,1976,Monica,45
CT,F,1976,Kara,44
CT,F,1976,Robin,44
CT,F,1976,Diane,43
CT,F,1976,Alicia,42
CT,F,1976,Jacqueline,42
CT,F,1976,Cheryl,41
CT,F,1976,Diana,41
CT,F,1976,Amber,40
CT,F,1976,Suzanne,39
CT,F,1976,Aimee,38
CT,F,1976,Carolyn,37
CT,F,1976,Lindsay,37
CT,F,1976,Lynn,36
CT,F,1976,Margaret,36
CT,F,1976,Tiffany,36
CT,F,1976,Colleen,35
CT,F,1976,Kristina,35
CT,F,1976,Tracey,35
CT,F,1976,Meghan,34
CT,F,1976,Pamela,34
CT,F,1976,Anne,33
CT,F,1976,Laurie,33
CT,F,1976,Leslie,33
CT,F,1976,Linda,33
CT,F,1976,Jodi,32
CT,F,1976,Samantha,32
CT,F,1976,Theresa,32
CT,F,1976,Victoria,32
CT,F,1976,Jody,31
CT,F,1976,Tricia,31
CT,F,1976,Nancy,30
CT,F,1976,Natalie,30
CT,F,1976,Barbara,29
CT,F,1976,Donna,29
CT,F,1976,Janet,29
CT,F,1976,Crystal,28
CT,F,1976,Debra,28
CT,F,1976,Erika,27
CT,F,1976,Marie,27
CT,F,1976,Teresa,27
CT,F,1976,Bethany,26
CT,F,1976,Brandy,26
CT,F,1976,Caroline,26
CT,F,1976,Cindy,26
CT,F,1976,Natasha,26
CT,F,1976,Valerie,26
CT,F,1976,Yolanda,26
CT,F,1976,Ann,25
CT,F,1976,Leah,25
CT,F,1976,Rachael,25
CT,F,1976,Tamara,25
CT,F,1976,Joanna,24
CT,F,1976,Julia,24
CT,F,1976,Alexandra,23
CT,F,1976,Kate,23
CT,F,1976,Abigail,22
CT,F,1976,Deanna,22
CT,F,1976,Kerri,22
CT,F,1976,Melinda,22
CT,F,1976,Meredith,22
CT,F,1976,Ellen,21
CT,F,1976,Keri,21
CT,F,1976,Paula,21
CT,F,1976,Anna,20
CT,F,1976,Bonnie,20
CT,F,1976,Carla,20
CT,F,1976,Carmen,20
CT,F,1976,Eileen,20
CT,F,1976,Kari,20
CT,F,1976,Kristine,20
CT,F,1976,Rosa,20
CT,F,1976,Wanda,20
CT,F,1976,Brooke,19
CT,F,1976,Christy,19
CT,F,1976,Jenny,19
CT,F,1976,Regina,19
CT,F,1976,Sabrina,19
CT,F,1976,Sheila,19
CT,F,1976,Vanessa,19
CT,F,1976,Adrienne,18
CT,F,1976,Katie,18
CT,F,1976,Kim,18
CT,F,1976,Latoya,18
CT,F,1976,Marisol,18
CT,F,1976,Tamika,18
CT,F,1976,Gretchen,17
CT,F,1976,Joanne,17
CT,F,1976,Joy,17
CT,F,1976,Krista,17
CT,F,1976,Marisa,17
CT,F,1976,Monique,17
CT,F,1976,Annette,16
CT,F,1976,Bridget,16
CT,F,1976,Ebony,16
CT,F,1976,Kristy,16
CT,F,1976,Rebekah,16
CT,F,1976,Shana,16
CT,F,1976,Sonia,16
CT,F,1976,Tonya,16
CT,F,1976,Veronica,16
CT,F,1976,Allyson,15
CT,F,1976,Carol,15
CT,F,1976,Christa,15
CT,F,1976,Felicia,15
CT,F,1976,Latasha,15
CT,F,1976,Mandy,15
CT,F,1976,Maureen,15
CT,F,1976,Ashley,14
CT,F,1976,Carey,14
CT,F,1976,Jeannette,14
CT,F,1976,Jodie,14
CT,F,1976,Kendra,14
CT,F,1976,Luz,14
CT,F,1976,Misty,14
CT,F,1976,Nichole,14
CT,F,1976,Alexis,13
CT,F,1976,Alice,13
CT,F,1976,Cara,13
CT,F,1976,Elaine,13
CT,F,1976,Jean,13
CT,F,1976,Jennie,13
CT,F,1976,Judith,13
CT,F,1976,Kelley,13
CT,F,1976,Kelli,13
CT,F,1976,Naomi,13
CT,F,1976,Sherri,13
CT,F,1976,Stacie,13
CT,F,1976,Alyssa,12
CT,F,1976,Annmarie,12
CT,F,1976,Audrey,12
CT,F,1976,Charlene,12
CT,F,1976,Christie,12
CT,F,1976,Cristina,12
CT,F,1976,Darlene,12
CT,F,1976,Dorothy,12
CT,F,1976,Evelyn,12
CT,F,1976,Jenna,12
CT,F,1976,Johanna,12
CT,F,1976,Joyce,12
CT,F,1976,Kirsten,12
CT,F,1976,Latisha,12
CT,F,1976,Madeline,12
CT,F,1976,Margarita,12
CT,F,1976,Marissa,12
CT,F,1976,Robyn,12
CT,F,1976,Stefanie,12
CT,F,1976,Tania,12
CT,F,1976,Caitlin,11
CT,F,1976,Candace,11
CT,F,1976,Janice,11
CT,F,1976,Jocelyn,11
CT,F,1976,Katharine,11
CT,F,1976,Kellie,11
CT,F,1976,Lakisha,11
CT,F,1976,Leigh,11
CT,F,1976,Maryann,11
CT,F,1976,Sherry,11
CT,F,1976,Tanisha,11
CT,F,1976,Amie,10
CT,F,1976,Ana,10
CT,F,1976,Chelsea,10
CT,F,1976,Claudia,10
CT,F,1976,Dina,10
CT,F,1976,Hannah,10
CT,F,1976,Iris,10
CT,F,1976,Jane,10
CT,F,1976,Kristi,10
CT,F,1976,Lara,10
CT,F,1976,Lesley,10
CT,F,1976,Lillian,10
CT,F,1976,Maribel,10
CT,F,1976,Marilyn,10
CT,F,1976,Marlene,10
CT,F,1976,Nadine,10
CT,F,1976,Sheri,10
CT,F,1976,Alissa,9
CT,F,1976,Angel,9
CT,F,1976,Candice,9
CT,F,1976,Carissa,9
CT,F,1976,Daisy,9
CT,F,1976,Deirdre,9
CT,F,1976,Hope,9
CT,F,1976,Jasmine,9
CT,F,1976,Jeanette,9
CT,F,1976,Jenifer,9
CT,F,1976,Jessie,9
CT,F,1976,Joan,9
CT,F,1976,Karin,9
CT,F,1976,Karyn,9
CT,F,1976,Keisha,9
CT,F,1976,Kristie,9
CT,F,1976,Lindsey,9
CT,F,1976,Martha,9
CT,F,1976,Molly,9
CT,F,1976,Shelley,9
CT,F,1976,Shelly,9
CT,F,1976,Sonya,9
CT,F,1976,Traci,9
CT,F,1976,Trisha,9
CT,F,1976,Virginia,9
CT,F,1976,Yvonne,9
CT,F,1976,Alisa,8
CT,F,1976,Annemarie,8
CT,F,1976,Antoinette,8
CT,F,1976,Betsy,8
CT,F,1976,Charlotte,8
CT,F,1976,Darcy,8
CT,F,1976,Desiree,8
CT,F,1976,Ericka,8
CT,F,1976,Frances,8
CT,F,1976,Helen,8
CT,F,1976,Hilary,8
CT,F,1976,Irene,8
CT,F,1976,Jacquelyn,8
CT,F,1976,Jaimie,8
CT,F,1976,Jana,8
CT,F,1976,Kathy,8
CT,F,1976,Katrina,8
CT,F,1976,Liza,8
CT,F,1976,Marybeth,8
CT,F,1976,Melody,8
CT,F,1976,Nora,8
CT,F,1976,Rose,8
CT,F,1976,Rosemary,8
CT,F,1976,Sally,8
CT,F,1976,Samara,8
CT,F,1976,Sandy,8
CT,F,1976,Shawna,8
CT,F,1976,Tabitha,8
CT,F,1976,Tasha,8
CT,F,1976,Terri,8
CT,F,1976,Adrianne,7
CT,F,1976,Aisha,7
CT,F,1976,Alyson,7
CT,F,1976,Becky,7
CT,F,1976,Belinda,7
CT,F,1976,Brandi,7
CT,F,1976,Cassandra,7
CT,F,1976,Chantel,7
CT,F,1976,Cheri,7
CT,F,1976,Damaris,7
CT,F,1976,Debbie,7
CT,F,1976,Dena,7
CT,F,1976,Elena,7
CT,F,1976,Elisabeth,7
CT,F,1976,Farrah,7
CT,F,1976,Janelle,7
CT,F,1976,Jeanne,7
CT,F,1976,Joann,7
CT,F,1976,Kimberley,7
CT,F,1976,Loren,7
CT,F,1976,Lydia,7
CT,F,1976,Marci,7
CT,F,1976,Marcy,7
CT,F,1976,Mayra,7
CT,F,1976,Nadia,7
CT,F,1976,Nikole,7
CT,F,1976,Nydia,7
CT,F,1976,Olga,7
CT,F,1976,Rhonda,7
CT,F,1976,Ronda,7
CT,F,1976,Roxanne,7
CT,F,1976,Summer,7
CT,F,1976,Vicki,7
CT,F,1976,Angelina,6
CT,F,1976,Anita,6
CT,F,1976,Bernadette,6
CT,F,1976,Billie,6
CT,F,1976,Connie,6
CT,F,1976,Corey,6
CT,F,1976,Corinne,6
CT,F,1976,Cortney,6
CT,F,1976,Deana,6
CT,F,1976,Elisa,6
CT,F,1976,Francesca,6
CT,F,1976,Hilda,6
CT,F,1976,Ingrid,6
CT,F,1976,Jami,6
CT,F,1976,Jeanine,6
CT,F,1976,Jolene,6
CT,F,1976,Juanita,6
CT,F,1976,Juliet,6
CT,F,1976,Marcia,6
CT,F,1976,Maritza,6
CT,F,1976,Marla,6
CT,F,1976,Maura,6
CT,F,1976,Michael,6
CT,F,1976,Mildred,6
CT,F,1976,Miriam,6
CT,F,1976,Nakia,6
CT,F,1976,Nina,6
CT,F,1976,Noemi,6
CT,F,1976,Olivia,6
CT,F,1976,Ruth,6
CT,F,1976,Serena,6
CT,F,1976,Shari,6
CT,F,1976,Shelby,6
CT,F,1976,Sherrie,6
CT,F,1976,Shirley,6
CT,F,1976,Tameka,6
CT,F,1976,Tami,6
CT,F,1976,Tammi,6
CT,F,1976,Tawana,6
CT,F,1976,Terry,6
CT,F,1976,Vicky,6
CT,F,1976,Whitney,6
CT,F,1976,Yvette,6
CT,F,1976,Abby,5
CT,F,1976,Alanna,5
CT,F,1976,Anastasia,5
CT,F,1976,Angelique,5
CT,F,1976,Anitra,5
CT,F,1976,Ariana,5
CT,F,1976,Audra,5
CT,F,1976,Beverly,5
CT,F,1976,Casey,5
CT,F,1976,Celina,5
CT,F,1976,Chantal,5
CT,F,1976,Cory,5
CT,F,1976,Dianna,5
CT,F,1976,Eboni,5
CT,F,1976,Elise,5
CT,F,1976,Emma,5
CT,F,1976,Eva,5
CT,F,1976,Giovanna,5
CT,F,1976,Grace,5
CT,F,1976,Ivette,5
CT,F,1976,Jamila,5
CT,F,1976,Janae,5
CT,F,1976,Janna,5
CT,F,1976,Jillian,5
CT,F,1976,John,5
CT,F,1976,Justina,5
CT,F,1976,Karrie,5
CT,F,1976,Kenya,5
CT,F,1976,Lashonda,5
CT,F,1976,Latanya,5
CT,F,1976,Leanne,5
CT,F,1976,Loretta,5
CT,F,1976,Lorraine,5
CT,F,1976,Luciana,5
CT,F,1976,Lynne,5
CT,F,1976,Mackenzie,5
CT,F,1976,Mara,5
CT,F,1976,Marianne,5
CT,F,1976,Marion,5
CT,F,1976,Maryellen,5
CT,F,1976,Meagan,5
CT,F,1976,Melisa,5
CT,F,1976,Paige,5
CT,F,1976,Pauline,5
CT,F,1976,Penny,5
CT,F,1976,Rachelle,5
CT,F,1976,Raquel,5
CT,F,1976,Staci,5
CT,F,1976,Susannah,5
CT,F,1976,Toni,5
CT,F,1976,Trina,5
CT,F,1977,Jennifer,787
CT,F,1977,Jessica,464
CT,F,1977,Melissa,390
CT,F,1977,Amy,331
CT,F,1977,Heather,296
CT,F,1977,Sarah,285
CT,F,1977,Kelly,269
CT,F,1977,Elizabeth,266
CT,F,1977,Michelle,231
CT,F,1977,Nicole,218
CT,F,1977,Kimberly,208
CT,F,1977,Lisa,197
CT,F,1977,Rebecca,189
CT,F,1977,Christina,167
CT,F,1977,Erin,162
CT,F,1977,Christine,149
CT,F,1977,Shannon,147
CT,F,1977,Laura,144
CT,F,1977,Stephanie,140
CT,F,1977,Amanda,134
CT,F,1977,Sara,124
CT,F,1977,Karen,119
CT,F,1977,Danielle,113
CT,F,1977,Katherine,109
CT,F,1977,Emily,106
CT,F,1977,Megan,103
CT,F,1977,Jamie,102
CT,F,1977,Rachel,97
CT,F,1977,Jaime,96
CT,F,1977,Kristen,93
CT,F,1977,Tara,93
CT,F,1977,Allison,92
CT,F,1977,Dawn,92
CT,F,1977,Erica,92
CT,F,1977,Julie,92
CT,F,1977,Stacey,92
CT,F,1977,Maria,90
CT,F,1977,Kathleen,89
CT,F,1977,Jill,84
CT,F,1977,Mary,83
CT,F,1977,Carrie,81
CT,F,1977,Angela,80
CT,F,1977,Melanie,76
CT,F,1977,Patricia,74
CT,F,1977,Susan,69
CT,F,1977,Alison,68
CT,F,1977,Michele,68
CT,F,1977,Andrea,67
CT,F,1977,Kristin,67
CT,F,1977,Lauren,67
CT,F,1977,Courtney,63
CT,F,1977,Catherine,61
CT,F,1977,Aimee,58
CT,F,1977,Heidi,57
CT,F,1977,Stacy,57
CT,F,1977,Tracy,57
CT,F,1977,Kathryn,56
CT,F,1977,Tina,56
CT,F,1977,Tammy,54
CT,F,1977,Cynthia,53
CT,F,1977,Sandra,51
CT,F,1977,Monica,50
CT,F,1977,Wendy,49
CT,F,1977,Denise,48
CT,F,1977,Jacqueline,48
CT,F,1977,Meghan,48
CT,F,1977,Tanya,48
CT,F,1977,Alicia,47
CT,F,1977,Crystal,47
CT,F,1977,Tiffany,47
CT,F,1977,Colleen,46
CT,F,1977,Lori,46
CT,F,1977,Suzanne,46
CT,F,1977,Margaret,45
CT,F,1977,Robin,45
CT,F,1977,April,44
CT,F,1977,Samantha,44
CT,F,1977,Sharon,43
CT,F,1977,Dana,42
CT,F,1977,Deborah,42
CT,F,1977,Kristy,42
CT,F,1977,Beth,41
CT,F,1977,Gina,41
CT,F,1977,Holly,41
CT,F,1977,Kara,40
CT,F,1977,Nancy,40
CT,F,1977,Theresa,40
CT,F,1977,Carolyn,39
CT,F,1977,Amber,38
CT,F,1977,Anna,38
CT,F,1977,Tamara,38
CT,F,1977,Anne,36
CT,F,1977,Diana,36
CT,F,1977,Kristina,36
CT,F,1977,Lindsay,36
CT,F,1977,Cheryl,35
CT,F,1977,Marie,35
CT,F,1977,Marissa,35
CT,F,1977,Brenda,34
CT,F,1977,Erika,34
CT,F,1977,Marisa,34
CT,F,1977,Natalie,34
CT,F,1977,Natasha,34
CT,F,1977,Pamela,34
CT,F,1977,Renee,34
CT,F,1977,Kerry,33
CT,F,1977,Vanessa,33
CT,F,1977,Katie,31
CT,F,1977,Leah,31
CT,F,1977,Lynn,31
CT,F,1977,Sabrina,31
CT,F,1977,Victoria,31
CT,F,1977,Kristine,30
CT,F,1977,Linda,30
CT,F,1977,Ann,29
CT,F,1977,Bethany,29
CT,F,1977,Jaclyn,29
CT,F,1977,Jenny,29
CT,F,1977,Joanna,29
CT,F,1977,Keri,29
CT,F,1977,Meredith,29
CT,F,1977,Carla,28
CT,F,1977,Carmen,28
CT,F,1977,Robyn,28
CT,F,1977,Tracey,28
CT,F,1977,Debra,27
CT,F,1977,Diane,27
CT,F,1977,Leslie,26
CT,F,1977,Jillian,25
CT,F,1977,Valerie,25
CT,F,1977,Yolanda,25
CT,F,1977,Abigail,24
CT,F,1977,Adrienne,23
CT,F,1977,Barbara,23
CT,F,1977,Janet,23
CT,F,1977,Jodi,23
CT,F,1977,Joy,23
CT,F,1977,Krista,23
CT,F,1977,Aisha,22
CT,F,1977,Bonnie,22
CT,F,1977,Cindy,22
CT,F,1977,Monique,22
CT,F,1977,Trisha,22
CT,F,1977,Veronica,22
CT,F,1977,Alexandra,21
CT,F,1977,Christy,21
CT,F,1977,Donna,21
CT,F,1977,Jocelyn,21
CT,F,1977,Kate,21
CT,F,1977,Melinda,21
CT,F,1977,Ashley,20
CT,F,1977,Katharine,20
CT,F,1977,Rachael,20
CT,F,1977,Caroline,19
CT,F,1977,Joanne,19
CT,F,1977,Kelley,19
CT,F,1977,Maureen,19
CT,F,1977,Bridget,18
CT,F,1977,Deanna,18
CT,F,1977,Evelyn,18
CT,F,1977,Katrina,18
CT,F,1977,Kerri,18
CT,F,1977,Marilyn,18
CT,F,1977,Molly,18
CT,F,1977,Paula,18
CT,F,1977,Tricia,18
CT,F,1977,Laurie,17
CT,F,1977,Mandy,17
CT,F,1977,Nichole,17
CT,F,1977,Brooke,16
CT,F,1977,Cara,16
CT,F,1977,Cassandra,16
CT,F,1977,Eileen,16
CT,F,1977,Kim,16
CT,F,1977,Kristi,16
CT,F,1977,Latoya,16
CT,F,1977,Naomi,16
CT,F,1977,Ruth,16
CT,F,1977,Shana,16
CT,F,1977,Tasha,16
CT,F,1977,Cristina,15
CT,F,1977,Ebony,15
CT,F,1977,Ellen,15
CT,F,1977,Gretchen,15
CT,F,1977,Jolene,15
CT,F,1977,Kari,15
CT,F,1977,Kristie,15
CT,F,1977,Latasha,15
CT,F,1977,Leigh,15
CT,F,1977,Martha,15
CT,F,1977,Shawna,15
CT,F,1977,Alexis,14
CT,F,1977,Allyson,14
CT,F,1977,Carissa,14
CT,F,1977,Carol,14
CT,F,1977,Darlene,14
CT,F,1977,Judith,14
CT,F,1977,Melody,14
CT,F,1977,Regina,14
CT,F,1977,Stefanie,14
CT,F,1977,Teresa,14
CT,F,1977,Wanda,14
CT,F,1977,Christie,13
CT,F,1977,Hilary,13
CT,F,1977,Johanna,13
CT,F,1977,Kelli,13
CT,F,1977,Kellie,13
CT,F,1977,Lesley,13
CT,F,1977,Luz,13
CT,F,1977,Rebekah,13
CT,F,1977,Rose,13
CT,F,1977,Shelley,13
CT,F,1977,Sherri,13
CT,F,1977,Tonya,13
CT,F,1977,Virginia,13
CT,F,1977,Alyson,12
CT,F,1977,Anita,12
CT,F,1977,Cherie,12
CT,F,1977,Jeanette,12
CT,F,1977,Jenifer,12
CT,F,1977,Latisha,12
CT,F,1977,Maryann,12
CT,F,1977,Shelly,12
CT,F,1977,Alyssa,11
CT,F,1977,Ana,11
CT,F,1977,Brandy,11
CT,F,1977,Candice,11
CT,F,1977,Charity,11
CT,F,1977,Dorothy,11
CT,F,1977,Elisabeth,11
CT,F,1977,Helen,11
CT,F,1977,Hope,11
CT,F,1977,Jean,11
CT,F,1977,Julia,11
CT,F,1977,Karyn,11
CT,F,1977,Kathy,11
CT,F,1977,Lindsey,11
CT,F,1977,Marisol,11
CT,F,1977,Raquel,11
CT,F,1977,Roxanne,11
CT,F,1977,Sheri,11
CT,F,1977,Summer,11
CT,F,1977,Tamika,11
CT,F,1977,Toni,11
CT,F,1977,Yvonne,11
CT,F,1977,Audrey,10
CT,F,1977,Brandi,10
CT,F,1977,Caitlin,10
CT,F,1977,Candace,10
CT,F,1977,Charlene,10
CT,F,1977,Claire,10
CT,F,1977,Connie,10
CT,F,1977,Corinne,10
CT,F,1977,Daisy,10
CT,F,1977,Felicia,10
CT,F,1977,Janelle,10
CT,F,1977,Jennie,10
CT,F,1977,Kizzy,10
CT,F,1977,Lakisha,10
CT,F,1977,Marcy,10
CT,F,1977,Misty,10
CT,F,1977,Priscilla,10
CT,F,1977,Sandy,10
CT,F,1977,Sherry,10
CT,F,1977,Sonia,10
CT,F,1977,Tabitha,10
CT,F,1977,Adriana,9
CT,F,1977,Alice,9
CT,F,1977,Annmarie,9
CT,F,1977,Bianca,9
CT,F,1977,Caryn,9
CT,F,1977,Casey,9
CT,F,1977,Cathleen,9
CT,F,1977,Christa,9
CT,F,1977,Eliza,9
CT,F,1977,Esther,9
CT,F,1977,Jeannette,9
CT,F,1977,Julianne,9
CT,F,1977,Keisha,9
CT,F,1977,Lena,9
CT,F,1977,Lydia,9
CT,F,1977,Lynette,9
CT,F,1977,Miriam,9
CT,F,1977,Rosa,9
CT,F,1977,Shanna,9
CT,F,1977,Shauna,9
CT,F,1977,Tania,9
CT,F,1977,Tanisha,9
CT,F,1977,Traci,9
CT,F,1977,Becky,8
CT,F,1977,Carey,8
CT,F,1977,Cathy,8
CT,F,1977,Charlotte,8
CT,F,1977,Chelsea,8
CT,F,1977,Claudia,8
CT,F,1977,Debbie,8
CT,F,1977,Desiree,8
CT,F,1977,Devon,8
CT,F,1977,Dina,8
CT,F,1977,Elisha,8
CT,F,1977,Elissa,8
CT,F,1977,Frances,8
CT,F,1977,Gloria,8
CT,F,1977,Hillary,8
CT,F,1977,Irene,8
CT,F,1977,Jacquelyn,8
CT,F,1977,Jaimie,8
CT,F,1977,Jody,8
CT,F,1977,Joyce,8
CT,F,1977,Karin,8
CT,F,1977,Kirsten,8
CT,F,1977,Lee,8
CT,F,1977,Lillian,8
CT,F,1977,Marcia,8
CT,F,1977,Maura,8
CT,F,1977,Nadine,8
CT,F,1977,Olivia,8
CT,F,1977,Sheila,8
CT,F,1977,Yvette,8
CT,F,1977,Alisha,7
CT,F,1977,Amie,7
CT,F,1977,Angel,7
CT,F,1977,Annette,7
CT,F,1977,Belinda,7
CT,F,1977,Elaine,7
CT,F,1977,Elena,7
CT,F,1977,Elise,7
CT,F,1977,Ginger,7
CT,F,1977,Jasmine,7
CT,F,1977,Jeanne,7
CT,F,1977,Jessie,7
CT,F,1977,Joann,7
CT,F,1977,Jodie,7
CT,F,1977,Josephine,7
CT,F,1977,Judy,7
CT,F,1977,Kai,7
CT,F,1977,Kerrie,7
CT,F,1977,Kimberley,7
CT,F,1977,Liza,7
CT,F,1977,Madeline,7
CT,F,1977,Mayra,7
CT,F,1977,Miranda,7
CT,F,1977,Nikki,7
CT,F,1977,Rita,7
CT,F,1977,Selena,7
CT,F,1977,Shelby,7
CT,F,1977,Sheryl,7
CT,F,1977,Taryn,7
CT,F,1977,Alisa,6
CT,F,1977,Alissa,6
CT,F,1977,Angelina,6
CT,F,1977,Athena,6
CT,F,1977,Beatrice,6
CT,F,1977,Brie,6
CT,F,1977,Corey,6
CT,F,1977,Corrie,6
CT,F,1977,Daniela,6
CT,F,1977,Dara,6
CT,F,1977,Deirdre,6
CT,F,1977,Dena,6
CT,F,1977,Doris,6
CT,F,1977,Ericka,6
CT,F,1977,Eva,6
CT,F,1977,Farrah,6
CT,F,1977,Francesca,6
CT,F,1977,Iris,6
CT,F,1977,Jamila,6
CT,F,1977,Jane,6
CT,F,1977,Janice,6
CT,F,1977,Jenna,6
CT,F,1977,Karla,6
CT,F,1977,Lara,6
CT,F,1977,Marcie,6
CT,F,1977,Maribel,6
CT,F,1977,Marjorie,6
CT,F,1977,Maya,6
CT,F,1977,Mia,6
CT,F,1977,Michael,6
CT,F,1977,Mindy,6
CT,F,1977,Nadia,6
CT,F,1977,Nakia,6
CT,F,1977,Omayra,6
CT,F,1977,Rashida,6
CT,F,1977,Rochelle,6
CT,F,1977,Rosanna,6
CT,F,1977,Simone,6
CT,F,1977,Siobhan,6
CT,F,1977,Sonya,6
CT,F,1977,Stacie,6
CT,F,1977,Sylvia,6
CT,F,1977,Tammi,6
CT,F,1977,Terri,6
CT,F,1977,Trina,6
CT,F,1977,Yesenia,6
CT,F,1977,Alana,5
CT,F,1977,Angelique,5
CT,F,1977,Anitra,5
CT,F,1977,Audra,5
CT,F,1977,Autumn,5
CT,F,1977,Bernadette,5
CT,F,1977,Bobbijo,5
CT,F,1977,Brianna,5
CT,F,1977,Cori,5
CT,F,1977,Cory,5
CT,F,1977,David,5
CT,F,1977,Elsie,5
CT,F,1977,Emma,5
CT,F,1977,Faith,5
CT,F,1977,Gail,5
CT,F,1977,Gena,5
CT,F,1977,Georgia,5
CT,F,1977,Grace,5
CT,F,1977,Iesha,5
CT,F,1977,Ingrid,5
CT,F,1977,Jami,5
CT,F,1977,Jeannie,5
CT,F,1977,Jeannine,5
CT,F,1977,Jesse,5
CT,F,1977,Karie,5
CT,F,1977,Kia,5
CT,F,1977,Kori,5
CT,F,1977,Lakeisha,5
CT,F,1977,Lakiesha,5
CT,F,1977,Lashonda,5
CT,F,1977,Latosha,5
CT,F,1977,Laurel,5
CT,F,1977,Lea,5
CT,F,1977,Leanne,5
CT,F,1977,Lisette,5
CT,F,1977,Lourdes,5
CT,F,1977,Lucia,5
CT,F,1977,Lynda,5
CT,F,1977,Malinda,5
CT,F,1977,Marci,5
CT,F,1977,Marla,5
CT,F,1977,Marlene,5
CT,F,1977,Maryjo,5
CT,F,1977,Melisa,5
CT,F,1977,Michaela,5
CT,F,1977,Migdalia,5
CT,F,1977,Noemi,5
CT,F,1977,Nora,5
CT,F,1977,Ramona,5
CT,F,1977,Rosemarie,5
CT,F,1977,Rosemary,5
CT,F,1977,Ryan,5
CT,F,1977,Serena,5
CT,F,1977,Shari,5
CT,F,1977,Shawn,5
CT,F,1977,Staci,5
CT,F,1977,Syreeta,5
CT,F,1977,Talia,5
CT,F,1977,Taylor,5
CT,F,1977,Terry,5
CT,F,1977,Tia,5
CT,F,1977,Tonia,5
CT,F,1977,Vicki,5
CT,F,1978,Jennifer,805
CT,F,1978,Jessica,401
CT,F,1978,Melissa,389
CT,F,1978,Sarah,344
CT,F,1978,Amy,310
CT,F,1978,Heather,302
CT,F,1978,Elizabeth,279
CT,F,1978,Michelle,260
CT,F,1978,Kelly,228
CT,F,1978,Nicole,228
CT,F,1978,Lisa,226
CT,F,1978,Rebecca,189
CT,F,1978,Christina,184
CT,F,1978,Christine,182
CT,F,1978,Erin,171
CT,F,1978,Kimberly,164
CT,F,1978,Amanda,147
CT,F,1978,Laura,144
CT,F,1978,Danielle,140
CT,F,1978,Katherine,138
CT,F,1978,Stephanie,131
CT,F,1978,Shannon,123
CT,F,1978,Sara,117
CT,F,1978,Rachel,116
CT,F,1978,Angela,111
CT,F,1978,Lauren,109
CT,F,1978,Kristen,108
CT,F,1978,Kathryn,102
CT,F,1978,Karen,101
CT,F,1978,Megan,99
CT,F,1978,Stacey,99
CT,F,1978,Andrea,95
CT,F,1978,Mary,95
CT,F,1978,Jill,92
CT,F,1978,Julie,91
CT,F,1978,Emily,83
CT,F,1978,Jamie,83
CT,F,1978,Erica,82
CT,F,1978,Susan,81
CT,F,1978,Tara,81
CT,F,1978,Carrie,78
CT,F,1978,Jaime,78
CT,F,1978,Catherine,77
CT,F,1978,Maria,76
CT,F,1978,April,70
CT,F,1978,Crystal,69
CT,F,1978,Dawn,69
CT,F,1978,Kristin,69
CT,F,1978,Kathleen,68
CT,F,1978,Jacqueline,63
CT,F,1978,Melanie,63
CT,F,1978,Stacy,62
CT,F,1978,Alison,60
CT,F,1978,Kristy,58
CT,F,1978,Tracy,58
CT,F,1978,Meghan,57
CT,F,1978,Allison,56
CT,F,1978,Tina,54
CT,F,1978,Gina,52
CT,F,1978,Kristina,52
CT,F,1978,Dana,50
CT,F,1978,Monica,50
CT,F,1978,Michele,48
CT,F,1978,Sandra,48
CT,F,1978,Alicia,47
CT,F,1978,Katie,47
CT,F,1978,Tanya,47
CT,F,1978,Cynthia,46
CT,F,1978,Diana,46
CT,F,1978,Beth,45
CT,F,1978,Courtney,45
CT,F,1978,Denise,45
CT,F,1978,Amber,44
CT,F,1978,Patricia,44
CT,F,1978,Tammy,44
CT,F,1978,Lindsay,43
CT,F,1978,Lori,43
CT,F,1978,Suzanne,43
CT,F,1978,Diane,40
CT,F,1978,Margaret,40
CT,F,1978,Robin,40
CT,F,1978,Samantha,40
CT,F,1978,Vanessa,40
CT,F,1978,Meredith,39
CT,F,1978,Sabrina,39
CT,F,1978,Holly,38
CT,F,1978,Wendy,38
CT,F,1978,Carolyn,37
CT,F,1978,Erika,37
CT,F,1978,Anne,36
CT,F,1978,Brenda,36
CT,F,1978,Cheryl,36
CT,F,1978,Leslie,36
CT,F,1978,Theresa,36
CT,F,1978,Tiffany,36
CT,F,1978,Melinda,35
CT,F,1978,Renee,35
CT,F,1978,Brooke,34
CT,F,1978,Colleen,34
CT,F,1978,Deborah,34
CT,F,1978,Victoria,33
CT,F,1978,Kerry,32
CT,F,1978,Pamela,32
CT,F,1978,Anna,31
CT,F,1978,Jaclyn,31
CT,F,1978,Jenny,31
CT,F,1978,Nancy,31
CT,F,1978,Tamara,31
CT,F,1978,Kara,30
CT,F,1978,Kate,30
CT,F,1978,Aimee,29
CT,F,1978,Bethany,29
CT,F,1978,Heidi,29
CT,F,1978,Julia,29
CT,F,1978,Ashley,28
CT,F,1978,Linda,27
CT,F,1978,Debra,26
CT,F,1978,Monique,26
CT,F,1978,Natasha,26
CT,F,1978,Valerie,26
CT,F,1978,Carla,25
CT,F,1978,Tricia,25
CT,F,1978,Veronica,25
CT,F,1978,Barbara,24
CT,F,1978,Jodi,24
CT,F,1978,Krista,24
CT,F,1978,Marie,24
CT,F,1978,Natalie,23
CT,F,1978,Robyn,23
CT,F,1978,Tracey,23
CT,F,1978,Kristine,22
CT,F,1978,Lindsey,22
CT,F,1978,Sharon,22
CT,F,1978,Carmen,21
CT,F,1978,Deanna,21
CT,F,1978,Ellen,21
CT,F,1978,Leah,21
CT,F,1978,Marisa,21
CT,F,1978,Marissa,21
CT,F,1978,Ann,20
CT,F,1978,Bridget,20
CT,F,1978,Cindy,20
CT,F,1978,Corinne,20
CT,F,1978,Joy,20
CT,F,1978,Katrina,20
CT,F,1978,Keri,20
CT,F,1978,Lynn,20
CT,F,1978,Shana,20
CT,F,1978,Teresa,20
CT,F,1978,Christy,19
CT,F,1978,Janet,19
CT,F,1978,Kellie,19
CT,F,1978,Laurie,19
CT,F,1978,Molly,19
CT,F,1978,Nichole,19
CT,F,1978,Rebekah,19
CT,F,1978,Abigail,18
CT,F,1978,Eileen,18
CT,F,1978,Jillian,18
CT,F,1978,Kelley,18
CT,F,1978,Kerri,18
CT,F,1978,Sheila,18
CT,F,1978,Tamika,18
CT,F,1978,Yolanda,18
CT,F,1978,Adrienne,17
CT,F,1978,Alisha,17
CT,F,1978,Caroline,17
CT,F,1978,Kelli,17
CT,F,1978,Sherry,17
CT,F,1978,Alexis,16
CT,F,1978,Brandy,16
CT,F,1978,Cara,16
CT,F,1978,Cristina,16
CT,F,1978,Desiree,16
CT,F,1978,Elisabeth,16
CT,F,1978,Joanna,16
CT,F,1978,Jocelyn,16
CT,F,1978,Kendra,16
CT,F,1978,Stefanie,16
CT,F,1978,Tabitha,16
CT,F,1978,Felicia,15
CT,F,1978,Joanne,15
CT,F,1978,Kim,15
CT,F,1978,Latoya,15
CT,F,1978,Mandy,15
CT,F,1978,Marilyn,15
CT,F,1978,Marisol,15
CT,F,1978,Maureen,15
CT,F,1978,Rachael,15
CT,F,1978,Toni,15
CT,F,1978,Amie,14
CT,F,1978,Faith,14
CT,F,1978,Jean,14
CT,F,1978,Latanya,14
CT,F,1978,Madeline,14
CT,F,1978,Martha,14
CT,F,1978,Naomi,14
CT,F,1978,Paula,14
CT,F,1978,Tonya,14
CT,F,1978,Annmarie,13
CT,F,1978,Casey,13
CT,F,1978,Cassandra,13
CT,F,1978,Donna,13
CT,F,1978,Elaine,13
CT,F,1978,Evelyn,13
CT,F,1978,Gretchen,13
CT,F,1978,Helen,13
CT,F,1978,Janice,13
CT,F,1978,Katharine,13
CT,F,1978,Kirsten,13
CT,F,1978,Kristie,13
CT,F,1978,Marlene,13
CT,F,1978,Michael,13
CT,F,1978,Sheri,13
CT,F,1978,Wanda,13
CT,F,1978,Bonnie,12
CT,F,1978,Carey,12
CT,F,1978,Carol,12
CT,F,1978,Dorothy,12
CT,F,1978,Hillary,12
CT,F,1978,Kari,12
CT,F,1978,Kristi,12
CT,F,1978,Latasha,12
CT,F,1978,Marcy,12
CT,F,1978,Miranda,12
CT,F,1978,Rhonda,12
CT,F,1978,Rosa,12
CT,F,1978,Tania,12
CT,F,1978,Alexandra,11
CT,F,1978,Alyson,11
CT,F,1978,Alyssa,11
CT,F,1978,Ana,11
CT,F,1978,Brandi,11
CT,F,1978,Charlene,11
CT,F,1978,Dina,11
CT,F,1978,Ebony,11
CT,F,1978,Elisa,11
CT,F,1978,Frances,11
CT,F,1978,Janelle,11
CT,F,1978,Jasmine,11
CT,F,1978,Jeanette,11
CT,F,1978,Leigh,11
CT,F,1978,Lesley,11
CT,F,1978,Liza,11
CT,F,1978,Luz,11
CT,F,1978,Marcie,11
CT,F,1978,Sandy,11
CT,F,1978,Shelly,11
CT,F,1978,Sherri,11
CT,F,1978,Trisha,11
CT,F,1978,Aisha,10
CT,F,1978,Candace,10
CT,F,1978,Christa,10
CT,F,1978,Christie,10
CT,F,1978,Ericka,10
CT,F,1978,Hope,10
CT,F,1978,Jacquelyn,10
CT,F,1978,Jodie,10
CT,F,1978,Latisha,10
CT,F,1978,Latonya,10
CT,F,1978,Miriam,10
CT,F,1978,Paige,10
CT,F,1978,Raquel,10
CT,F,1978,Regina,10
CT,F,1978,Sonia,10
CT,F,1978,Stacie,10
CT,F,1978,Whitney,10
CT,F,1978,Alisa,9
CT,F,1978,Allyson,9
CT,F,1978,Autumn,9
CT,F,1978,Gail,9
CT,F,1978,Jenna,9
CT,F,1978,Jessie,9
CT,F,1978,Jody,9
CT,F,1978,Kasey,9
CT,F,1978,Lara,9
CT,F,1978,Maribel,9
CT,F,1978,Melody,9
CT,F,1978,Nikki,9
CT,F,1978,Nina,9
CT,F,1978,Tasha,9
CT,F,1978,Virginia,9
CT,F,1978,Yvonne,9
CT,F,1978,Annette,8
CT,F,1978,Becky,8
CT,F,1978,Caitlin,8
CT,F,1978,Caryn,8
CT,F,1978,Charlotte,8
CT,F,1978,Damaris,8
CT,F,1978,Deana,8
CT,F,1978,Deirdre,8
CT,F,1978,Eva,8
CT,F,1978,Hannah,8
CT,F,1978,Jane,8
CT,F,1978,Jeannine,8
CT,F,1978,Jenifer,8
CT,F,1978,Jennie,8
CT,F,1978,Johanna,8
CT,F,1978,Karla,8
CT,F,1978,Keisha,8
CT,F,1978,Kyle,8
CT,F,1978,Leanne,8
CT,F,1978,Marcia,8
CT,F,1978,Marianne,8
CT,F,1978,Maura,8
CT,F,1978,Meagan,8
CT,F,1978,Rose,8
CT,F,1978,Ruth,8
CT,F,1978,Sally,8
CT,F,1978,Shante,8
CT,F,1978,Shawna,8
CT,F,1978,Sonya,8
CT,F,1978,Tameka,8
CT,F,1978,Tia,8
CT,F,1978,Traci,8
CT,F,1978,Tracie,8
CT,F,1978,Abby,7
CT,F,1978,Adrianne,7
CT,F,1978,Alice,7
CT,F,1978,Anita,7
CT,F,1978,Audrey,7
CT,F,1978,Betsy,7
CT,F,1978,Bianca,7
CT,F,1978,Candice,7
CT,F,1978,Charity,7
CT,F,1978,Claire,7
CT,F,1978,Claudia,7
CT,F,1978,Cortney,7
CT,F,1978,Darcy,7
CT,F,1978,Elise,7
CT,F,1978,Gabrielle,7
CT,F,1978,Iris,7
CT,F,1978,Joann,7
CT,F,1978,Joyce,7
CT,F,1978,Juanita,7
CT,F,1978,Judith,7
CT,F,1978,Lucy,7
CT,F,1978,Lydia,7
CT,F,1978,Lynette,7
CT,F,1978,Marcella,7
CT,F,1978,Misty,7
CT,F,1978,Olivia,7
CT,F,1978,Shelley,7
CT,F,1978,Sheryl,7
CT,F,1978,Sylvia,7
CT,F,1978,Tammie,7
CT,F,1978,Tanisha,7
CT,F,1978,Yvette,7
CT,F,1978,Alissa,6
CT,F,1978,Ami,6
CT,F,1978,Angel,6
CT,F,1978,Angelica,6
CT,F,1978,Bernadette,6
CT,F,1978,Camille,6
CT,F,1978,Carly,6
CT,F,1978,Cathleen,6
CT,F,1978,Chantal,6
CT,F,1978,Chelsea,6
CT,F,1978,Cheri,6
CT,F,1978,Cherie,6
CT,F,1978,Chrystal,6
CT,F,1978,Corey,6
CT,F,1978,Cori,6
CT,F,1978,Darlene,6
CT,F,1978,Dena,6
CT,F,1978,Devon,6
CT,F,1978,Doreen,6
CT,F,1978,Eleanor,6
CT,F,1978,Esmeralda,6
CT,F,1978,Genevieve,6
CT,F,1978,Hilary,6
CT,F,1978,Jeanne,6
CT,F,1978,Josephine,6
CT,F,1978,Kizzy,6
CT,F,1978,Lakeya,6
CT,F,1978,Leticia,6
CT,F,1978,Liana,6
CT,F,1978,Lillian,6
CT,F,1978,Lorraine,6
CT,F,1978,Luisa,6
CT,F,1978,Lynda,6
CT,F,1978,Madelyn,6
CT,F,1978,Maryann,6
CT,F,1978,Marybeth,6
CT,F,1978,Maya,6
CT,F,1978,Nora,6
CT,F,1978,Rita,6
CT,F,1978,Robert,6
CT,F,1978,Roberta,6
CT,F,1978,Sage,6
CT,F,1978,Summer,6
CT,F,1978,Susanne,6
CT,F,1978,Tanika,6
CT,F,1978,Teri,6
CT,F,1978,Tessa,6
CT,F,1978,Adriane,5
CT,F,1978,Amelia,5
CT,F,1978,Audra,5
CT,F,1978,Brianne,5
CT,F,1978,Cecilia,5
CT,F,1978,Celina,5
CT,F,1978,Chandra,5
CT,F,1978,Chrissy,5
CT,F,1978,Christin,5
CT,F,1978,Colette,5
CT,F,1978,Constance,5
CT,F,1978,Corrine,5
CT,F,1978,Dara,5
CT,F,1978,Eboni,5
CT,F,1978,Elisha,5
CT,F,1978,Eliza,5
CT,F,1978,Glenda,5
CT,F,1978,Gwendolyn,5
CT,F,1978,Helena,5
CT,F,1978,Ingrid,5
CT,F,1978,Jana,5
CT,F,1978,Janine,5
CT,F,1978,Jeanine,5
CT,F,1978,Jesenia,5
CT,F,1978,Jessenia,5
CT,F,1978,Joelle,5
CT,F,1978,Kai,5
CT,F,1978,Karin,5
CT,F,1978,Karyn,5
CT,F,1978,Kimberley,5
CT,F,1978,Kirstin,5
CT,F,1978,Kizzie,5
CT,F,1978,Kylie,5
CT,F,1978,Lakeisha,5
CT,F,1978,Lashonda,5
CT,F,1978,Lee,5
CT,F,1978,Leila,5
CT,F,1978,Lora,5
CT,F,1978,Lucinda,5
CT,F,1978,Mackenzie,5
CT,F,1978,Maritza,5
CT,F,1978,Marjorie,5
CT,F,1978,Marnie,5
CT,F,1978,Marsha,5
CT,F,1978,Maryellen,5
CT,F,1978,Myra,5
CT,F,1978,Nadia,5
CT,F,1978,Noelle,5
CT,F,1978,Olga,5
CT,F,1978,Priscilla,5
CT,F,1978,Quiana,5
CT,F,1978,Randi,5
CT,F,1978,Rayna,5
CT,F,1978,Rosemary,5
CT,F,1978,Ryan,5
CT,F,1978,Shanna,5
CT,F,1978,Shara,5
CT,F,1978,Shauna,5
CT,F,1978,Thomas,5
CT,F,1978,Tiffanie,5
CT,F,1978,Xiomara,5
CT,F,1979,Jennifer,731
CT,F,1979,Melissa,510
CT,F,1979,Jessica,425
CT,F,1979,Sarah,340
CT,F,1979,Elizabeth,297
CT,F,1979,Amy,270
CT,F,1979,Nicole,262
CT,F,1979,Michelle,253
CT,F,1979,Heather,233
CT,F,1979,Lisa,225
CT,F,1979,Amanda,221
CT,F,1979,Kelly,216
CT,F,1979,Rebecca,207
CT,F,1979,Christina,202
CT,F,1979,Kimberly,191
CT,F,1979,Danielle,164
CT,F,1979,Laura,161
CT,F,1979,Erin,157
CT,F,1979,Stephanie,148
CT,F,1979,Katherine,147
CT,F,1979,Christine,144
CT,F,1979,Megan,141
CT,F,1979,Lauren,133
CT,F,1979,Rachel,126
CT,F,1979,Kristen,122
CT,F,1979,Shannon,118
CT,F,1979,Sara,110
CT,F,1979,Julie,103
CT,F,1979,Erica,100
CT,F,1979,Karen,98
CT,F,1979,Kathryn,97
CT,F,1979,Andrea,95
CT,F,1979,Tara,93
CT,F,1979,Angela,86
CT,F,1979,Jamie,85
CT,F,1979,Emily,84
CT,F,1979,Allison,82
CT,F,1979,Crystal,82
CT,F,1979,Kristin,80
CT,F,1979,Mary,80
CT,F,1979,Jill,79
CT,F,1979,Kathleen,77
CT,F,1979,Meghan,76
CT,F,1979,Catherine,72
CT,F,1979,Stacy,72
CT,F,1979,Tiffany,71
CT,F,1979,April,70
CT,F,1979,Melanie,70
CT,F,1979,Alison,69
CT,F,1979,Stacey,67
CT,F,1979,Maria,65
CT,F,1979,Tracy,65
CT,F,1979,Susan,64
CT,F,1979,Cheryl,63
CT,F,1979,Courtney,63
CT,F,1979,Jacqueline,62
CT,F,1979,Kristy,59
CT,F,1979,Alicia,58
CT,F,1979,Dawn,57
CT,F,1979,Monica,57
CT,F,1979,Tanya,57
CT,F,1979,Patricia,55
CT,F,1979,Amber,54
CT,F,1979,Jaime,53
CT,F,1979,Dana,51
CT,F,1979,Cynthia,47
CT,F,1979,Margaret,47
CT,F,1979,Michele,47
CT,F,1979,Anne,46
CT,F,1979,Carrie,46
CT,F,1979,Holly,46
CT,F,1979,Kristina,46
CT,F,1979,Lindsay,46
CT,F,1979,Sandra,46
CT,F,1979,Ashley,45
CT,F,1979,Tina,45
CT,F,1979,Beth,44
CT,F,1979,Gina,44
CT,F,1979,Samantha,44
CT,F,1979,Vanessa,44
CT,F,1979,Kara,43
CT,F,1979,Kate,43
CT,F,1979,Anna,42
CT,F,1979,Heidi,42
CT,F,1979,Katie,42
CT,F,1979,Colleen,41
CT,F,1979,Meredith,41
CT,F,1979,Theresa,41
CT,F,1979,Alexandra,39
CT,F,1979,Victoria,39
CT,F,1979,Wendy,39
CT,F,1979,Pamela,38
CT,F,1979,Renee,38
CT,F,1979,Diana,37
CT,F,1979,Erika,37
CT,F,1979,Lori,37
CT,F,1979,Carolyn,36
CT,F,1979,Sharon,35
CT,F,1979,Bethany,34
CT,F,1979,Krista,34
CT,F,1979,Leah,33
CT,F,1979,Melinda,33
CT,F,1979,Sabrina,33
CT,F,1979,Barbara,32
CT,F,1979,Linda,32
CT,F,1979,Aimee,31
CT,F,1979,Brenda,31
CT,F,1979,Nancy,31
CT,F,1979,Tammy,31
CT,F,1979,Teresa,31
CT,F,1979,Brooke,30
CT,F,1979,Caroline,30
CT,F,1979,Denise,30
CT,F,1979,Donna,30
CT,F,1979,Julia,30
CT,F,1979,Marisa,30
CT,F,1979,Debra,28
CT,F,1979,Jaclyn,28
CT,F,1979,Joy,28
CT,F,1979,Robin,28
CT,F,1979,Katrina,27
CT,F,1979,Lindsey,27
CT,F,1979,Suzanne,27
CT,F,1979,Deborah,26
CT,F,1979,Jenny,26
CT,F,1979,Adrienne,25
CT,F,1979,Ebony,25
CT,F,1979,Leslie,25
CT,F,1979,Marie,25
CT,F,1979,Monique,25
CT,F,1979,Veronica,25
CT,F,1979,Ann,24
CT,F,1979,Bonnie,24
CT,F,1979,Carmen,24
CT,F,1979,Diane,24
CT,F,1979,Latoya,24
CT,F,1979,Abigail,23
CT,F,1979,Kristine,23
CT,F,1979,Marissa,23
CT,F,1979,Valerie,23
CT,F,1979,Candice,22
CT,F,1979,Cassandra,22
CT,F,1979,Jillian,22
CT,F,1979,Joanna,22
CT,F,1979,Maureen,22
CT,F,1979,Tamara,22
CT,F,1979,Nichole,21
CT,F,1979,Cara,20
CT,F,1979,Cristina,20
CT,F,1979,Deanna,20
CT,F,1979,Janet,20
CT,F,1979,Jennie,20
CT,F,1979,Natasha,20
CT,F,1979,Rachael,20
CT,F,1979,Robyn,20
CT,F,1979,Tracey,20
CT,F,1979,Cindy,19
CT,F,1979,Evelyn,19
CT,F,1979,Joanne,19
CT,F,1979,Kendra,19
CT,F,1979,Kerry,19
CT,F,1979,Kristi,19
CT,F,1979,Laurie,19
CT,F,1979,Paula,19
CT,F,1979,Alexis,18
CT,F,1979,Charlene,18
CT,F,1979,Jodi,18
CT,F,1979,Kelley,18
CT,F,1979,Lynn,18
CT,F,1979,Shanna,18
CT,F,1979,Tania,18
CT,F,1979,Tricia,18
CT,F,1979,Yolanda,18
CT,F,1979,Brianne,17
CT,F,1979,Dorothy,17
CT,F,1979,Katharine,17
CT,F,1979,Keri,17
CT,F,1979,Madeline,17
CT,F,1979,Natalie,17
CT,F,1979,Alyssa,16
CT,F,1979,Brandi,16
CT,F,1979,Bridget,16
CT,F,1979,Carla,16
CT,F,1979,Casey,16
CT,F,1979,Jean,16
CT,F,1979,Jeanette,16
CT,F,1979,Jocelyn,16
CT,F,1979,Kari,16
CT,F,1979,Tabitha,16
CT,F,1979,Tonya,16
CT,F,1979,Amie,15
CT,F,1979,Ana,15
CT,F,1979,Brandy,15
CT,F,1979,Kerri,15
CT,F,1979,Kim,15
CT,F,1979,Kirsten,15
CT,F,1979,Mandy,15
CT,F,1979,Meaghan,15
CT,F,1979,Sonia,15
CT,F,1979,Paige,14
CT,F,1979,Rosa,14
CT,F,1979,Ruth,14
CT,F,1979,Shana,14
CT,F,1979,Tanisha,14
CT,F,1979,Christie,13
CT,F,1979,Desiree,13
CT,F,1979,Liza,13
CT,F,1979,Martha,13
CT,F,1979,Rosemary,13
CT,F,1979,Shauna,13
CT,F,1979,Tamika,13
CT,F,1979,Virginia,13
CT,F,1979,Aisha,12
CT,F,1979,Alyson,12
CT,F,1979,Anita,12
CT,F,1979,Belinda,12
CT,F,1979,Carol,12
CT,F,1979,Christa,12
CT,F,1979,Christy,12
CT,F,1979,Eileen,12
CT,F,1979,Ellen,12
CT,F,1979,Felicia,12
CT,F,1979,Hilary,12
CT,F,1979,Jasmine,12
CT,F,1979,Jessie,12
CT,F,1979,Jodie,12
CT,F,1979,Meghann,12
CT,F,1979,Mindy,12
CT,F,1979,Molly,12
CT,F,1979,Regina,12
CT,F,1979,Sheila,12
CT,F,1979,Tasha,12
CT,F,1979,Traci,12
CT,F,1979,Caitlin,11
CT,F,1979,Elaine,11
CT,F,1979,Faith,11
CT,F,1979,Helen,11
CT,F,1979,Iris,11
CT,F,1979,Marisol,11
CT,F,1979,Misty,11
CT,F,1979,Rebekah,11
CT,F,1979,Sherry,11
CT,F,1979,Stacie,11
CT,F,1979,Toni,11
CT,F,1979,Wanda,11
CT,F,1979,Yvonne,11
CT,F,1979,Alissa,10
CT,F,1979,Angel,10
CT,F,1979,Brittany,10
CT,F,1979,Damaris,10
CT,F,1979,Elisabeth,10
CT,F,1979,Emma,10
CT,F,1979,Eva,10
CT,F,1979,Gretchen,10
CT,F,1979,Hannah,10
CT,F,1979,Kristie,10
CT,F,1979,Marilyn,10
CT,F,1979,Maritza,10
CT,F,1979,Melody,10
CT,F,1979,Miranda,10
CT,F,1979,Naomi,10
CT,F,1979,Rose,10
CT,F,1979,Trisha,10
CT,F,1979,Viviana,10
CT,F,1979,Whitney,10
CT,F,1979,Aja,9
CT,F,1979,Bianca,9
CT,F,1979,Carissa,9
CT,F,1979,Corey,9
CT,F,1979,Darlene,9
CT,F,1979,Dominique,9
CT,F,1979,Elena,9
CT,F,1979,Janelle,9
CT,F,1979,Judith,9
CT,F,1979,Kelli,9
CT,F,1979,Kellie,9
CT,F,1979,Lakeisha,9
CT,F,1979,Latisha,9
CT,F,1979,Lydia,9
CT,F,1979,Marci,9
CT,F,1979,Marcy,9
CT,F,1979,Nina,9
CT,F,1979,Olivia,9
CT,F,1979,Raquel,9
CT,F,1979,Rhonda,9
CT,F,1979,Shawna,9
CT,F,1979,Staci,9
CT,F,1979,Trina,9
CT,F,1979,Alice,8
CT,F,1979,Charlotte,8
CT,F,1979,Corinne,8
CT,F,1979,Daisy,8
CT,F,1979,David,8
CT,F,1979,Elise,8
CT,F,1979,Francesca,8
CT,F,1979,Glenda,8
CT,F,1979,Hillary,8
CT,F,1979,Janice,8
CT,F,1979,Jeanine,8
CT,F,1979,Jenna,8
CT,F,1979,Joan,8
CT,F,1979,Jody,8
CT,F,1979,Johanna,8
CT,F,1979,Justine,8
CT,F,1979,Karin,8
CT,F,1979,Karla,8
CT,F,1979,Karyn,8
CT,F,1979,Latasha,8
CT,F,1979,Maya,8
CT,F,1979,Nora,8
CT,F,1979,Sandy,8
CT,F,1979,Shelley,8
CT,F,1979,Sherri,8
CT,F,1979,Terri,8
CT,F,1979,Abby,7
CT,F,1979,Alana,7
CT,F,1979,Allyson,7
CT,F,1979,Angie,7
CT,F,1979,Arlene,7
CT,F,1979,Betsy,7
CT,F,1979,Candace,7
CT,F,1979,Cathleen,7
CT,F,1979,Cherie,7
CT,F,1979,Elissa,7
CT,F,1979,Irene,7
CT,F,1979,Ivy,7
CT,F,1979,Jeannette,7
CT,F,1979,Juanita,7
CT,F,1979,Kasey,7
CT,F,1979,Kenya,7
CT,F,1979,Kyla,7
CT,F,1979,Leanne,7
CT,F,1979,Leigh,7
CT,F,1979,Lesley,7
CT,F,1979,Lissette,7
CT,F,1979,Marion,7
CT,F,1979,Nadia,7
CT,F,1979,Sheri,7
CT,F,1979,Silvia,7
CT,F,1979,Tami,7
CT,F,1979,Taryn,7
CT,F,1979,Tracie,7
CT,F,1979,Vivian,7
CT,F,1979,Yesenia,7
CT,F,1979,Adriana,6
CT,F,1979,Alisa,6
CT,F,1979,Amelia,6
CT,F,1979,Audrey,6
CT,F,1979,Autumn,6
CT,F,1979,Beatrice,6
CT,F,1979,Betty,6
CT,F,1979,Carly,6
CT,F,1979,Caryn,6
CT,F,1979,Chanel,6
CT,F,1979,Claire,6
CT,F,1979,Claudia,6
CT,F,1979,Devon,6
CT,F,1979,Gabrielle,6
CT,F,1979,Grace,6
CT,F,1979,Hollie,6
CT,F,1979,Jacquelyn,6
CT,F,1979,Janette,6
CT,F,1979,Jeanne,6
CT,F,1979,Joann,6
CT,F,1979,Judy,6
CT,F,1979,Larissa,6
CT,F,1979,Leticia,6
CT,F,1979,Lillian,6
CT,F,1979,Luz,6
CT,F,1979,Lynette,6
CT,F,1979,Marianne,6
CT,F,1979,Marsha,6
CT,F,1979,Maura,6
CT,F,1979,Mia,6
CT,F,1979,Nadine,6
CT,F,1979,Noelle,6
CT,F,1979,Norma,6
CT,F,1979,Priscilla,6
CT,F,1979,Quiana,6
CT,F,1979,Sally,6
CT,F,1979,Shameka,6
CT,F,1979,Shelly,6
CT,F,1979,Sue,6
CT,F,1979,Summer,6
CT,F,1979,Alaina,5
CT,F,1979,Alanna,5
CT,F,1979,Alessandra,5
CT,F,1979,Alisha,5
CT,F,1979,Anastasia,5
CT,F,1979,Angelica,5
CT,F,1979,Angelina,5
CT,F,1979,Annie,5
CT,F,1979,Annmarie,5
CT,F,1979,Aubrey,5
CT,F,1979,Brianna,5
CT,F,1979,Brie,5
CT,F,1979,Cathy,5
CT,F,1979,Chantelle,5
CT,F,1979,Charity,5
CT,F,1979,Chelsea,5
CT,F,1979,Cheri,5
CT,F,1979,Christen,5
CT,F,1979,Christin,5
CT,F,1979,Connie,5
CT,F,1979,Constance,5
CT,F,1979,Cori,5
CT,F,1979,Cory,5
CT,F,1979,Deirdre,5
CT,F,1979,Destiny,5
CT,F,1979,Devin,5
CT,F,1979,Dianna,5
CT,F,1979,Dianne,5
CT,F,1979,Dina,5
CT,F,1979,Elisa,5
CT,F,1979,Ericka,5
CT,F,1979,Faye,5
CT,F,1979,Gail,5
CT,F,1979,Gloria,5
CT,F,1979,Iesha,5
CT,F,1979,Ivette,5
CT,F,1979,Jaimie,5
CT,F,1979,Jami,5
CT,F,1979,Janine,5
CT,F,1979,Jenifer,5
CT,F,1979,Jesse,5
CT,F,1979,Josephine,5
CT,F,1979,Kathy,5
CT,F,1979,Keisha,5
CT,F,1979,Kyle,5
CT,F,1979,Latanya,5
CT,F,1979,Lee,5
CT,F,1979,Luisa,5
CT,F,1979,Lynne,5
CT,F,1979,Maegan,5
CT,F,1979,Marcella,5
CT,F,1979,Marcie,5
CT,F,1979,Maribel,5
CT,F,1979,Marjorie,5
CT,F,1979,Mellissa,5
CT,F,1979,Michael,5
CT,F,1979,Miriam,5
CT,F,1979,Nakia,5
CT,F,1979,Nikki,5
CT,F,1979,Omayra,5
CT,F,1979,Patrice,5
CT,F,1979,Raina,5
CT,F,1979,Ramona,5
CT,F,1979,Rashida,5
CT,F,1979,Robert,5
CT,F,1979,Roberta,5
CT,F,1979,Rochelle,5
CT,F,1979,Roxanne,5
CT,F,1979,Selena,5
CT,F,1979,Shanda,5
CT,F,1979,Shante,5
CT,F,1979,Sherrie,5
CT,F,1979,Sheryl,5
CT,F,1979,Shirley,5
CT,F,1979,Shonda,5
CT,F,1979,Sonya,5
CT,F,1979,Sophia,5
CT,F,1979,Stefanie,5
CT,F,1979,Stephany,5
CT,F,1979,Talia,5
CT,F,1979,Tashema,5
CT,F,1979,Tia,5
CT,F,1979,Tiana,5
CT,F,1979,Vicky,5
CT,F,1979,Yanira,5
CT,F,1979,Yvette,5
CT,F,1980,Jennifer,732
CT,F,1980,Jessica,466
CT,F,1980,Melissa,452
CT,F,1980,Sarah,400
CT,F,1980,Elizabeth,314
CT,F,1980,Nicole,298
CT,F,1980,Amy,270
CT,F,1980,Michelle,243
CT,F,1980,Rebecca,235
CT,F,1980,Heather,228
CT,F,1980,Amanda,219
CT,F,1980,Kimberly,214
CT,F,1980,Lisa,205
CT,F,1980,Kelly,199
CT,F,1980,Christina,185
CT,F,1980,Erin,176
CT,F,1980,Stephanie,171
CT,F,1980,Laura,167
CT,F,1980,Christine,154
CT,F,1980,Sara,153
CT,F,1980,Katherine,151
CT,F,1980,Danielle,147
CT,F,1980,Kristen,147
CT,F,1980,Megan,142
CT,F,1980,Erica,137
CT,F,1980,Emily,129
CT,F,1980,Shannon,125
CT,F,1980,Rachel,121
CT,F,1980,Mary,120
CT,F,1980,Kristin,112
CT,F,1980,Tiffany,107
CT,F,1980,Lauren,104
CT,F,1980,Katie,98
CT,F,1980,Julie,91
CT,F,1980,Kathryn,90
CT,F,1980,Allison,86
CT,F,1980,Meghan,86
CT,F,1980,Angela,85
CT,F,1980,Tara,82
CT,F,1980,Andrea,78
CT,F,1980,Crystal,78
CT,F,1980,Karen,77
CT,F,1980,Kathleen,77
CT,F,1980,Maria,73
CT,F,1980,Jamie,72
CT,F,1980,Alison,70
CT,F,1980,Catherine,68
CT,F,1980,Jacqueline,67
CT,F,1980,Jill,67
CT,F,1980,Melanie,67
CT,F,1980,Lindsay,66
CT,F,1980,Stacy,66
CT,F,1980,Courtney,65
CT,F,1980,Dana,65
CT,F,1980,Amber,63
CT,F,1980,Stacey,63
CT,F,1980,Alicia,62
CT,F,1980,Ashley,62
CT,F,1980,Tracy,61
CT,F,1980,Carrie,57
CT,F,1980,Dawn,57
CT,F,1980,Vanessa,54
CT,F,1980,April,52
CT,F,1980,Michele,52
CT,F,1980,Sandra,52
CT,F,1980,Susan,52
CT,F,1980,Holly,51
CT,F,1980,Tanya,50
CT,F,1980,Cheryl,49
CT,F,1980,Kara,47
CT,F,1980,Erika,46
CT,F,1980,Heidi,46
CT,F,1980,Monica,46
CT,F,1980,Kate,45
CT,F,1980,Margaret,45
CT,F,1980,Bethany,44
CT,F,1980,Colleen,44
CT,F,1980,Cynthia,44
CT,F,1980,Gina,44
CT,F,1980,Tammy,44
CT,F,1980,Kristina,43
CT,F,1980,Monique,43
CT,F,1980,Tina,43
CT,F,1980,Anne,42
CT,F,1980,Leah,42
CT,F,1980,Patricia,42
CT,F,1980,Brooke,41
CT,F,1980,Denise,41
CT,F,1980,Robin,41
CT,F,1980,Samantha,41
CT,F,1980,Anna,40
CT,F,1980,Krista,39
CT,F,1980,Meredith,39
CT,F,1980,Beth,38
CT,F,1980,Alexandra,37
CT,F,1980,Jillian,36
CT,F,1980,Lindsey,36
CT,F,1980,Carolyn,34
CT,F,1980,Leslie,34
CT,F,1980,Natasha,34
CT,F,1980,Suzanne,34
CT,F,1980,Theresa,34
CT,F,1980,Victoria,34
CT,F,1980,Brenda,33
CT,F,1980,Jenny,33
CT,F,1980,Valerie,32
CT,F,1980,Jaime,31
CT,F,1980,Kristy,31
CT,F,1980,Diana,30
CT,F,1980,Marie,30
CT,F,1980,Marissa,30
CT,F,1980,Alyssa,29
CT,F,1980,Abigail,28
CT,F,1980,Melinda,28
CT,F,1980,Nancy,28
CT,F,1980,Rachael,28
CT,F,1980,Deborah,27
CT,F,1980,Joanna,27
CT,F,1980,Julia,27
CT,F,1980,Pamela,27
CT,F,1980,Tamara,27
CT,F,1980,Ebony,26
CT,F,1980,Lori,26
CT,F,1980,Lynn,26
CT,F,1980,Ann,25
CT,F,1980,Barbara,25
CT,F,1980,Caitlin,25
CT,F,1980,Cristina,25
CT,F,1980,Janet,25
CT,F,1980,Maureen,25
CT,F,1980,Natalie,25
CT,F,1980,Renee,25
CT,F,1980,Wendy,25
CT,F,1980,Diane,24
CT,F,1980,Jaclyn,24
CT,F,1980,Teresa,24
CT,F,1980,Carla,23
CT,F,1980,Kristine,23
CT,F,1980,Marisa,23
CT,F,1980,Rosa,23
CT,F,1980,Sabrina,23
CT,F,1980,Tracey,23
CT,F,1980,Cassandra,22
CT,F,1980,Katharine,22
CT,F,1980,Laurie,22
CT,F,1980,Sharon,22
CT,F,1980,Aimee,21
CT,F,1980,Brianne,21
CT,F,1980,Candace,21
CT,F,1980,Katrina,21
CT,F,1980,Molly,21
CT,F,1980,Nichole,21
CT,F,1980,Debra,20
CT,F,1980,Nina,20
CT,F,1980,Yolanda,20
CT,F,1980,Alexis,19
CT,F,1980,Carmen,19
CT,F,1980,Caroline,19
CT,F,1980,Linda,19
CT,F,1980,Meagan,19
CT,F,1980,Veronica,19
CT,F,1980,Bonnie,18
CT,F,1980,Bridget,18
CT,F,1980,Kerry,18
CT,F,1980,Adrienne,17
CT,F,1980,Alyson,17
CT,F,1980,Cara,17
CT,F,1980,Desiree,17
CT,F,1980,Jean,17
CT,F,1980,Kerri,17
CT,F,1980,Morgan,17
CT,F,1980,Rose,17
CT,F,1980,Stefanie,17
CT,F,1980,Brandi,16
CT,F,1980,Christy,16
CT,F,1980,Ellen,16
CT,F,1980,Gretchen,16
CT,F,1980,Kelley,16
CT,F,1980,Kendra,16
CT,F,1980,Virginia,16
CT,F,1980,Claire,15
CT,F,1980,Eileen,15
CT,F,1980,Elisabeth,15
CT,F,1980,Jasmine,15
CT,F,1980,Johanna,15
CT,F,1980,Larissa,15
CT,F,1980,Latoya,15
CT,F,1980,Meaghan,15
CT,F,1980,Naomi,15
CT,F,1980,Shauna,15
CT,F,1980,Tricia,15
CT,F,1980,Trisha,15
CT,F,1980,Ana,14
CT,F,1980,Betsy,14
CT,F,1980,Charlene,14
CT,F,1980,Dena,14
CT,F,1980,Donna,14
CT,F,1980,Jenna,14
CT,F,1980,Kelli,14
CT,F,1980,Kirsten,14
CT,F,1980,Priscilla,14
CT,F,1980,Shelley,14
CT,F,1980,Tasha,14
CT,F,1980,Brandy,13
CT,F,1980,Elaine,13
CT,F,1980,Janelle,13
CT,F,1980,Joanne,13
CT,F,1980,Jocelyn,13
CT,F,1980,Latasha,13
CT,F,1980,Paula,13
CT,F,1980,Ruth,13
CT,F,1980,Sherry,13
CT,F,1980,Tamika,13
CT,F,1980,Tania,13
CT,F,1980,Whitney,13
CT,F,1980,Alissa,12
CT,F,1980,Allyson,12
CT,F,1980,Candice,12
CT,F,1980,Casey,12
CT,F,1980,Christa,12
CT,F,1980,Corey,12
CT,F,1980,Corinne,12
CT,F,1980,Deanna,12
CT,F,1980,Dorothy,12
CT,F,1980,Hillary,12
CT,F,1980,Jodi,12
CT,F,1980,Lakisha,12
CT,F,1980,Robyn,12
CT,F,1980,Shawna,12
CT,F,1980,Alana,11
CT,F,1980,Alisha,11
CT,F,1980,Angelica,11
CT,F,1980,Charlotte,11
CT,F,1980,Cindy,11
CT,F,1980,Daisy,11
CT,F,1980,Dina,11
CT,F,1980,Esther,11
CT,F,1980,Hilary,11
CT,F,1980,Janice,11
CT,F,1980,Jeanette,11
CT,F,1980,Jennie,11
CT,F,1980,Joann,11
CT,F,1980,Keri,11
CT,F,1980,Luz,11
CT,F,1980,Rebekah,11
CT,F,1980,Sonia,11
CT,F,1980,Tonya,11
CT,F,1980,Wanda,11
CT,F,1980,Yvonne,11
CT,F,1980,Brianna,10
CT,F,1980,Carissa,10
CT,F,1980,Carly,10
CT,F,1980,Carol,10
CT,F,1980,Damaris,10
CT,F,1980,Elise,10
CT,F,1980,Hope,10
CT,F,1980,Janine,10
CT,F,1980,Jessie,10
CT,F,1980,Kristi,10
CT,F,1980,Lesley,10
CT,F,1980,Mandy,10
CT,F,1980,Marci,10
CT,F,1980,Marcia,10
CT,F,1980,Penny,10
CT,F,1980,Regina,10
CT,F,1980,Shanna,10
CT,F,1980,Shayla,10
CT,F,1980,Tanisha,10
CT,F,1980,Toni,10
CT,F,1980,Annette,9
CT,F,1980,Aubrey,9
CT,F,1980,Elena,9
CT,F,1980,Felicia,9
CT,F,1980,Gladys,9
CT,F,1980,Grace,9
CT,F,1980,Jane,9
CT,F,1980,Jordan,9
CT,F,1980,Karyn,9
CT,F,1980,Kim,9
CT,F,1980,Kimberley,9
CT,F,1980,Leigh,9
CT,F,1980,Liza,9
CT,F,1980,Marcie,9
CT,F,1980,Marisol,9
CT,F,1980,Marlene,9
CT,F,1980,Melisa,9
CT,F,1980,Miranda,9
CT,F,1980,Shana,9
CT,F,1980,Tabitha,9
CT,F,1980,Christie,8
CT,F,1980,Constance,8
CT,F,1980,Deirdre,8
CT,F,1980,Devon,8
CT,F,1980,Elisa,8
CT,F,1980,Ericka,8
CT,F,1980,Eva,8
CT,F,1980,Jaimie,8
CT,F,1980,Jody,8
CT,F,1980,Joyce,8
CT,F,1980,Karla,8
CT,F,1980,Katelyn,8
CT,F,1980,Keisha,8
CT,F,1980,Kellie,8
CT,F,1980,Leanne,8
CT,F,1980,Lee,8
CT,F,1980,Leticia,8
CT,F,1980,Lillian,8
CT,F,1980,Marcy,8
CT,F,1980,Marta,8
CT,F,1980,Rosemary,8
CT,F,1980,Sheila,8
CT,F,1980,Shelly,8
CT,F,1980,Sheri,8
CT,F,1980,Abby,7
CT,F,1980,Aisha,7
CT,F,1980,Amie,7
CT,F,1980,Angel,7
CT,F,1980,Angelina,7
CT,F,1980,Annie,7
CT,F,1980,Annmarie,7
CT,F,1980,Carey,7
CT,F,1980,Cathleen,7
CT,F,1980,Christen,7
CT,F,1980,Daniela,7
CT,F,1980,Gloria,7
CT,F,1980,Hannah,7
CT,F,1980,Irene,7
CT,F,1980,Iris,7
CT,F,1980,Jasmin,7
CT,F,1980,Kari,7
CT,F,1980,Kristie,7
CT,F,1980,Madeline,7
CT,F,1980,Maribel,7
CT,F,1980,Misty,7
CT,F,1980,Olga,7
CT,F,1980,Olivia,7
CT,F,1980,Ryan,7
CT,F,1980,Simone,7
CT,F,1980,Siobhan,7
CT,F,1980,Sonya,7
CT,F,1980,Stacie,7
CT,F,1980,Susanna,7
CT,F,1980,Sylvia,7
CT,F,1980,Traci,7
CT,F,1980,Yajaira,7
CT,F,1980,Alaina,6
CT,F,1980,Arielle,6
CT,F,1980,Autumn,6
CT,F,1980,Beatrice,6
CT,F,1980,Becky,6
CT,F,1980,Camille,6
CT,F,1980,Chrissy,6
CT,F,1980,Dara,6
CT,F,1980,Elissa,6
CT,F,1980,Evelyn,6
CT,F,1980,Faith,6
CT,F,1980,Frances,6
CT,F,1980,Jacquelyn,6
CT,F,1980,Jason,6
CT,F,1980,Jeanne,6
CT,F,1980,Jenifer,6
CT,F,1980,Joy,6
CT,F,1980,Judith,6
CT,F,1980,Justine,6
CT,F,1980,Karin,6
CT,F,1980,Karissa,6
CT,F,1980,Kathy,6
CT,F,1980,Katy,6
CT,F,1980,Kristyn,6
CT,F,1980,Kyla,6
CT,F,1980,Kyle,6
CT,F,1980,Lakesha,6
CT,F,1980,Lara,6
CT,F,1980,Laurel,6
CT,F,1980,Lena,6
CT,F,1980,Liz,6
CT,F,1980,Lizette,6
CT,F,1980,Lydia,6
CT,F,1980,Mariah,6
CT,F,1980,Marianne,6
CT,F,1980,Maura,6
CT,F,1980,Mia,6
CT,F,1980,Paige,6
CT,F,1980,Patrice,6
CT,F,1980,Randi,6
CT,F,1980,Rita,6
CT,F,1980,Rosemarie,6
CT,F,1980,Roxanne,6
CT,F,1980,Sasha,6
CT,F,1980,Summer,6
CT,F,1980,Syreeta,6
CT,F,1980,Tammie,6
CT,F,1980,Taryn,6
CT,F,1980,Terri,6
CT,F,1980,Adrianne,5
CT,F,1980,Alexa,5
CT,F,1980,Alice,5
CT,F,1980,Alycia,5
CT,F,1980,Arlene,5
CT,F,1980,Audra,5
CT,F,1980,Belinda,5
CT,F,1980,Brie,5
CT,F,1980,Brittany,5
CT,F,1980,Cherie,5
CT,F,1980,Chimere,5
CT,F,1980,Coleen,5
CT,F,1980,Cory,5
CT,F,1980,Darlene,5
CT,F,1980,David,5
CT,F,1980,Davina,5
CT,F,1980,Debbie,5
CT,F,1980,Genevieve,5
CT,F,1980,Georgia,5
CT,F,1980,Ingrid,5
CT,F,1980,Isabel,5
CT,F,1980,Jana,5
CT,F,1980,Jesse,5
CT,F,1980,Joan,5
CT,F,1980,Jolene,5
CT,F,1980,Joseph,5
CT,F,1980,Josephine,5
CT,F,1980,Julianne,5
CT,F,1980,Juliet,5
CT,F,1980,Kaitlin,5
CT,F,1980,Kylie,5
CT,F,1980,Lea,5
CT,F,1980,Lynda,5
CT,F,1980,Maggie,5
CT,F,1980,Maritza,5
CT,F,1980,Martha,5
CT,F,1980,Maya,5
CT,F,1980,Melody,5
CT,F,1980,Mindy,5
CT,F,1980,Monika,5
CT,F,1980,Nora,5
CT,F,1980,Raquel,5
CT,F,1980,Rashida,5
CT,F,1980,Raven,5
CT,F,1980,Sacha,5
CT,F,1980,Sandy,5
CT,F,1980,Sarabeth,5
CT,F,1980,Shara,5
CT,F,1980,Shavonne,5
CT,F,1980,Tia,5
CT,F,1980,Tiana,5
CT,F,1980,Trina,5
CT,F,1981,Jennifer,680
CT,F,1981,Jessica,624
CT,F,1981,Sarah,420
CT,F,1981,Melissa,393
CT,F,1981,Elizabeth,316
CT,F,1981,Nicole,289
CT,F,1981,Amy,268
CT,F,1981,Michelle,236
CT,F,1981,Kimberly,230
CT,F,1981,Heather,222
CT,F,1981,Amanda,219
CT,F,1981,Rebecca,217
CT,F,1981,Laura,205
CT,F,1981,Erin,196
CT,F,1981,Stephanie,191
CT,F,1981,Lisa,188
CT,F,1981,Kelly,186
CT,F,1981,Christina,182
CT,F,1981,Danielle,182
CT,F,1981,Sara,176
CT,F,1981,Katherine,167
CT,F,1981,Emily,160
CT,F,1981,Lauren,160
CT,F,1981,Kristen,150
CT,F,1981,Kristin,131
CT,F,1981,Christine,125
CT,F,1981,Rachel,125
CT,F,1981,Crystal,124
CT,F,1981,Megan,118
CT,F,1981,Shannon,115
CT,F,1981,Tiffany,115
CT,F,1981,Kathryn,113
CT,F,1981,Erica,110
CT,F,1981,Mary,105
CT,F,1981,Jamie,99
CT,F,1981,Julie,96
CT,F,1981,Angela,94
CT,F,1981,Courtney,93
CT,F,1981,Tara,93
CT,F,1981,Katie,92
CT,F,1981,Allison,87
CT,F,1981,Andrea,87
CT,F,1981,Lindsay,85
CT,F,1981,Karen,84
CT,F,1981,Jacqueline,79
CT,F,1981,Kathleen,78
CT,F,1981,Amber,77
CT,F,1981,Maria,72
CT,F,1981,Ashley,71
CT,F,1981,Meghan,70
CT,F,1981,Catherine,69
CT,F,1981,Alicia,65
CT,F,1981,Diana,64
CT,F,1981,Stacey,62
CT,F,1981,Tracy,62
CT,F,1981,April,60
CT,F,1981,Susan,60
CT,F,1981,Alison,59
CT,F,1981,Kristina,59
CT,F,1981,Lindsey,59
CT,F,1981,Margaret,59
CT,F,1981,Jill,56
CT,F,1981,Vanessa,56
CT,F,1981,Patricia,55
CT,F,1981,Samantha,55
CT,F,1981,Carrie,52
CT,F,1981,Melanie,52
CT,F,1981,Victoria,52
CT,F,1981,Dana,50
CT,F,1981,Leah,50
CT,F,1981,Kate,49
CT,F,1981,Dawn,46
CT,F,1981,Jillian,46
CT,F,1981,Michele,46
CT,F,1981,Gina,45
CT,F,1981,Julia,45
CT,F,1981,Kara,45
CT,F,1981,Sandra,42
CT,F,1981,Bethany,41
CT,F,1981,Marissa,40
CT,F,1981,Pamela,40
CT,F,1981,Renee,40
CT,F,1981,Stacy,40
CT,F,1981,Brooke,39
CT,F,1981,Holly,39
CT,F,1981,Colleen,38
CT,F,1981,Tina,38
CT,F,1981,Cynthia,37
CT,F,1981,Tanya,37
CT,F,1981,Anna,36
CT,F,1981,Anne,36
CT,F,1981,Natalie,36
CT,F,1981,Theresa,36
CT,F,1981,Heidi,35
CT,F,1981,Marisa,35
CT,F,1981,Suzanne,35
CT,F,1981,Erika,34
CT,F,1981,Latoya,34
CT,F,1981,Alexandra,33
CT,F,1981,Cheryl,33
CT,F,1981,Jaime,33
CT,F,1981,Leslie,33
CT,F,1981,Linda,33
CT,F,1981,Monica,33
CT,F,1981,Nina,33
CT,F,1981,Barbara,31
CT,F,1981,Candice,31
CT,F,1981,Ebony,31
CT,F,1981,Katharine,31
CT,F,1981,Robin,31
CT,F,1981,Marie,30
CT,F,1981,Aimee,29
CT,F,1981,Alexis,29
CT,F,1981,Joanna,29
CT,F,1981,Lori,29
CT,F,1981,Natasha,29
CT,F,1981,Teresa,29
CT,F,1981,Abigail,28
CT,F,1981,Denise,28
CT,F,1981,Diane,28
CT,F,1981,Lynn,28
CT,F,1981,Wendy,28
CT,F,1981,Beth,27
CT,F,1981,Brenda,27
CT,F,1981,Carla,27
CT,F,1981,Deborah,27
CT,F,1981,Melinda,27
CT,F,1981,Monique,27
CT,F,1981,Sharon,27
CT,F,1981,Stefanie,27
CT,F,1981,Casey,26
CT,F,1981,Cristina,26
CT,F,1981,Jessie,26
CT,F,1981,Krista,26
CT,F,1981,Morgan,26
CT,F,1981,Veronica,26
CT,F,1981,Alyssa,25
CT,F,1981,Kristine,25
CT,F,1981,Molly,25
CT,F,1981,Valerie,25
CT,F,1981,Caitlin,24
CT,F,1981,Carolyn,24
CT,F,1981,Cassandra,24
CT,F,1981,Meredith,24
CT,F,1981,Yolanda,24
CT,F,1981,Cara,23
CT,F,1981,Laurie,23
CT,F,1981,Nancy,23
CT,F,1981,Rachael,23
CT,F,1981,Tamara,23
CT,F,1981,Bridget,22
CT,F,1981,Ellen,22
CT,F,1981,Jaclyn,22
CT,F,1981,Kari,21
CT,F,1981,Katrina,21
CT,F,1981,Naomi,21
CT,F,1981,Rebekah,21
CT,F,1981,Brandy,20
CT,F,1981,Caroline,20
CT,F,1981,Kerry,20
CT,F,1981,Leigh,20
CT,F,1981,Tammy,20
CT,F,1981,Alissa,19
CT,F,1981,Ann,19
CT,F,1981,Candace,19
CT,F,1981,Deanna,19
CT,F,1981,Jasmine,19
CT,F,1981,Jocelyn,19
CT,F,1981,Paula,19
CT,F,1981,Tasha,19
CT,F,1981,Ana,18
CT,F,1981,Carissa,18
CT,F,1981,Kirsten,18
CT,F,1981,Krystal,18
CT,F,1981,Robyn,18
CT,F,1981,Sabrina,18
CT,F,1981,Tricia,18
CT,F,1981,Annette,17
CT,F,1981,Carol,17
CT,F,1981,Donna,17
CT,F,1981,Meagan,17
CT,F,1981,Priscilla,17
CT,F,1981,Ruth,17
CT,F,1981,Sonia,17
CT,F,1981,Adrienne,16
CT,F,1981,Allyson,16
CT,F,1981,Brandi,16
CT,F,1981,Jacquelyn,16
CT,F,1981,Jenna,16
CT,F,1981,Jenny,16
CT,F,1981,Kristy,16
CT,F,1981,Nichole,16
CT,F,1981,Virginia,16
CT,F,1981,Cindy,15
CT,F,1981,Eileen,15
CT,F,1981,Elisabeth,15
CT,F,1981,Hannah,15
CT,F,1981,Johanna,15
CT,F,1981,Whitney,15
CT,F,1981,Alana,14
CT,F,1981,Bianca,14
CT,F,1981,Bonnie,14
CT,F,1981,Brittany,14
CT,F,1981,Carmen,14
CT,F,1981,Evelyn,14
CT,F,1981,Keri,14
CT,F,1981,Kristi,14
CT,F,1981,Martha,14
CT,F,1981,Tracey,14
CT,F,1981,Abby,13
CT,F,1981,Anita,13
CT,F,1981,Carly,13
CT,F,1981,Christy,13
CT,F,1981,Janice,13
CT,F,1981,Jeanette,13
CT,F,1981,Kelley,13
CT,F,1981,Kendra,13
CT,F,1981,Latasha,13
CT,F,1981,Maureen,13
CT,F,1981,Regina,13
CT,F,1981,Rosa,13
CT,F,1981,Rose,13
CT,F,1981,Trisha,13
CT,F,1981,Alisha,12
CT,F,1981,Alyson,12
CT,F,1981,Charlene,12
CT,F,1981,Christie,12
CT,F,1981,Desiree,12
CT,F,1981,Elena,12
CT,F,1981,Felicia,12
CT,F,1981,Joanne,12
CT,F,1981,Kerri,12
CT,F,1981,Shelly,12
CT,F,1981,Sophia,12
CT,F,1981,Tamika,12
CT,F,1981,Tanisha,12
CT,F,1981,Tonya,12
CT,F,1981,Amie,11
CT,F,1981,Darcy,11
CT,F,1981,Karin,11
CT,F,1981,Meaghan,11
CT,F,1981,Ryan,11
CT,F,1981,Shana,11
CT,F,1981,Tania,11
CT,F,1981,Angel,10
CT,F,1981,Christa,10
CT,F,1981,Elisa,10
CT,F,1981,Hope,10
CT,F,1981,Jesse,10
CT,F,1981,Jody,10
CT,F,1981,Kellie,10
CT,F,1981,Kyle,10
CT,F,1981,Lara,10
CT,F,1981,Lea,10
CT,F,1981,Mandy,10
CT,F,1981,Nikki,10
CT,F,1981,Shauna,10
CT,F,1981,Sherry,10
CT,F,1981,Aisha,9
CT,F,1981,Angelina,9
CT,F,1981,Christen,9
CT,F,1981,Debra,9
CT,F,1981,Elissa,9
CT,F,1981,Francesca,9
CT,F,1981,Gretchen,9
CT,F,1981,Hilary,9
CT,F,1981,Jean,9
CT,F,1981,Jenifer,9
CT,F,1981,Jodi,9
CT,F,1981,Kim,9
CT,F,1981,Lakeisha,9
CT,F,1981,Luz,9
CT,F,1981,Marcie,9
CT,F,1981,Marilyn,9
CT,F,1981,Melody,9
CT,F,1981,Nikia,9
CT,F,1981,Nora,9
CT,F,1981,Olivia,9
CT,F,1981,Paige,9
CT,F,1981,Raquel,9
CT,F,1981,Tameka,9
CT,F,1981,Terri,9
CT,F,1981,Toni,9
CT,F,1981,Adriana,8
CT,F,1981,Alanna,8
CT,F,1981,Alisa,8
CT,F,1981,Angie,8
CT,F,1981,Antoinette,8
CT,F,1981,Corinne,8
CT,F,1981,Daisy,8
CT,F,1981,Damaris,8
CT,F,1981,Devon,8
CT,F,1981,Eliza,8
CT,F,1981,Esther,8
CT,F,1981,Gabrielle,8
CT,F,1981,Gloria,8
CT,F,1981,Jaimie,8
CT,F,1981,Janelle,8
CT,F,1981,Justine,8
CT,F,1981,Kathy,8
CT,F,1981,Lee,8
CT,F,1981,Lillian,8
CT,F,1981,Lorraine,8
CT,F,1981,Lydia,8
CT,F,1981,Michael,8
CT,F,1981,Nadine,8
CT,F,1981,Rosemarie,8
CT,F,1981,Sandy,8
CT,F,1981,Sasha,8
CT,F,1981,Serena,8
CT,F,1981,Shawna,8
CT,F,1981,Sheila,8
CT,F,1981,Taina,8
CT,F,1981,Abbey,7
CT,F,1981,Alexandria,7
CT,F,1981,Annmarie,7
CT,F,1981,Audra,7
CT,F,1981,Betsy,7
CT,F,1981,Brandie,7
CT,F,1981,Chelsea,7
CT,F,1981,Dara,7
CT,F,1981,Darlene,7
CT,F,1981,Jacklyn,7
CT,F,1981,Janet,7
CT,F,1981,Janine,7
CT,F,1981,Jasmin,7
CT,F,1981,Joseph,7
CT,F,1981,Joy,7
CT,F,1981,Judith,7
CT,F,1981,Karla,7
CT,F,1981,Kelli,7
CT,F,1981,Kristie,7
CT,F,1981,Krystle,7
CT,F,1981,Lakisha,7
CT,F,1981,Larissa,7
CT,F,1981,Laurel,7
CT,F,1981,Leanne,7
CT,F,1981,Marcella,7
CT,F,1981,Marcia,7
CT,F,1981,Maritza,7
CT,F,1981,Melisa,7
CT,F,1981,Misty,7
CT,F,1981,Rita,7
CT,F,1981,Shelby,7
CT,F,1981,Shelley,7
CT,F,1981,Sherri,7
CT,F,1981,Sylvia,7
CT,F,1981,Tabitha,7
CT,F,1981,Wanda,7
CT,F,1981,Yesenia,7
CT,F,1981,Yvonne,7
CT,F,1981,Amelia,6
CT,F,1981,Angelica,6
CT,F,1981,Aubrey,6
CT,F,1981,Audrey,6
CT,F,1981,Autumn,6
CT,F,1981,Charlotte,6
CT,F,1981,Cherie,6
CT,F,1981,Claire,6
CT,F,1981,Claudia,6
CT,F,1981,Connie,6
CT,F,1981,Cristin,6
CT,F,1981,Daniel,6
CT,F,1981,Dianna,6
CT,F,1981,Dorothy,6
CT,F,1981,Eleanor,6
CT,F,1981,Eva,6
CT,F,1981,Glenda,6
CT,F,1981,Grace,6
CT,F,1981,Helen,6
CT,F,1981,Hillary,6
CT,F,1981,Irene,6
CT,F,1981,James,6
CT,F,1981,Jana,6
CT,F,1981,Jane,6
CT,F,1981,Jennie,6
CT,F,1981,Jolene,6
CT,F,1981,Josephine,6
CT,F,1981,Julianne,6
CT,F,1981,Karissa,6
CT,F,1981,Latisha,6
CT,F,1981,Leeann,6
CT,F,1981,Liza,6
CT,F,1981,Lourdes,6
CT,F,1981,Lucy,6
CT,F,1981,Maura,6
CT,F,1981,Mindy,6
CT,F,1981,Miriam,6
CT,F,1981,Moira,6
CT,F,1981,Monika,6
CT,F,1981,Olga,6
CT,F,1981,Rhonda,6
CT,F,1981,Rosemary,6
CT,F,1981,Shirley,6
CT,F,1981,Summer,6
CT,F,1981,Tiana,6
CT,F,1981,Vivian,6
CT,F,1981,Adrianne,5
CT,F,1981,Annie,5
CT,F,1981,Arlene,5
CT,F,1981,Ashlee,5
CT,F,1981,Ashleigh,5
CT,F,1981,Beatrice,5
CT,F,1981,Becky,5
CT,F,1981,Brenna,5
CT,F,1981,Brian,5
CT,F,1981,Briana,5
CT,F,1981,Brianna,5
CT,F,1981,Callie,5
CT,F,1981,Cassie,5
CT,F,1981,Celina,5
CT,F,1981,Chandra,5
CT,F,1981,Chantel,5
CT,F,1981,Clarissa,5
CT,F,1981,Corrine,5
CT,F,1981,Cortney,5
CT,F,1981,Dina,5
CT,F,1981,Elise,5
CT,F,1981,Elisha,5
CT,F,1981,Gabriella,5
CT,F,1981,Ivelisse,5
CT,F,1981,Ivette,5
CT,F,1981,Jason,5
CT,F,1981,Jesenia,5
CT,F,1981,Joann,5
CT,F,1981,Joyce,5
CT,F,1981,Juanita,5
CT,F,1981,Juliana,5
CT,F,1981,Justin,5
CT,F,1981,Kaitlin,5
CT,F,1981,Katy,5
CT,F,1981,Keisha,5
CT,F,1981,Kristal,5
CT,F,1981,Krystyna,5
CT,F,1981,Leticia,5
CT,F,1981,Madeline,5
CT,F,1981,Margot,5
CT,F,1981,Marisol,5
CT,F,1981,Marta,5
CT,F,1981,Maryann,5
CT,F,1981,Meghann,5
CT,F,1981,Mildred,5
CT,F,1981,Miranda,5
CT,F,1981,Myra,5
CT,F,1981,Noelle,5
CT,F,1981,Rhiannon,5
CT,F,1981,Sally,5
CT,F,1981,Shanna,5
CT,F,1981,Shavonne,5
CT,F,1981,Shayla,5
CT,F,1981,Shayna,5
CT,F,1981,Siobhan,5
CT,F,1981,Stacie,5
CT,F,1981,Tabatha,5
CT,F,1981,Tami,5
CT,F,1981,Tanika,5
CT,F,1981,Taylor,5
CT,F,1981,Tiffani,5
CT,F,1981,Tisha,5
CT,F,1981,Yahaira,5
CT,F,1982,Jennifer,739
CT,F,1982,Jessica,634
CT,F,1982,Melissa,418
CT,F,1982,Sarah,383
CT,F,1982,Nicole,330
CT,F,1982,Elizabeth,315
CT,F,1982,Amy,252
CT,F,1982,Amanda,239
CT,F,1982,Stephanie,239
CT,F,1982,Michelle,232
CT,F,1982,Heather,224
CT,F,1982,Rebecca,215
CT,F,1982,Lauren,214
CT,F,1982,Erin,212
CT,F,1982,Kelly,209
CT,F,1982,Emily,188
CT,F,1982,Lisa,183
CT,F,1982,Kimberly,180
CT,F,1982,Kristen,178
CT,F,1982,Christina,175
CT,F,1982,Danielle,172
CT,F,1982,Laura,168
CT,F,1982,Katherine,165
CT,F,1982,Rachel,152
CT,F,1982,Lindsay,148
CT,F,1982,Sara,148
CT,F,1982,Megan,139
CT,F,1982,Crystal,132
CT,F,1982,Christine,129
CT,F,1982,Tiffany,125
CT,F,1982,Shannon,123
CT,F,1982,Ashley,119
CT,F,1982,Kristin,115
CT,F,1982,Jamie,112
CT,F,1982,Kathryn,111
CT,F,1982,Allison,109
CT,F,1982,Mary,98
CT,F,1982,Andrea,92
CT,F,1982,Angela,91
CT,F,1982,Erica,91
CT,F,1982,Jacqueline,88
CT,F,1982,Stacey,84
CT,F,1982,Courtney,81
CT,F,1982,Tara,77
CT,F,1982,Catherine,76
CT,F,1982,Jillian,76
CT,F,1982,Meghan,76
CT,F,1982,Amber,75
CT,F,1982,Maria,72
CT,F,1982,Karen,71
CT,F,1982,Lindsey,71
CT,F,1982,Kathleen,68
CT,F,1982,Alicia,67
CT,F,1982,Julie,66
CT,F,1982,Katie,64
CT,F,1982,Diana,63
CT,F,1982,Dana,62
CT,F,1982,Vanessa,62
CT,F,1982,Melanie,61
CT,F,1982,Susan,61
CT,F,1982,Samantha,59
CT,F,1982,Alison,57
CT,F,1982,April,57
CT,F,1982,Julia,57
CT,F,1982,Jill,56
CT,F,1982,Kristina,56
CT,F,1982,Victoria,56
CT,F,1982,Carrie,55
CT,F,1982,Colleen,54
CT,F,1982,Margaret,50
CT,F,1982,Anna,49
CT,F,1982,Jaime,49
CT,F,1982,Marissa,49
CT,F,1982,Caitlin,48
CT,F,1982,Theresa,48
CT,F,1982,Erika,47
CT,F,1982,Michele,44
CT,F,1982,Natalie,44
CT,F,1982,Pamela,44
CT,F,1982,Sandra,44
CT,F,1982,Dawn,43
CT,F,1982,Denise,43
CT,F,1982,Cynthia,42
CT,F,1982,Kara,42
CT,F,1982,Renee,42
CT,F,1982,Jaclyn,41
CT,F,1982,Kate,41
CT,F,1982,Natasha,41
CT,F,1982,Alexis,40
CT,F,1982,Leah,40
CT,F,1982,Monica,40
CT,F,1982,Beth,39
CT,F,1982,Heidi,39
CT,F,1982,Stefanie,38
CT,F,1982,Bethany,37
CT,F,1982,Patricia,37
CT,F,1982,Ebony,36
CT,F,1982,Cassandra,35
CT,F,1982,Sharon,35
CT,F,1982,Stacy,35
CT,F,1982,Tracy,35
CT,F,1982,Alexandra,34
CT,F,1982,Carolyn,34
CT,F,1982,Cheryl,34
CT,F,1982,Meredith,34
CT,F,1982,Tina,34
CT,F,1982,Anne,32
CT,F,1982,Krystal,31
CT,F,1982,Katharine,30
CT,F,1982,Leslie,30
CT,F,1982,Molly,30
CT,F,1982,Tanya,29
CT,F,1982,Barbara,28
CT,F,1982,Krista,28
CT,F,1982,Latoya,28
CT,F,1982,Deborah,27
CT,F,1982,Diane,27
CT,F,1982,Holly,27
CT,F,1982,Linda,27
CT,F,1982,Monique,27
CT,F,1982,Nichole,27
CT,F,1982,Brooke,26
CT,F,1982,Caroline,26
CT,F,1982,Katrina,26
CT,F,1982,Kerry,26
CT,F,1982,Marie,26
CT,F,1982,Tammy,26
CT,F,1982,Abigail,25
CT,F,1982,Bridget,25
CT,F,1982,Candice,25
CT,F,1982,Cara,25
CT,F,1982,Carla,25
CT,F,1982,Kristy,25
CT,F,1982,Lori,25
CT,F,1982,Robin,25
CT,F,1982,Tamara,25
CT,F,1982,Teresa,25
CT,F,1982,Bonnie,24
CT,F,1982,Chelsea,24
CT,F,1982,Valerie,24
CT,F,1982,Alyssa,23
CT,F,1982,Carmen,23
CT,F,1982,Desiree,23
CT,F,1982,Gina,23
CT,F,1982,Melinda,23
CT,F,1982,Joanna,21
CT,F,1982,Marisa,21
CT,F,1982,Nina,21
CT,F,1982,Tracey,21
CT,F,1982,Aimee,20
CT,F,1982,Sabrina,20
CT,F,1982,Brandi,19
CT,F,1982,Brenda,19
CT,F,1982,Cristina,19
CT,F,1982,Jasmine,19
CT,F,1982,Jenny,19
CT,F,1982,Jocelyn,19
CT,F,1982,Nancy,19
CT,F,1982,Naomi,19
CT,F,1982,Shawna,19
CT,F,1982,Veronica,19
CT,F,1982,Ann,18
CT,F,1982,Brittany,18
CT,F,1982,Kaitlin,18
CT,F,1982,Rachael,18
CT,F,1982,Suzanne,18
CT,F,1982,Alissa,17
CT,F,1982,Brandy,17
CT,F,1982,Candace,17
CT,F,1982,Charlene,17
CT,F,1982,Jacquelyn,17
CT,F,1982,Kari,17
CT,F,1982,Kelley,17
CT,F,1982,Laurie,17
CT,F,1982,Lynn,17
CT,F,1982,Maureen,17
CT,F,1982,Morgan,17
CT,F,1982,Priscilla,17
CT,F,1982,Yolanda,17
CT,F,1982,Amie,16
CT,F,1982,Casey,16
CT,F,1982,Kendra,16
CT,F,1982,Kristine,16
CT,F,1982,Paula,16
CT,F,1982,Rebekah,16
CT,F,1982,Ana,15
CT,F,1982,Audrey,15
CT,F,1982,Deanna,15
CT,F,1982,Elena,15
CT,F,1982,Elisabeth,15
CT,F,1982,Latasha,15
CT,F,1982,Lesley,15
CT,F,1982,Miranda,15
CT,F,1982,Robyn,15
CT,F,1982,Sheena,15
CT,F,1982,Carissa,14
CT,F,1982,Cindy,14
CT,F,1982,Debra,14
CT,F,1982,Eileen,14
CT,F,1982,Felicia,14
CT,F,1982,Janet,14
CT,F,1982,Jennie,14
CT,F,1982,Joanne,14
CT,F,1982,Marilyn,14
CT,F,1982,Meagan,14
CT,F,1982,Tamika,14
CT,F,1982,Wendy,14
CT,F,1982,Angelica,13
CT,F,1982,Carly,13
CT,F,1982,Dorothy,13
CT,F,1982,Evelyn,13
CT,F,1982,Jane,13
CT,F,1982,Jesse,13
CT,F,1982,Joy,13
CT,F,1982,Kelli,13
CT,F,1982,Kellie,13
CT,F,1982,Kerri,13
CT,F,1982,Kristie,13
CT,F,1982,Lara,13
CT,F,1982,Mandy,13
CT,F,1982,Sheila,13
CT,F,1982,Taylor,13
CT,F,1982,Whitney,13
CT,F,1982,Christa,12
CT,F,1982,Hannah,12
CT,F,1982,Jeanette,12
CT,F,1982,Jenna,12
CT,F,1982,Johanna,12
CT,F,1982,Jolene,12
CT,F,1982,Raquel,12
CT,F,1982,Sally,12
CT,F,1982,Shauna,12
CT,F,1982,Sophia,12
CT,F,1982,Tania,12
CT,F,1982,Tricia,12
CT,F,1982,Brianna,11
CT,F,1982,Claire,11
CT,F,1982,Elisa,11
CT,F,1982,Gretchen,11
CT,F,1982,Jean,11
CT,F,1982,Lacey,11
CT,F,1982,Laurel,11
CT,F,1982,Rosa,11
CT,F,1982,Sherry,11
CT,F,1982,Traci,11
CT,F,1982,Virginia,11
CT,F,1982,Abby,10
CT,F,1982,Adrienne,10
CT,F,1982,Aisha,10
CT,F,1982,Alisha,10
CT,F,1982,Autumn,10
CT,F,1982,Carol,10
CT,F,1982,Cassie,10
CT,F,1982,Elissa,10
CT,F,1982,Ellen,10
CT,F,1982,Iris,10
CT,F,1982,Jordan,10
CT,F,1982,Maura,10
CT,F,1982,Miriam,10
CT,F,1982,Nikki,10
CT,F,1982,Sasha,10
CT,F,1982,Tiffani,10
CT,F,1982,Toccara,10
CT,F,1982,Toni,10
CT,F,1982,Yvonne,10
CT,F,1982,Belinda,9
CT,F,1982,Christen,9
CT,F,1982,Christy,9
CT,F,1982,Darlene,9
CT,F,1982,Donna,9
CT,F,1982,Emma,9
CT,F,1982,Fallon,9
CT,F,1982,Frances,9
CT,F,1982,Gillian,9
CT,F,1982,Gloria,9
CT,F,1982,Jessie,9
CT,F,1982,Joyce,9
CT,F,1982,Kirsten,9
CT,F,1982,Krystle,9
CT,F,1982,Latisha,9
CT,F,1982,Lea,9
CT,F,1982,Leigh,9
CT,F,1982,Lydia,9
CT,F,1982,Martha,9
CT,F,1982,Meaghan,9
CT,F,1982,Michael,9
CT,F,1982,Patrice,9
CT,F,1982,Regina,9
CT,F,1982,Rose,9
CT,F,1982,Ruth,9
CT,F,1982,Shelby,9
CT,F,1982,Shelley,9
CT,F,1982,Sherri,9
CT,F,1982,Sonia,9
CT,F,1982,Sylvia,9
CT,F,1982,Trisha,9
CT,F,1982,Angelina,8
CT,F,1982,Annie,8
CT,F,1982,Ariana,8
CT,F,1982,Audra,8
CT,F,1982,Brianne,8
CT,F,1982,Chrystal,8
CT,F,1982,Cristin,8
CT,F,1982,Daisy,8
CT,F,1982,Faith,8
CT,F,1982,Hilary,8
CT,F,1982,Irene,8
CT,F,1982,Jade,8
CT,F,1982,Jessenia,8
CT,F,1982,Jodi,8
CT,F,1982,Jody,8
CT,F,1982,Judith,8
CT,F,1982,Justine,8
CT,F,1982,Kasey,8
CT,F,1982,Keri,8
CT,F,1982,Madeline,8
CT,F,1982,Noelle,8
CT,F,1982,Roxanne,8
CT,F,1982,Shana,8
CT,F,1982,Stacie,8
CT,F,1982,Tasha,8
CT,F,1982,Tia,8
CT,F,1982,Tiana,8
CT,F,1982,Tonya,8
CT,F,1982,Alana,7
CT,F,1982,Alice,7
CT,F,1982,Anastasia,7
CT,F,1982,Antoinette,7
CT,F,1982,Chelsey,7
CT,F,1982,Christin,7
CT,F,1982,Darcy,7
CT,F,1982,Dayna,7
CT,F,1982,Deirdre,7
CT,F,1982,Elaine,7
CT,F,1982,Eva,7
CT,F,1982,Katy,7
CT,F,1982,Kira,7
CT,F,1982,Kristi,7
CT,F,1982,Larissa,7
CT,F,1982,Leanne,7
CT,F,1982,Liana,7
CT,F,1982,Liza,7
CT,F,1982,Lyndsey,7
CT,F,1982,Madelyn,7
CT,F,1982,Marcy,7
CT,F,1982,Marla,7
CT,F,1982,Marta,7
CT,F,1982,Maryann,7
CT,F,1982,Mia,7
CT,F,1982,Nadine,7
CT,F,1982,Olivia,7
CT,F,1982,Siobhan,7
CT,F,1982,Tabitha,7
CT,F,1982,Tammie,7
CT,F,1982,Taryn,7
CT,F,1982,Yajaira,7
CT,F,1982,Alexandria,6
CT,F,1982,Alyson,6
CT,F,1982,Anita,6
CT,F,1982,Annette,6
CT,F,1982,Bianca,6
CT,F,1982,Brett,6
CT,F,1982,Brynn,6
CT,F,1982,Caryn,6
CT,F,1982,Charlotte,6
CT,F,1982,Cheri,6
CT,F,1982,Dena,6
CT,F,1982,Devin,6
CT,F,1982,Devon,6
CT,F,1982,Dianna,6
CT,F,1982,Genevieve,6
CT,F,1982,Grace,6
CT,F,1982,Helen,6
CT,F,1982,Jana,6
CT,F,1982,Janelle,6
CT,F,1982,Janice,6
CT,F,1982,Janine,6
CT,F,1982,Jenilee,6
CT,F,1982,Joan,6
CT,F,1982,Josephine,6
CT,F,1982,Karin,6
CT,F,1982,Kayla,6
CT,F,1982,Kia,6
CT,F,1982,Kimberlee,6
CT,F,1982,Leila,6
CT,F,1982,Lillian,6
CT,F,1982,Marci,6
CT,F,1982,Marcia,6
CT,F,1982,Maribel,6
CT,F,1982,Maryellen,6
CT,F,1982,Maya,6
CT,F,1982,Melody,6
CT,F,1982,Nora,6
CT,F,1982,Pauline,6
CT,F,1982,Rosanna,6
CT,F,1982,Rosemarie,6
CT,F,1982,Sandy,6
CT,F,1982,Serena,6
CT,F,1982,Sheri,6
CT,F,1982,Silvia,6
CT,F,1982,Stella,6
CT,F,1982,Vicki,6
CT,F,1982,Adriana,5
CT,F,1982,Agatha,5
CT,F,1982,Alexa,5
CT,F,1982,Amelia,5
CT,F,1982,Angel,5
CT,F,1982,Annmarie,5
CT,F,1982,Aubrey,5
CT,F,1982,Briana,5
CT,F,1982,Camille,5
CT,F,1982,Casandra,5
CT,F,1982,Cathleen,5
CT,F,1982,Chanel,5
CT,F,1982,Cherie,5
CT,F,1982,Christie,5
CT,F,1982,Clara,5
CT,F,1982,Claudia,5
CT,F,1982,Corinne,5
CT,F,1982,Dina,5
CT,F,1982,Elana,5
CT,F,1982,Elisha,5
CT,F,1982,Emilie,5
CT,F,1982,Francesca,5
CT,F,1982,Hayley,5
CT,F,1982,Ivette,5
CT,F,1982,Jacklyn,5
CT,F,1982,James,5
CT,F,1982,Jason,5
CT,F,1982,Jeannine,5
CT,F,1982,Joann,5
CT,F,1982,Juliana,5
CT,F,1982,Kendall,5
CT,F,1982,Kori,5
CT,F,1982,Kyle,5
CT,F,1982,Lisette,5
CT,F,1982,Luz,5
CT,F,1982,Lyndsay,5
CT,F,1982,Maegan,5
CT,F,1982,Mara,5
CT,F,1982,Marcie,5
CT,F,1982,Marianne,5
CT,F,1982,Marina,5
CT,F,1982,Marlena,5
CT,F,1982,Melisa,5
CT,F,1982,Misty,5
CT,F,1982,Monika,5
CT,F,1982,Nadia,5
CT,F,1982,Norma,5
CT,F,1982,Randi,5
CT,F,1982,Rita,5
CT,F,1982,Roseanne,5
CT,F,1982,Rosemary,5
CT,F,1982,Ruby,5
CT,F,1982,Ryan,5
CT,F,1982,Sage,5
CT,F,1982,Samara,5
CT,F,1982,Shanna,5
CT,F,1982,Thea,5
CT,F,1982,Tyesha,5
CT,F,1982,Venus,5
CT,F,1982,Yvette,5
CT,F,1982,Zoe,5
CT,F,1983,Jennifer,677
CT,F,1983,Jessica,599
CT,F,1983,Sarah,408
CT,F,1983,Nicole,369
CT,F,1983,Melissa,351
CT,F,1983,Elizabeth,294
CT,F,1983,Stephanie,286
CT,F,1983,Ashley,280
CT,F,1983,Heather,265
CT,F,1983,Amanda,251
CT,F,1983,Michelle,244
CT,F,1983,Lauren,225
CT,F,1983,Amy,218
CT,F,1983,Rebecca,208
CT,F,1983,Erin,205
CT,F,1983,Kelly,198
CT,F,1983,Kimberly,191
CT,F,1983,Danielle,181
CT,F,1983,Katherine,175
CT,F,1983,Kristen,173
CT,F,1983,Megan,172
CT,F,1983,Christina,167
CT,F,1983,Laura,167
CT,F,1983,Lisa,166
CT,F,1983,Rachel,165
CT,F,1983,Emily,162
CT,F,1983,Sara,143
CT,F,1983,Erica,139
CT,F,1983,Lindsay,129
CT,F,1983,Crystal,127
CT,F,1983,Jamie,121
CT,F,1983,Tiffany,119
CT,F,1983,Meghan,118
CT,F,1983,Kristin,112
CT,F,1983,Shannon,112
CT,F,1983,Christine,108
CT,F,1983,Kathryn,107
CT,F,1983,Lindsey,99
CT,F,1983,Mary,99
CT,F,1983,Samantha,94
CT,F,1983,Kathleen,92
CT,F,1983,Vanessa,87
CT,F,1983,Allison,86
CT,F,1983,Katie,84
CT,F,1983,Catherine,80
CT,F,1983,Courtney,80
CT,F,1983,Amber,79
CT,F,1983,Andrea,79
CT,F,1983,Angela,79
CT,F,1983,Jacqueline,77
CT,F,1983,Julie,77
CT,F,1983,Caitlin,76
CT,F,1983,Maria,76
CT,F,1983,Tara,74
CT,F,1983,Stacy,67
CT,F,1983,Alicia,63
CT,F,1983,Karen,62
CT,F,1983,Stacey,60
CT,F,1983,Victoria,59
CT,F,1983,Jillian,58
CT,F,1983,Dana,57
CT,F,1983,Julia,55
CT,F,1983,Alison,54
CT,F,1983,Holly,54
CT,F,1983,Gina,53
CT,F,1983,Colleen,52
CT,F,1983,Diana,52
CT,F,1983,Natasha,52
CT,F,1983,April,51
CT,F,1983,Kara,51
CT,F,1983,Jaclyn,47
CT,F,1983,Sandra,47
CT,F,1983,Susan,47
CT,F,1983,Alexis,44
CT,F,1983,Anna,44
CT,F,1983,Anne,44
CT,F,1983,Kristina,44
CT,F,1983,Melanie,44
CT,F,1983,Bethany,41
CT,F,1983,Carrie,41
CT,F,1983,Erika,41
CT,F,1983,Patricia,41
CT,F,1983,Leah,40
CT,F,1983,Natalie,40
CT,F,1983,Pamela,40
CT,F,1983,Stefanie,40
CT,F,1983,Veronica,38
CT,F,1983,Abigail,37
CT,F,1983,Jaime,37
CT,F,1983,Meredith,37
CT,F,1983,Barbara,36
CT,F,1983,Chelsea,36
CT,F,1983,Jill,36
CT,F,1983,Kate,36
CT,F,1983,Marissa,36
CT,F,1983,Monica,36
CT,F,1983,Tina,36
CT,F,1983,Aimee,35
CT,F,1983,Dawn,35
CT,F,1983,Tanya,35
CT,F,1983,Theresa,35
CT,F,1983,Alexandra,34
CT,F,1983,Cassandra,34
CT,F,1983,Cynthia,34
CT,F,1983,Desiree,34
CT,F,1983,Renee,34
CT,F,1983,Tracy,34
CT,F,1983,Ann,33
CT,F,1983,Carolyn,33
CT,F,1983,Michele,33
CT,F,1983,Robin,33
CT,F,1983,Denise,32
CT,F,1983,Joanna,32
CT,F,1983,Krystal,32
CT,F,1983,Margaret,32
CT,F,1983,Leslie,30
CT,F,1983,Valerie,30
CT,F,1983,Latoya,29
CT,F,1983,Sharon,29
CT,F,1983,Cara,28
CT,F,1983,Marisa,28
CT,F,1983,Morgan,28
CT,F,1983,Casey,27
CT,F,1983,Cheryl,27
CT,F,1983,Diane,27
CT,F,1983,Jasmine,27
CT,F,1983,Adrienne,26
CT,F,1983,Brittany,26
CT,F,1983,Caroline,26
CT,F,1983,Deanna,26
CT,F,1983,Heidi,26
CT,F,1983,Carmen,25
CT,F,1983,Candice,24
CT,F,1983,Katharine,24
CT,F,1983,Krista,24
CT,F,1983,Ebony,23
CT,F,1983,Jenny,23
CT,F,1983,Katrina,23
CT,F,1983,Marie,23
CT,F,1983,Melinda,23
CT,F,1983,Monique,23
CT,F,1983,Tammy,23
CT,F,1983,Cristina,22
CT,F,1983,Lori,22
CT,F,1983,Brandy,21
CT,F,1983,Deborah,21
CT,F,1983,Jenna,21
CT,F,1983,Kaitlin,21
CT,F,1983,Molly,21
CT,F,1983,Carissa,20
CT,F,1983,Hannah,20
CT,F,1983,Jocelyn,20
CT,F,1983,Kari,20
CT,F,1983,Nina,20
CT,F,1983,Rachael,20
CT,F,1983,Sheena,20
CT,F,1983,Alisha,19
CT,F,1983,Beth,19
CT,F,1983,Bonnie,19
CT,F,1983,Maureen,19
CT,F,1983,Nichole,19
CT,F,1983,Teresa,19
CT,F,1983,Alyssa,18
CT,F,1983,Bridget,18
CT,F,1983,Linda,18
CT,F,1983,Meagan,18
CT,F,1983,Nancy,18
CT,F,1983,Christie,17
CT,F,1983,Eileen,17
CT,F,1983,Jacquelyn,17
CT,F,1983,Jeanette,17
CT,F,1983,Lynn,17
CT,F,1983,Rebekah,17
CT,F,1983,Suzanne,17
CT,F,1983,Tamara,17
CT,F,1983,Amie,16
CT,F,1983,Ana,16
CT,F,1983,Elisabeth,16
CT,F,1983,Kayla,16
CT,F,1983,Kristy,16
CT,F,1983,Patrice,16
CT,F,1983,Shana,16
CT,F,1983,Brandi,15
CT,F,1983,Dorothy,15
CT,F,1983,Janelle,15
CT,F,1983,Janet,15
CT,F,1983,Jennie,15
CT,F,1983,Johanna,15
CT,F,1983,Kerry,15
CT,F,1983,Kyle,15
CT,F,1983,Robyn,15
CT,F,1983,Ruth,15
CT,F,1983,Sabrina,15
CT,F,1983,Brenda,14
CT,F,1983,Carly,14
CT,F,1983,Charlene,14
CT,F,1983,Elaine,14
CT,F,1983,Hilary,14
CT,F,1983,Joy,14
CT,F,1983,Kelley,14
CT,F,1983,Kristine,14
CT,F,1983,Martha,14
CT,F,1983,Whitney,14
CT,F,1983,Ashleigh,13
CT,F,1983,Candace,13
CT,F,1983,Carla,13
CT,F,1983,Donna,13
CT,F,1983,Fallon,13
CT,F,1983,Jane,13
CT,F,1983,Katelyn,13
CT,F,1983,Keri,13
CT,F,1983,Krystle,13
CT,F,1983,Meaghan,13
CT,F,1983,Miranda,13
CT,F,1983,Wendy,13
CT,F,1983,Yvonne,13
CT,F,1983,Abby,12
CT,F,1983,Allyson,12
CT,F,1983,Anita,12
CT,F,1983,Carol,12
CT,F,1983,Charlotte,12
CT,F,1983,Debra,12
CT,F,1983,Kelli,12
CT,F,1983,Kendra,12
CT,F,1983,Laurie,12
CT,F,1983,Luz,12
CT,F,1983,Marquita,12
CT,F,1983,Regina,12
CT,F,1983,Tasha,12
CT,F,1983,Taylor,12
CT,F,1983,Tricia,12
CT,F,1983,Alana,11
CT,F,1983,Alissa,11
CT,F,1983,Angelica,11
CT,F,1983,Chrystal,11
CT,F,1983,Corinne,11
CT,F,1983,Daisy,11
CT,F,1983,Ellen,11
CT,F,1983,Emma,11
CT,F,1983,Kerri,11
CT,F,1983,Lesley,11
CT,F,1983,Marilyn,11
CT,F,1983,Maura,11
CT,F,1983,Rosa,11
CT,F,1983,Angelina,10
CT,F,1983,Ariel,10
CT,F,1983,Brooke,10
CT,F,1983,Darcy,10
CT,F,1983,Elisa,10
CT,F,1983,Elyse,10
CT,F,1983,Felicia,10
CT,F,1983,Helen,10
CT,F,1983,Jade,10
CT,F,1983,Janine,10
CT,F,1983,Kirsten,10
CT,F,1983,Kristi,10
CT,F,1983,Lydia,10
CT,F,1983,Mandy,10
CT,F,1983,Marisol,10
CT,F,1983,Naomi,10
CT,F,1983,Olivia,10
CT,F,1983,Priscilla,10
CT,F,1983,Rose,10
CT,F,1983,Sherry,10
CT,F,1983,Tabitha,10
CT,F,1983,Tamika,10
CT,F,1983,Tanisha,10
CT,F,1983,Taryn,10
CT,F,1983,Virginia,10
CT,F,1983,Aisha,9
CT,F,1983,Bianca,9
CT,F,1983,Cassie,9
CT,F,1983,Christy,9
CT,F,1983,Cindy,9
CT,F,1983,Claire,9
CT,F,1983,Corey,9
CT,F,1983,Elena,9
CT,F,1983,Frances,9
CT,F,1983,Gabrielle,9
CT,F,1983,Grace,9
CT,F,1983,Jessie,9
CT,F,1983,Justine,9
CT,F,1983,Karina,9
CT,F,1983,Kathy,9
CT,F,1983,Kellie,9
CT,F,1983,Melody,9
CT,F,1983,Nora,9
CT,F,1983,Paula,9
CT,F,1983,Ryan,9
CT,F,1983,Shaina,9
CT,F,1983,Sherri,9
CT,F,1983,Sonia,9
CT,F,1983,Sophia,9
CT,F,1983,Stacie,9
CT,F,1983,Tonya,9
CT,F,1983,Angie,8
CT,F,1983,Ashlee,8
CT,F,1983,Esther,8
CT,F,1983,Gloria,8
CT,F,1983,Haley,8
CT,F,1983,Hillary,8
CT,F,1983,Janice,8
CT,F,1983,Jodi,8
CT,F,1983,Jolene,8
CT,F,1983,Maggie,8
CT,F,1983,Raquel,8
CT,F,1983,Sasha,8
CT,F,1983,Shauna,8
CT,F,1983,Shawna,8
CT,F,1983,Sheila,8
CT,F,1983,Tatiana,8
CT,F,1983,Toni,8
CT,F,1983,Trisha,8
CT,F,1983,Adriana,7
CT,F,1983,Alanna,7
CT,F,1983,Alyson,7
CT,F,1983,Amelia,7
CT,F,1983,Audrey,7
CT,F,1983,Bernadette,7
CT,F,1983,Beverly,7
CT,F,1983,Brianne,7
CT,F,1983,Chanel,7
CT,F,1983,Christin,7
CT,F,1983,Daniela,7
CT,F,1983,Elise,7
CT,F,1983,Eliza,7
CT,F,1983,Faith,7
CT,F,1983,Georgia,7
CT,F,1983,Iris,7
CT,F,1983,Jayme,7
CT,F,1983,Joann,7
CT,F,1983,Judith,7
CT,F,1983,Krystina,7
CT,F,1983,Lacey,7
CT,F,1983,Lea,7
CT,F,1983,Leigh,7
CT,F,1983,Lillian,7
CT,F,1983,Lucy,7
CT,F,1983,Marjorie,7
CT,F,1983,Maryann,7
CT,F,1983,Michael,7
CT,F,1983,Nikki,7
CT,F,1983,Paige,7
CT,F,1983,Shameka,7
CT,F,1983,Shelley,7
CT,F,1983,Shelly,7
CT,F,1983,Sofia,7
CT,F,1983,Tania,7
CT,F,1983,Tracey,7
CT,F,1983,Yolanda,7
CT,F,1983,Yvette,7
CT,F,1983,Angel,6
CT,F,1983,Annemarie,6
CT,F,1983,Aubrey,6
CT,F,1983,Brianna,6
CT,F,1983,Chantel,6
CT,F,1983,Chelsey,6
CT,F,1983,Clarissa,6
CT,F,1983,Damaris,6
CT,F,1983,Elissa,6
CT,F,1983,Eva,6
CT,F,1983,Jacklyn,6
CT,F,1983,Jasmin,6
CT,F,1983,Jean,6
CT,F,1983,Jeffrey,6
CT,F,1983,Joan,6
CT,F,1983,Joanne,6
CT,F,1983,Jordan,6
CT,F,1983,Kasey,6
CT,F,1983,Kelsey,6
CT,F,1983,Kristyn,6
CT,F,1983,Latasha,6
CT,F,1983,Lee,6
CT,F,1983,Lily,6
CT,F,1983,Loren,6
CT,F,1983,Lyndsey,6
CT,F,1983,Marianna,6
CT,F,1983,Marianne,6
CT,F,1983,Maritza,6
CT,F,1983,Noel,6
CT,F,1983,Noemi,6
CT,F,1983,Quiana,6
CT,F,1983,Rachelle,6
CT,F,1983,Rhonda,6
CT,F,1983,Rita,6
CT,F,1983,Rosemary,6
CT,F,1983,Serena,6
CT,F,1983,Shanna,6
CT,F,1983,Siobhan,6
CT,F,1983,Tessa,6
CT,F,1983,Zoe,6
CT,F,1983,Aileen,5
CT,F,1983,Alexandria,5
CT,F,1983,Alice,5
CT,F,1983,Annmarie,5
CT,F,1983,Antoinette,5
CT,F,1983,Antonia,5
CT,F,1983,Ariana,5
CT,F,1983,Becky,5
CT,F,1983,Betty,5
CT,F,1983,Caitlyn,5
CT,F,1983,Christa,5
CT,F,1983,Christopher,5
CT,F,1983,Connie,5
CT,F,1983,Daniel,5
CT,F,1983,Deirdre,5
CT,F,1983,Devon,5
CT,F,1983,Dianna,5
CT,F,1983,Evelyn,5
CT,F,1983,Faye,5
CT,F,1983,Gillian,5
CT,F,1983,Gretchen,5
CT,F,1983,Irene,5
CT,F,1983,Ivy,5
CT,F,1983,Jeanna,5
CT,F,1983,Jeannette,5
CT,F,1983,Jeannine,5
CT,F,1983,Jesse,5
CT,F,1983,Jessenia,5
CT,F,1983,Josephine,5
CT,F,1983,Julianne,5
CT,F,1983,Justina,5
CT,F,1983,Kaitlyn,5
CT,F,1983,Karla,5
CT,F,1983,Karly,5
CT,F,1983,Keisha,5
CT,F,1983,Kim,5
CT,F,1983,Kristal,5
CT,F,1983,Lakeisha,5
CT,F,1983,Lakisha,5
CT,F,1983,Latosha,5
CT,F,1983,Leanne,5
CT,F,1983,Lissette,5
CT,F,1983,Lourdes,5
CT,F,1983,Madeline,5
CT,F,1983,Mallory,5
CT,F,1983,Margo,5
CT,F,1983,Marlene,5
CT,F,1983,Maya,5
CT,F,1983,Mercedes,5
CT,F,1983,Mia,5
CT,F,1983,Milagros,5
CT,F,1983,Monika,5
CT,F,1983,Nadine,5
CT,F,1983,Rosemarie,5
CT,F,1983,Shayla,5
CT,F,1983,Simone,5
CT,F,1983,Taina,5
CT,F,1983,Tameka,5
CT,F,1983,Terri,5
CT,F,1984,Jennifer,651
CT,F,1984,Jessica,565
CT,F,1984,Sarah,386
CT,F,1984,Melissa,363
CT,F,1984,Nicole,349
CT,F,1984,Ashley,326
CT,F,1984,Elizabeth,305
CT,F,1984,Stephanie,305
CT,F,1984,Amanda,301
CT,F,1984,Danielle,270
CT,F,1984,Lauren,239
CT,F,1984,Heather,230
CT,F,1984,Michelle,229
CT,F,1984,Laura,221
CT,F,1984,Emily,220
CT,F,1984,Amy,205
CT,F,1984,Megan,199
CT,F,1984,Rebecca,196
CT,F,1984,Kelly,193
CT,F,1984,Christina,187
CT,F,1984,Katherine,183
CT,F,1984,Erin,182
CT,F,1984,Rachel,175
CT,F,1984,Kimberly,174
CT,F,1984,Kristen,159
CT,F,1984,Lisa,152
CT,F,1984,Lindsay,149
CT,F,1984,Meghan,149
CT,F,1984,Christine,143
CT,F,1984,Tiffany,132
CT,F,1984,Allison,125
CT,F,1984,Shannon,123
CT,F,1984,Caitlin,120
CT,F,1984,Crystal,118
CT,F,1984,Kathryn,118
CT,F,1984,Kristin,110
CT,F,1984,Alicia,107
CT,F,1984,Erica,106
CT,F,1984,Jacqueline,101
CT,F,1984,Sara,100
CT,F,1984,Jenna,97
CT,F,1984,Andrea,96
CT,F,1984,Jamie,92
CT,F,1984,Lindsey,92
CT,F,1984,Courtney,89
CT,F,1984,Samantha,88
CT,F,1984,Amber,86
CT,F,1984,Katie,85
CT,F,1984,Victoria,79
CT,F,1984,Angela,78
CT,F,1984,Kathleen,75
CT,F,1984,Mary,73
CT,F,1984,Julie,72
CT,F,1984,Vanessa,70
CT,F,1984,Catherine,69
CT,F,1984,Tara,69
CT,F,1984,Karen,62
CT,F,1984,Brittany,59
CT,F,1984,Maria,59
CT,F,1984,Alexandra,58
CT,F,1984,Diana,56
CT,F,1984,Holly,56
CT,F,1984,Alexis,55
CT,F,1984,Latoya,55
CT,F,1984,Chelsea,54
CT,F,1984,Stacey,54
CT,F,1984,Dana,53
CT,F,1984,Kara,53
CT,F,1984,Michele,53
CT,F,1984,Stefanie,52
CT,F,1984,Julia,51
CT,F,1984,Alison,50
CT,F,1984,Bethany,50
CT,F,1984,Jillian,50
CT,F,1984,Kristina,50
CT,F,1984,Natasha,50
CT,F,1984,Cassandra,49
CT,F,1984,Joanna,48
CT,F,1984,Kate,47
CT,F,1984,Melanie,47
CT,F,1984,Carolyn,45
CT,F,1984,Gina,45
CT,F,1984,Leah,45
CT,F,1984,Anna,44
CT,F,1984,April,44
CT,F,1984,Jaclyn,43
CT,F,1984,Erika,42
CT,F,1984,Margaret,41
CT,F,1984,Patricia,41
CT,F,1984,Stacy,41
CT,F,1984,Alyssa,40
CT,F,1984,Natalie,40
CT,F,1984,Caroline,39
CT,F,1984,Colleen,39
CT,F,1984,Sandra,39
CT,F,1984,Susan,38
CT,F,1984,Tracy,38
CT,F,1984,Jaime,37
CT,F,1984,Monica,37
CT,F,1984,Rachael,37
CT,F,1984,Renee,37
CT,F,1984,Meredith,36
CT,F,1984,Pamela,36
CT,F,1984,Theresa,36
CT,F,1984,Valerie,35
CT,F,1984,Dawn,34
CT,F,1984,Ebony,34
CT,F,1984,Tina,34
CT,F,1984,Katrina,33
CT,F,1984,Anne,32
CT,F,1984,Marissa,32
CT,F,1984,Monique,32
CT,F,1984,Carrie,31
CT,F,1984,Sheena,31
CT,F,1984,Tanya,31
CT,F,1984,Cynthia,30
CT,F,1984,Denise,29
CT,F,1984,Heidi,29
CT,F,1984,Jacquelyn,29
CT,F,1984,Jasmine,29
CT,F,1984,Jill,29
CT,F,1984,Casey,28
CT,F,1984,Robin,28
CT,F,1984,Veronica,28
CT,F,1984,Barbara,26
CT,F,1984,Hannah,26
CT,F,1984,Cara,25
CT,F,1984,Krista,25
CT,F,1984,Morgan,25
CT,F,1984,Ann,24
CT,F,1984,Candice,24
CT,F,1984,Cristina,24
CT,F,1984,Deborah,24
CT,F,1984,Krystal,24
CT,F,1984,Melinda,24
CT,F,1984,Abigail,23
CT,F,1984,Kaitlin,23
CT,F,1984,Katelyn,23
CT,F,1984,Nichole,23
CT,F,1984,Nina,23
CT,F,1984,Shana,23
CT,F,1984,Tamara,23
CT,F,1984,Beth,22
CT,F,1984,Desiree,22
CT,F,1984,Leslie,22
CT,F,1984,Molly,22
CT,F,1984,Brandi,21
CT,F,1984,Brenda,21
CT,F,1984,Brianna,21
CT,F,1984,Brooke,21
CT,F,1984,Kendra,21
CT,F,1984,Linda,21
CT,F,1984,Christie,20
CT,F,1984,Eileen,20
CT,F,1984,Katharine,20
CT,F,1984,Meagan,20
CT,F,1984,Diane,19
CT,F,1984,Marie,19
CT,F,1984,Marisa,19
CT,F,1984,Sharon,19
CT,F,1984,Suzanne,19
CT,F,1984,Alissa,18
CT,F,1984,Carissa,18
CT,F,1984,Jenny,18
CT,F,1984,Kristi,18
CT,F,1984,Kristine,18
CT,F,1984,Maureen,18
CT,F,1984,Nancy,18
CT,F,1984,Robyn,18
CT,F,1984,Taylor,18
CT,F,1984,Teresa,18
CT,F,1984,Whitney,18
CT,F,1984,Audrey,17
CT,F,1984,Carly,17
CT,F,1984,Dominique,17
CT,F,1984,Jocelyn,17
CT,F,1984,Kirsten,17
CT,F,1984,Lori,17
CT,F,1984,Rebekah,17
CT,F,1984,Alisha,16
CT,F,1984,Carmen,16
CT,F,1984,Ellen,16
CT,F,1984,Grace,16
CT,F,1984,Jane,16
CT,F,1984,Johanna,16
CT,F,1984,Kelley,16
CT,F,1984,Kristy,16
CT,F,1984,Leigh,16
CT,F,1984,Adrienne,15
CT,F,1984,Aimee,15
CT,F,1984,Bridget,15
CT,F,1984,Carla,15
CT,F,1984,Carol,15
CT,F,1984,Claire,15
CT,F,1984,Deanna,15
CT,F,1984,Evelyn,15
CT,F,1984,Kari,15
CT,F,1984,Meaghan,15
CT,F,1984,Sabrina,15
CT,F,1984,Tabitha,15
CT,F,1984,Tracey,15
CT,F,1984,Cheryl,14
CT,F,1984,Debra,14
CT,F,1984,Janet,14
CT,F,1984,Kerry,14
CT,F,1984,Laurie,14
CT,F,1984,Regina,14
CT,F,1984,Sonia,14
CT,F,1984,Tammy,14
CT,F,1984,Virginia,14
CT,F,1984,Abby,13
CT,F,1984,Brandy,13
CT,F,1984,Charlene,13
CT,F,1984,Cindy,13
CT,F,1984,Elise,13
CT,F,1984,Hillary,13
CT,F,1984,Jodi,13
CT,F,1984,Joy,13
CT,F,1984,Kaitlyn,13
CT,F,1984,Keri,13
CT,F,1984,Olivia,13
CT,F,1984,Priscilla,13
CT,F,1984,Shauna,13
CT,F,1984,Wendy,13
CT,F,1984,Alana,12
CT,F,1984,Amelia,12
CT,F,1984,Bianca,12
CT,F,1984,Bonnie,12
CT,F,1984,Corey,12
CT,F,1984,Devon,12
CT,F,1984,Donna,12
CT,F,1984,Kyle,12
CT,F,1984,Mallory,12
CT,F,1984,Naomi,12
CT,F,1984,Sherri,12
CT,F,1984,Yvonne,12
CT,F,1984,Alexandria,11
CT,F,1984,Ana,11
CT,F,1984,Elena,11
CT,F,1984,Faith,11
CT,F,1984,Gretchen,11
CT,F,1984,Janine,11
CT,F,1984,Jennie,11
CT,F,1984,Jessie,11
CT,F,1984,Kelli,11
CT,F,1984,Kelsey,11
CT,F,1984,Krystle,11
CT,F,1984,Paula,11
CT,F,1984,Rose,11
CT,F,1984,Ruth,11
CT,F,1984,Ryan,11
CT,F,1984,Shanna,11
CT,F,1984,Sherry,11
CT,F,1984,Allyson,10
CT,F,1984,Angelica,10
CT,F,1984,Caitlyn,10
CT,F,1984,Christy,10
CT,F,1984,Elyse,10
CT,F,1984,Felicia,10
CT,F,1984,Hilary,10
CT,F,1984,Hope,10
CT,F,1984,Jade,10
CT,F,1984,Jasmin,10
CT,F,1984,Kayla,10
CT,F,1984,Latasha,10
CT,F,1984,Martha,10
CT,F,1984,Shayna,10
CT,F,1984,Simone,10
CT,F,1984,Siobhan,10
CT,F,1984,Sophia,10
CT,F,1984,Toni,10
CT,F,1984,Tonya,10
CT,F,1984,Yolanda,10
CT,F,1984,Angel,9
CT,F,1984,Ariana,9
CT,F,1984,Candace,9
CT,F,1984,Daniela,9
CT,F,1984,Elisabeth,9
CT,F,1984,Eva,9
CT,F,1984,Jeanette,9
CT,F,1984,Justine,9
CT,F,1984,Karla,9
CT,F,1984,Lara,9
CT,F,1984,Laurel,9
CT,F,1984,Lydia,9
CT,F,1984,Mackenzie,9
CT,F,1984,Miranda,9
CT,F,1984,Nora,9
CT,F,1984,Paige,9
CT,F,1984,Patrice,9
CT,F,1984,Raquel,9
CT,F,1984,Sasha,9
CT,F,1984,Shawna,9
CT,F,1984,Sheila,9
CT,F,1984,Tricia,9
CT,F,1984,Alyson,8
CT,F,1984,Amie,8
CT,F,1984,Ariel,8
CT,F,1984,Ashlee,8
CT,F,1984,Ashleigh,8
CT,F,1984,Brianne,8
CT,F,1984,Darcy,8
CT,F,1984,Dina,8
CT,F,1984,Dorothy,8
CT,F,1984,Emma,8
CT,F,1984,Gabrielle,8
CT,F,1984,James,8
CT,F,1984,Janelle,8
CT,F,1984,Jean,8
CT,F,1984,Judith,8
CT,F,1984,Kerri,8
CT,F,1984,Kirby,8
CT,F,1984,Lacey,8
CT,F,1984,Leanne,8
CT,F,1984,Madeline,8
CT,F,1984,Maggie,8
CT,F,1984,Maryann,8
CT,F,1984,Maura,8
CT,F,1984,Michael,8
CT,F,1984,Nadine,8
CT,F,1984,Shelby,8
CT,F,1984,Sheri,8
CT,F,1984,Stacie,8
CT,F,1984,Tanisha,8
CT,F,1984,Taryn,8
CT,F,1984,Tasha,8
CT,F,1984,Tatiana,8
CT,F,1984,Alexander,7
CT,F,1984,Alice,7
CT,F,1984,Anastasia,7
CT,F,1984,Antoinette,7
CT,F,1984,Charlotte,7
CT,F,1984,Chrystal,7
CT,F,1984,Claudia,7
CT,F,1984,Corinne,7
CT,F,1984,Dena,7
CT,F,1984,Elissa,7
CT,F,1984,Eliza,7
CT,F,1984,Emilie,7
CT,F,1984,Francesca,7
CT,F,1984,Genevieve,7
CT,F,1984,Helen,7
CT,F,1984,Jesse,7
CT,F,1984,Jodie,7
CT,F,1984,Josephine,7
CT,F,1984,Juanita,7
CT,F,1984,Karissa,7
CT,F,1984,Kellie,7
CT,F,1984,Kristie,7
CT,F,1984,Larissa,7
CT,F,1984,Leticia,7
CT,F,1984,Lorraine,7
CT,F,1984,Lynn,7
CT,F,1984,Mayra,7
CT,F,1984,Melody,7
CT,F,1984,Noelle,7
CT,F,1984,Shanell,7
CT,F,1984,Shari,7
CT,F,1984,Shelley,7
CT,F,1984,Shelly,7
CT,F,1984,Tania,7
CT,F,1984,Angelina,6
CT,F,1984,Athena,6
CT,F,1984,Blair,6
CT,F,1984,Cathryn,6
CT,F,1984,Chanel,6
CT,F,1984,Daisy,6
CT,F,1984,Damaris,6
CT,F,1984,Elaine,6
CT,F,1984,Ericka,6
CT,F,1984,Hollie,6
CT,F,1984,Irene,6
CT,F,1984,Jeannine,6
CT,F,1984,Joan,6
CT,F,1984,Julianne,6
CT,F,1984,Kali,6
CT,F,1984,Kathy,6
CT,F,1984,Kristyn,6
CT,F,1984,Lea,6
CT,F,1984,Lissette,6
CT,F,1984,Lucia,6
CT,F,1984,Luz,6
CT,F,1984,Lyndsay,6
CT,F,1984,Lyndsey,6
CT,F,1984,Mara,6
CT,F,1984,Marcia,6
CT,F,1984,Mariah,6
CT,F,1984,Marina,6
CT,F,1984,Marquita,6
CT,F,1984,Matthew,6
CT,F,1984,Miriam,6
CT,F,1984,Nikki,6
CT,F,1984,Rachelle,6
CT,F,1984,Rosa,6
CT,F,1984,Rosemary,6
CT,F,1984,Sandy,6
CT,F,1984,Shaina,6
CT,F,1984,Sylvia,6
CT,F,1984,Tanesha,6
CT,F,1984,Trisha,6
CT,F,1984,Trista,6
CT,F,1984,Adrianne,5
CT,F,1984,Aileen,5
CT,F,1984,Anita,5
CT,F,1984,Annette,5
CT,F,1984,Arlene,5
CT,F,1984,Autumn,5
CT,F,1984,Becky,5
CT,F,1984,Bobbie,5
CT,F,1984,Brandie,5
CT,F,1984,Breanne,5
CT,F,1984,Brenna,5
CT,F,1984,Catrina,5
CT,F,1984,Christa,5
CT,F,1984,Christian,5
CT,F,1984,Clarissa,5
CT,F,1984,Danelle,5
CT,F,1984,Darlene,5
CT,F,1984,Destiny,5
CT,F,1984,Elisha,5
CT,F,1984,Fallon,5
CT,F,1984,Gillian,5
CT,F,1984,Hallie,5
CT,F,1984,Iris,5
CT,F,1984,Isabel,5
CT,F,1984,Jacklyn,5
CT,F,1984,Jaimee,5
CT,F,1984,Jena,5
CT,F,1984,Joann,5
CT,F,1984,Joanne,5
CT,F,1984,Kathrine,5
CT,F,1984,Katina,5
CT,F,1984,Kim,5
CT,F,1984,Kira,5
CT,F,1984,Lakisha,5
CT,F,1984,Leann,5
CT,F,1984,Lee,5
CT,F,1984,Loren,5
CT,F,1984,Marjorie,5
CT,F,1984,Mia,5
CT,F,1984,Mindy,5
CT,F,1984,Roxanne,5
CT,F,1984,Serena,5
CT,F,1984,Shanika,5
CT,F,1984,Shante,5
CT,F,1984,Shantel,5
CT,F,1984,Shawn,5
CT,F,1984,Shira,5
CT,F,1984,Taisha,5
CT,F,1984,Tameka,5
CT,F,1984,Tamika,5
CT,F,1984,Tia,5
CT,F,1984,Tiana,5
CT,F,1984,Viviana,5
CT,F,1984,Xiomara,5
CT,F,1984,Zoe,5
CT,F,1985,Jessica,653
CT,F,1985,Jennifer,551
CT,F,1985,Ashley,473
CT,F,1985,Nicole,423
CT,F,1985,Amanda,419
CT,F,1985,Sarah,377
CT,F,1985,Stephanie,334
CT,F,1985,Melissa,311
CT,F,1985,Elizabeth,297
CT,F,1985,Lauren,264
CT,F,1985,Heather,256
CT,F,1985,Christina,241
CT,F,1985,Danielle,241
CT,F,1985,Amy,219
CT,F,1985,Megan,218
CT,F,1985,Rachel,209
CT,F,1985,Katherine,204
CT,F,1985,Emily,199
CT,F,1985,Laura,198
CT,F,1985,Kelly,192
CT,F,1985,Michelle,190
CT,F,1985,Rebecca,183
CT,F,1985,Erin,177
CT,F,1985,Kimberly,171
CT,F,1985,Christine,158
CT,F,1985,Erica,149
CT,F,1985,Kristen,147
CT,F,1985,Lisa,145
CT,F,1985,Samantha,141
CT,F,1985,Caitlin,130
CT,F,1985,Lindsay,130
CT,F,1985,Shannon,127
CT,F,1985,Allison,124
CT,F,1985,Sara,124
CT,F,1985,Brittany,118
CT,F,1985,Crystal,118
CT,F,1985,Jamie,110
CT,F,1985,Kathryn,107
CT,F,1985,Meghan,101
CT,F,1985,Kristin,97
CT,F,1985,Tiffany,97
CT,F,1985,Kathleen,93
CT,F,1985,Mary,92
CT,F,1985,Amber,91
CT,F,1985,Katie,90
CT,F,1985,Kristina,90
CT,F,1985,Vanessa,89
CT,F,1985,Catherine,88
CT,F,1985,Angela,85
CT,F,1985,Alexandra,84
CT,F,1985,Andrea,83
CT,F,1985,Alicia,81
CT,F,1985,Courtney,80
CT,F,1985,Jacqueline,80
CT,F,1985,Jenna,80
CT,F,1985,Lindsey,80
CT,F,1985,Victoria,75
CT,F,1985,Julie,73
CT,F,1985,Maria,63
CT,F,1985,Krystal,61
CT,F,1985,Leah,58
CT,F,1985,Alison,57
CT,F,1985,Kaitlin,57
CT,F,1985,Julia,55
CT,F,1985,Tara,54
CT,F,1985,Jaclyn,53
CT,F,1985,Dana,52
CT,F,1985,Alyssa,51
CT,F,1985,Colleen,50
CT,F,1985,Karen,50
CT,F,1985,Anna,49
CT,F,1985,Margaret,49
CT,F,1985,Holly,48
CT,F,1985,Monica,47
CT,F,1985,Natasha,47
CT,F,1985,Stacey,46
CT,F,1985,Whitney,46
CT,F,1985,Cassandra,44
CT,F,1985,Jillian,44
CT,F,1985,Kate,44
CT,F,1985,Krystle,44
CT,F,1985,Alexis,42
CT,F,1985,April,42
CT,F,1985,Chelsea,42
CT,F,1985,Diana,42
CT,F,1985,Carolyn,39
CT,F,1985,Pamela,39
CT,F,1985,Rachael,39
CT,F,1985,Bethany,38
CT,F,1985,Caroline,38
CT,F,1985,Cristina,38
CT,F,1985,Patricia,38
CT,F,1985,Valerie,38
CT,F,1985,Gina,37
CT,F,1985,Kara,37
CT,F,1985,Latoya,37
CT,F,1985,Melanie,37
CT,F,1985,Michele,37
CT,F,1985,Stacy,37
CT,F,1985,Susan,37
CT,F,1985,Anne,36
CT,F,1985,Cynthia,36
CT,F,1985,Natalie,36
CT,F,1985,Erika,35
CT,F,1985,Jaime,35
CT,F,1985,Renee,35
CT,F,1985,Tanya,35
CT,F,1985,Tracy,35
CT,F,1985,Katharine,34
CT,F,1985,Marissa,33
CT,F,1985,Meredith,33
CT,F,1985,Nichole,33
CT,F,1985,Denise,32
CT,F,1985,Jasmine,32
CT,F,1985,Katelyn,32
CT,F,1985,Heidi,31
CT,F,1985,Monique,31
CT,F,1985,Tina,31
CT,F,1985,Krista,30
CT,F,1985,Leslie,30
CT,F,1985,Kaitlyn,29
CT,F,1985,Mallory,29
CT,F,1985,Katrina,28
CT,F,1985,Stefanie,28
CT,F,1985,Desiree,27
CT,F,1985,Maureen,27
CT,F,1985,Meagan,27
CT,F,1985,Cara,26
CT,F,1985,Casey,26
CT,F,1985,Dominique,26
CT,F,1985,Joanna,26
CT,F,1985,Sheena,26
CT,F,1985,Barbara,25
CT,F,1985,Nancy,25
CT,F,1985,Robin,25
CT,F,1985,Abigail,24
CT,F,1985,Bridget,24
CT,F,1985,Brooke,24
CT,F,1985,Dawn,24
CT,F,1985,Linda,24
CT,F,1985,Marie,24
CT,F,1985,Nina,24
CT,F,1985,Sandra,24
CT,F,1985,Theresa,24
CT,F,1985,Carly,23
CT,F,1985,Ebony,23
CT,F,1985,Jessie,23
CT,F,1985,Morgan,23
CT,F,1985,Shana,23
CT,F,1985,Diane,22
CT,F,1985,Jill,22
CT,F,1985,Johanna,22
CT,F,1985,Marisa,22
CT,F,1985,Sharon,22
CT,F,1985,Suzanne,22
CT,F,1985,Alisha,21
CT,F,1985,Candice,21
CT,F,1985,Carmen,21
CT,F,1985,Carrie,21
CT,F,1985,Kelley,21
CT,F,1985,Veronica,21
CT,F,1985,Adrienne,20
CT,F,1985,Aimee,20
CT,F,1985,Alissa,20
CT,F,1985,Claire,20
CT,F,1985,Deanna,20
CT,F,1985,Jocelyn,20
CT,F,1985,Kristy,20
CT,F,1985,Lori,20
CT,F,1985,Melinda,20
CT,F,1985,Molly,20
CT,F,1985,Teresa,20
CT,F,1985,Brenda,19
CT,F,1985,Felicia,19
CT,F,1985,Hannah,19
CT,F,1985,Kerry,19
CT,F,1985,Tammy,19
CT,F,1985,Beth,18
CT,F,1985,Cheryl,18
CT,F,1985,Kristine,18
CT,F,1985,Carla,17
CT,F,1985,Eileen,17
CT,F,1985,Emma,17
CT,F,1985,Justine,17
CT,F,1985,Kerri,17
CT,F,1985,Taryn,17
CT,F,1985,Taylor,17
CT,F,1985,Bonnie,16
CT,F,1985,Brittney,16
CT,F,1985,Christy,16
CT,F,1985,Elise,16
CT,F,1985,Janelle,16
CT,F,1985,Jeanette,16
CT,F,1985,Meaghan,16
CT,F,1985,Rebekah,16
CT,F,1985,Wendy,16
CT,F,1985,Elisabeth,15
CT,F,1985,Ellen,15
CT,F,1985,Julianne,15
CT,F,1985,Kelsey,15
CT,F,1985,Lynn,15
CT,F,1985,Amelia,14
CT,F,1985,Ann,14
CT,F,1985,Candace,14
CT,F,1985,Cassie,14
CT,F,1985,Jenny,14
CT,F,1985,Kirsten,14
CT,F,1985,Sheila,14
CT,F,1985,Sophia,14
CT,F,1985,Tamara,14
CT,F,1985,Amie,13
CT,F,1985,Caitlyn,13
CT,F,1985,Charlotte,13
CT,F,1985,Kellie,13
CT,F,1985,Miranda,13
CT,F,1985,Robyn,13
CT,F,1985,Shauna,13
CT,F,1985,Shayna,13
CT,F,1985,Tanisha,13
CT,F,1985,Angelica,12
CT,F,1985,Ashlee,12
CT,F,1985,Brandi,12
CT,F,1985,Brandy,12
CT,F,1985,Charlene,12
CT,F,1985,Eliza,12
CT,F,1985,Frances,12
CT,F,1985,Iris,12
CT,F,1985,Jane,12
CT,F,1985,Jodi,12
CT,F,1985,Jordan,12
CT,F,1985,Kyle,12
CT,F,1985,Larissa,12
CT,F,1985,Leigh,12
CT,F,1985,Madeline,12
CT,F,1985,Sabrina,12
CT,F,1985,Shanna,12
CT,F,1985,Stacie,12
CT,F,1985,Tabitha,12
CT,F,1985,Alana,11
CT,F,1985,Brianna,11
CT,F,1985,Carissa,11
CT,F,1985,Cortney,11
CT,F,1985,Faith,11
CT,F,1985,Hilary,11
CT,F,1985,Jacquelyn,11
CT,F,1985,Jenifer,11
CT,F,1985,Joanne,11
CT,F,1985,Kelli,11
CT,F,1985,Keri,11
CT,F,1985,Kira,11
CT,F,1985,Laurel,11
CT,F,1985,Lea,11
CT,F,1985,Nora,11
CT,F,1985,Patrice,11
CT,F,1985,Rosa,11
CT,F,1985,Shawna,11
CT,F,1985,Tania,11
CT,F,1985,Allyson,10
CT,F,1985,Alyson,10
CT,F,1985,Ana,10
CT,F,1985,Angel,10
CT,F,1985,Ashleigh,10
CT,F,1985,Carol,10
CT,F,1985,Daisy,10
CT,F,1985,Elyse,10
CT,F,1985,Gloria,10
CT,F,1985,Janet,10
CT,F,1985,Kristie,10
CT,F,1985,Luz,10
CT,F,1985,Maggie,10
CT,F,1985,Rose,10
CT,F,1985,Sonia,10
CT,F,1985,Trisha,10
CT,F,1985,Virginia,10
CT,F,1985,Alexandria,9
CT,F,1985,Arielle,9
CT,F,1985,Camille,9
CT,F,1985,Deborah,9
CT,F,1985,Debra,9
CT,F,1985,Devon,9
CT,F,1985,Eva,9
CT,F,1985,Evelyn,9
CT,F,1985,Gabrielle,9
CT,F,1985,Hillary,9
CT,F,1985,Jesse,9
CT,F,1985,Kayla,9
CT,F,1985,Lena,9
CT,F,1985,Lillian,9
CT,F,1985,Marisol,9
CT,F,1985,Naomi,9
CT,F,1985,Noelle,9
CT,F,1985,Paige,9
CT,F,1985,Paula,9
CT,F,1985,Priscilla,9
CT,F,1985,Raquel,9
CT,F,1985,Rosemary,9
CT,F,1985,Ruth,9
CT,F,1985,Sally,9
CT,F,1985,Serena,9
CT,F,1985,Tasha,9
CT,F,1985,Annette,8
CT,F,1985,Antoinette,8
CT,F,1985,Antonia,8
CT,F,1985,Britney,8
CT,F,1985,Celia,8
CT,F,1985,Chelsey,8
CT,F,1985,Cindy,8
CT,F,1985,Darlene,8
CT,F,1985,Dianna,8
CT,F,1985,Donna,8
CT,F,1985,Francesca,8
CT,F,1985,Giselle,8
CT,F,1985,Haley,8
CT,F,1985,Helen,8
CT,F,1985,Hope,8
CT,F,1985,Jade,8
CT,F,1985,Jeannette,8
CT,F,1985,Jennie,8
CT,F,1985,Justina,8
CT,F,1985,Laurie,8
CT,F,1985,Lydia,8
CT,F,1985,Natalia,8
CT,F,1985,Olivia,8
CT,F,1985,Shelley,8
CT,F,1985,Toni,8
CT,F,1985,Tonya,8
CT,F,1985,Tricia,8
CT,F,1985,Yvonne,8
CT,F,1985,Adriana,7
CT,F,1985,Aileen,7
CT,F,1985,Alisa,7
CT,F,1985,Angelina,7
CT,F,1985,Annemarie,7
CT,F,1985,Ariel,7
CT,F,1985,Ashly,7
CT,F,1985,Audrey,7
CT,F,1985,Blair,7
CT,F,1985,Breanna,7
CT,F,1985,Christie,7
CT,F,1985,Corinne,7
CT,F,1985,Damaris,7
CT,F,1985,Elena,7
CT,F,1985,Jacklyn,7
CT,F,1985,Janice,7
CT,F,1985,Juliana,7
CT,F,1985,Karissa,7
CT,F,1985,Kendra,7
CT,F,1985,Marianne,7
CT,F,1985,Maura,7
CT,F,1985,Mia,7
CT,F,1985,Michael,7
CT,F,1985,Regina,7
CT,F,1985,Rita,7
CT,F,1985,Ryan,7
CT,F,1985,Shaina,7
CT,F,1985,Shari,7
CT,F,1985,Shelly,7
CT,F,1985,Sheri,7
CT,F,1985,Sherrie,7
CT,F,1985,Summer,7
CT,F,1985,Sydney,7
CT,F,1985,Yaritza,7
CT,F,1985,Alaina,6
CT,F,1985,Alycia,6
CT,F,1985,Annmarie,6
CT,F,1985,Aubrey,6
CT,F,1985,Autumn,6
CT,F,1985,Bianca,6
CT,F,1985,Brenna,6
CT,F,1985,Brianne,6
CT,F,1985,Catrina,6
CT,F,1985,Chanel,6
CT,F,1985,Chantel,6
CT,F,1985,Christa,6
CT,F,1985,Clarissa,6
CT,F,1985,Constance,6
CT,F,1985,Cory,6
CT,F,1985,Daniella,6
CT,F,1985,Darcy,6
CT,F,1985,David,6
CT,F,1985,Grace,6
CT,F,1985,James,6
CT,F,1985,Jana,6
CT,F,1985,Jasmin,6
CT,F,1985,Jayme,6
CT,F,1985,Jeanne,6
CT,F,1985,Jeffrey,6
CT,F,1985,Jena,6
CT,F,1985,Karla,6
CT,F,1985,Lacey,6
CT,F,1985,Latasha,6
CT,F,1985,Lissette,6
CT,F,1985,Liza,6
CT,F,1985,Maegan,6
CT,F,1985,Marla,6
CT,F,1985,Marlene,6
CT,F,1985,Melody,6
CT,F,1985,Mindy,6
CT,F,1985,Nathalie,6
CT,F,1985,Nicolle,6
CT,F,1985,Nikki,6
CT,F,1985,Nikole,6
CT,F,1985,Noel,6
CT,F,1985,Rhiannon,6
CT,F,1985,Roxanne,6
CT,F,1985,Shanell,6
CT,F,1985,Shelby,6
CT,F,1985,Sherri,6
CT,F,1985,Shirley,6
CT,F,1985,Sierra,6
CT,F,1985,Sofia,6
CT,F,1985,Sonya,6
CT,F,1985,Tabatha,6
CT,F,1985,Tamika,6
CT,F,1985,Tessa,6
CT,F,1985,Tracey,6
CT,F,1985,Traci,6
CT,F,1985,Wanda,6
CT,F,1985,Abbey,5
CT,F,1985,Alexander,5
CT,F,1985,Anastasia,5
CT,F,1985,Annie,5
CT,F,1985,Ariana,5
CT,F,1985,Avery,5
CT,F,1985,Betsy,5
CT,F,1985,Briana,5
CT,F,1985,Cameron,5
CT,F,1985,Caryn,5
CT,F,1985,Chastity,5
CT,F,1985,Cheri,5
CT,F,1985,Cherie,5
CT,F,1985,Christen,5
CT,F,1985,Christopher,5
CT,F,1985,Ciara,5
CT,F,1985,Colette,5
CT,F,1985,Connie,5
CT,F,1985,Daniela,5
CT,F,1985,Deidre,5
CT,F,1985,Eleanor,5
CT,F,1985,Elissa,5
CT,F,1985,Ericka,5
CT,F,1985,Fallon,5
CT,F,1985,Francine,5
CT,F,1985,Hailey,5
CT,F,1985,India,5
CT,F,1985,Irene,5
CT,F,1985,Ivy,5
CT,F,1985,Joy,5
CT,F,1985,Joyce,5
CT,F,1985,Kari,5
CT,F,1985,Karin,5
CT,F,1985,Karina,5
CT,F,1985,Katelynn,5
CT,F,1985,Kathy,5
CT,F,1985,Katiria,5
CT,F,1985,Kristi,5
CT,F,1985,Krysta,5
CT,F,1985,Latisha,5
CT,F,1985,Leanna,5
CT,F,1985,Lee,5
CT,F,1985,Lesley,5
CT,F,1985,Lily,5
CT,F,1985,Lora,5
CT,F,1985,Mandy,5
CT,F,1985,Marci,5
CT,F,1985,Marina,5
CT,F,1985,Martha,5
CT,F,1985,Meghann,5
CT,F,1985,Melisa,5
CT,F,1985,Misty,5
CT,F,1985,Nadine,5
CT,F,1985,Octavia,5
CT,F,1985,Phoebe,5
CT,F,1985,Rosemarie,5
CT,F,1985,Sarai,5
CT,F,1985,Siobhan,5
CT,F,1985,Sophie,5
CT,F,1985,Suzanna,5
CT,F,1985,Sylvia,5
CT,F,1985,Trista,5
CT,F,1985,Vivian,5
CT,F,1985,Xiomara,5
CT,F,1985,Yahaira,5
CT,F,1985,Yajaira,5
CT,F,1986,Jessica,706
CT,F,1986,Jennifer,524
CT,F,1986,Ashley,490
CT,F,1986,Amanda,460
CT,F,1986,Sarah,419
CT,F,1986,Nicole,418
CT,F,1986,Stephanie,316
CT,F,1986,Lauren,309
CT,F,1986,Melissa,297
CT,F,1986,Elizabeth,291
CT,F,1986,Danielle,250
CT,F,1986,Heather,241
CT,F,1986,Michelle,211
CT,F,1986,Kelly,208
CT,F,1986,Katherine,201
CT,F,1986,Rebecca,199
CT,F,1986,Emily,195
CT,F,1986,Christina,192
CT,F,1986,Amy,191
CT,F,1986,Kimberly,184
CT,F,1986,Samantha,184
CT,F,1986,Megan,181
CT,F,1986,Laura,179
CT,F,1986,Brittany,165
CT,F,1986,Rachel,161
CT,F,1986,Kristen,154
CT,F,1986,Erica,152
CT,F,1986,Erin,147
CT,F,1986,Allison,145
CT,F,1986,Christine,145
CT,F,1986,Sara,144
CT,F,1986,Lindsay,127
CT,F,1986,Caitlin,124
CT,F,1986,Crystal,120
CT,F,1986,Shannon,120
CT,F,1986,Jamie,118
CT,F,1986,Kathryn,117
CT,F,1986,Lisa,115
CT,F,1986,Tiffany,114
CT,F,1986,Courtney,108
CT,F,1986,Amber,107
CT,F,1986,Meghan,103
CT,F,1986,Vanessa,103
CT,F,1986,Alexandra,96
CT,F,1986,Catherine,90
CT,F,1986,Katie,88
CT,F,1986,Kathleen,87
CT,F,1986,Jacqueline,86
CT,F,1986,Lindsey,83
CT,F,1986,Mary,81
CT,F,1986,Alicia,79
CT,F,1986,Julie,78
CT,F,1986,Jenna,76
CT,F,1986,Kristina,76
CT,F,1986,Alison,71
CT,F,1986,Jillian,71
CT,F,1986,Cassandra,66
CT,F,1986,Angela,65
CT,F,1986,Kristin,64
CT,F,1986,Maria,64
CT,F,1986,Margaret,63
CT,F,1986,Whitney,62
CT,F,1986,Victoria,60
CT,F,1986,Andrea,59
CT,F,1986,Marissa,59
CT,F,1986,Kaitlin,58
CT,F,1986,Anna,57
CT,F,1986,Chelsea,57
CT,F,1986,Alyssa,54
CT,F,1986,Patricia,52
CT,F,1986,Caroline,51
CT,F,1986,Natalie,51
CT,F,1986,Colleen,50
CT,F,1986,Kara,50
CT,F,1986,Mallory,49
CT,F,1986,Stacey,49
CT,F,1986,Holly,48
CT,F,1986,Julia,48
CT,F,1986,Tara,48
CT,F,1986,Natasha,47
CT,F,1986,Erika,46
CT,F,1986,Dana,45
CT,F,1986,Gina,45
CT,F,1986,Melanie,44
CT,F,1986,Carolyn,43
CT,F,1986,Jasmine,43
CT,F,1986,Kaitlyn,43
CT,F,1986,Krystal,43
CT,F,1986,Diana,42
CT,F,1986,Krista,42
CT,F,1986,Karen,41
CT,F,1986,Leah,41
CT,F,1986,Jaclyn,39
CT,F,1986,Casey,38
CT,F,1986,Kate,38
CT,F,1986,Katelyn,38
CT,F,1986,Molly,38
CT,F,1986,Monica,38
CT,F,1986,Rachael,38
CT,F,1986,Bethany,37
CT,F,1986,Michele,37
CT,F,1986,Anne,36
CT,F,1986,Veronica,36
CT,F,1986,Cristina,34
CT,F,1986,Melinda,34
CT,F,1986,Alexis,33
CT,F,1986,April,33
CT,F,1986,Jaime,33
CT,F,1986,Abigail,32
CT,F,1986,Katrina,31
CT,F,1986,Morgan,31
CT,F,1986,Stefanie,31
CT,F,1986,Brittney,30
CT,F,1986,Cara,30
CT,F,1986,Nichole,30
CT,F,1986,Emma,29
CT,F,1986,Leslie,29
CT,F,1986,Sandra,29
CT,F,1986,Theresa,29
CT,F,1986,Cynthia,28
CT,F,1986,Stacy,27
CT,F,1986,Susan,27
CT,F,1986,Tracy,27
CT,F,1986,Brooke,26
CT,F,1986,Felicia,26
CT,F,1986,Justine,26
CT,F,1986,Latoya,26
CT,F,1986,Marie,26
CT,F,1986,Marisa,26
CT,F,1986,Shana,26
CT,F,1986,Taylor,26
CT,F,1986,Denise,25
CT,F,1986,Dominique,25
CT,F,1986,Jocelyn,25
CT,F,1986,Kelley,25
CT,F,1986,Kelsey,25
CT,F,1986,Meagan,25
CT,F,1986,Meredith,25
CT,F,1986,Ann,24
CT,F,1986,Barbara,24
CT,F,1986,Claire,24
CT,F,1986,Jill,24
CT,F,1986,Katharine,24
CT,F,1986,Pamela,24
CT,F,1986,Sabrina,24
CT,F,1986,Deborah,23
CT,F,1986,Hannah,23
CT,F,1986,Joanna,23
CT,F,1986,Sharon,23
CT,F,1986,Cheryl,22
CT,F,1986,Deanna,22
CT,F,1986,Julianne,22
CT,F,1986,Aimee,21
CT,F,1986,Kayla,21
CT,F,1986,Kerry,21
CT,F,1986,Monique,21
CT,F,1986,Renee,21
CT,F,1986,Tanya,21
CT,F,1986,Alisha,20
CT,F,1986,Allyson,20
CT,F,1986,Ashlee,20
CT,F,1986,Brianna,20
CT,F,1986,Carrie,20
CT,F,1986,Hilary,20
CT,F,1986,Kristine,20
CT,F,1986,Madeline,20
CT,F,1986,Tamara,20
CT,F,1986,Tina,20
CT,F,1986,Candice,19
CT,F,1986,Jordan,19
CT,F,1986,Rebekah,19
CT,F,1986,Alana,18
CT,F,1986,Christa,18
CT,F,1986,Krystle,18
CT,F,1986,Latasha,18
CT,F,1986,Lynn,18
CT,F,1986,Meaghan,18
CT,F,1986,Teresa,18
CT,F,1986,Virginia,18
CT,F,1986,Carla,17
CT,F,1986,Dawn,17
CT,F,1986,Desiree,17
CT,F,1986,Heidi,17
CT,F,1986,Jacquelyn,17
CT,F,1986,Kendra,17
CT,F,1986,Kristi,17
CT,F,1986,Kristy,17
CT,F,1986,Maureen,17
CT,F,1986,Nina,17
CT,F,1986,Robin,17
CT,F,1986,Valerie,17
CT,F,1986,Beth,16
CT,F,1986,Diane,16
CT,F,1986,Sasha,16
CT,F,1986,Tonya,16
CT,F,1986,Brenda,15
CT,F,1986,Bridget,15
CT,F,1986,Carly,15
CT,F,1986,Elyse,15
CT,F,1986,Jessie,15
CT,F,1986,Kellie,15
CT,F,1986,Keri,15
CT,F,1986,Leigh,15
CT,F,1986,Suzanne,15
CT,F,1986,Tabitha,15
CT,F,1986,Tracey,15
CT,F,1986,Abby,14
CT,F,1986,Ana,14
CT,F,1986,Candace,14
CT,F,1986,Charlene,14
CT,F,1986,Ebony,14
CT,F,1986,Hillary,14
CT,F,1986,Jasmin,14
CT,F,1986,Sade,14
CT,F,1986,Tasha,14
CT,F,1986,Alexa,13
CT,F,1986,Amie,13
CT,F,1986,Brianne,13
CT,F,1986,Britney,13
CT,F,1986,Caitlyn,13
CT,F,1986,Charlotte,13
CT,F,1986,Chelsey,13
CT,F,1986,Christie,13
CT,F,1986,Corey,13
CT,F,1986,Ellen,13
CT,F,1986,Janice,13
CT,F,1986,Nancy,13
CT,F,1986,Robyn,13
CT,F,1986,Sheila,13
CT,F,1986,Toni,13
CT,F,1986,Alissa,12
CT,F,1986,Amelia,12
CT,F,1986,Bonnie,12
CT,F,1986,Brandy,12
CT,F,1986,Carissa,12
CT,F,1986,Cassie,12
CT,F,1986,Chanel,12
CT,F,1986,Francesca,12
CT,F,1986,Grace,12
CT,F,1986,Helen,12
CT,F,1986,Janet,12
CT,F,1986,Kayleigh,12
CT,F,1986,Sheena,12
CT,F,1986,Taryn,12
CT,F,1986,Trisha,12
CT,F,1986,Carmen,11
CT,F,1986,Cindy,11
CT,F,1986,Donna,11
CT,F,1986,Eileen,11
CT,F,1986,Evelyn,11
CT,F,1986,Jenny,11
CT,F,1986,Leanne,11
CT,F,1986,Margarita,11
CT,F,1986,Maura,11
CT,F,1986,Rosa,11
CT,F,1986,Rose,11
CT,F,1986,Savannah,11
CT,F,1986,Annmarie,10
CT,F,1986,Carol,10
CT,F,1986,Corinne,10
CT,F,1986,Daniella,10
CT,F,1986,Elisabeth,10
CT,F,1986,Gabrielle,10
CT,F,1986,Jeannette,10
CT,F,1986,Kasey,10
CT,F,1986,Kira,10
CT,F,1986,Lori,10
CT,F,1986,Naomi,10
CT,F,1986,Noelle,10
CT,F,1986,Regina,10
CT,F,1986,Ruth,10
CT,F,1986,Shante,10
CT,F,1986,Shelby,10
CT,F,1986,Sierra,10
CT,F,1986,Stacie,10
CT,F,1986,Sylvia,10
CT,F,1986,Tammy,10
CT,F,1986,Tatiana,10
CT,F,1986,Adrienne,9
CT,F,1986,Aileen,9
CT,F,1986,Ariana,9
CT,F,1986,Ariel,9
CT,F,1986,Ashleigh,9
CT,F,1986,Athena,9
CT,F,1986,Briana,9
CT,F,1986,Christy,9
CT,F,1986,Claudia,9
CT,F,1986,Darcy,9
CT,F,1986,Eleanor,9
CT,F,1986,Elise,9
CT,F,1986,Jeanette,9
CT,F,1986,Jena,9
CT,F,1986,Jennie,9
CT,F,1986,Johanna,9
CT,F,1986,Joy,9
CT,F,1986,Kari,9
CT,F,1986,Karissa,9
CT,F,1986,Lara,9
CT,F,1986,Latisha,9
CT,F,1986,Linda,9
CT,F,1986,Loren,9
CT,F,1986,Lydia,9
CT,F,1986,Madison,9
CT,F,1986,Michaela,9
CT,F,1986,Olivia,9
CT,F,1986,Priscilla,9
CT,F,1986,Shauna,9
CT,F,1986,Sonya,9
CT,F,1986,Tania,9
CT,F,1986,Tricia,9
CT,F,1986,Wendy,9
CT,F,1986,Yolanda,9
CT,F,1986,Angelina,8
CT,F,1986,Ashely,8
CT,F,1986,Audra,8
CT,F,1986,Bianca,8
CT,F,1986,Blair,8
CT,F,1986,Brenna,8
CT,F,1986,Elaine,8
CT,F,1986,Elena,8
CT,F,1986,Elissa,8
CT,F,1986,Emilie,8
CT,F,1986,Ericka,8
CT,F,1986,Frances,8
CT,F,1986,Iris,8
CT,F,1986,Jaimie,8
CT,F,1986,Jane,8
CT,F,1986,Janine,8
CT,F,1986,Joanne,8
CT,F,1986,Karla,8
CT,F,1986,Katlyn,8
CT,F,1986,Keisha,8
CT,F,1986,Kelli,8
CT,F,1986,Kristyn,8
CT,F,1986,Kylie,8
CT,F,1986,Larissa,8
CT,F,1986,Laurie,8
CT,F,1986,Lucy,8
CT,F,1986,Lyndsay,8
CT,F,1986,Lynette,8
CT,F,1986,Nikita,8
CT,F,1986,Paige,8
CT,F,1986,Roxanne,8
CT,F,1986,Shawna,8
CT,F,1986,Sheri,8
CT,F,1986,Sophia,8
CT,F,1986,Alaina,7
CT,F,1986,Alexander,7
CT,F,1986,Alice,7
CT,F,1986,Alyson,7
CT,F,1986,Angelica,7
CT,F,1986,Audrey,7
CT,F,1986,Breanna,7
CT,F,1986,Casandra,7
CT,F,1986,Ciara,7
CT,F,1986,Coleen,7
CT,F,1986,Darlene,7
CT,F,1986,Denisha,7
CT,F,1986,Dorothy,7
CT,F,1986,Jean,7
CT,F,1986,Jodi,7
CT,F,1986,Josephine,7
CT,F,1986,Judith,7
CT,F,1986,Kerri,7
CT,F,1986,Marianne,7
CT,F,1986,Marlene,7
CT,F,1986,Melody,7
CT,F,1986,Michael,7
CT,F,1986,Nathalie,7
CT,F,1986,Nikki,7
CT,F,1986,Paula,7
CT,F,1986,Raquel,7
CT,F,1986,Rosemary,7
CT,F,1986,Ryan,7
CT,F,1986,Shaina,7
CT,F,1986,Shanae,7
CT,F,1986,Shanna,7
CT,F,1986,Tori,7
CT,F,1986,Yvette,7
CT,F,1986,Zoe,7
CT,F,1986,Aisha,6
CT,F,1986,Alisa,6
CT,F,1986,Alycia,6
CT,F,1986,Alyse,6
CT,F,1986,Anastasia,6
CT,F,1986,Annette,6
CT,F,1986,Annie,6
CT,F,1986,Arianna,6
CT,F,1986,Avery,6
CT,F,1986,Bailey,6
CT,F,1986,Brandi,6
CT,F,1986,Brian,6
CT,F,1986,Cecilia,6
CT,F,1986,Chantal,6
CT,F,1986,Chantel,6
CT,F,1986,Chantelle,6
CT,F,1986,Christen,6
CT,F,1986,Constance,6
CT,F,1986,Damaris,6
CT,F,1986,Devin,6
CT,F,1986,Dianna,6
CT,F,1986,Elana,6
CT,F,1986,Elisa,6
CT,F,1986,Faith,6
CT,F,1986,Haley,6
CT,F,1986,Halley,6
CT,F,1986,Hayley,6
CT,F,1986,Jacklyn,6
CT,F,1986,Janelle,6
CT,F,1986,Joyce,6
CT,F,1986,Juliana,6
CT,F,1986,Karyn,6
CT,F,1986,Kathy,6
CT,F,1986,Kendall,6
CT,F,1986,Krystina,6
CT,F,1986,Kyle,6
CT,F,1986,Liane,6
CT,F,1986,Maribel,6
CT,F,1986,Marisela,6
CT,F,1986,Marisol,6
CT,F,1986,Marquita,6
CT,F,1986,Mercedes,6
CT,F,1986,Miranda,6
CT,F,1986,Rochelle,6
CT,F,1986,Rosanna,6
CT,F,1986,Shari,6
CT,F,1986,Shayna,6
CT,F,1986,Tia,6
CT,F,1986,Tiana,6
CT,F,1986,Yvonne,6
CT,F,1986,Aja,5
CT,F,1986,Alexandria,5
CT,F,1986,Alysia,5
CT,F,1986,Anita,5
CT,F,1986,Arielle,5
CT,F,1986,Autumn,5
CT,F,1986,Callie,5
CT,F,1986,Camille,5
CT,F,1986,Cierra,5
CT,F,1986,Clarissa,5
CT,F,1986,Cortney,5
CT,F,1986,Cory,5
CT,F,1986,Daisy,5
CT,F,1986,Daphne,5
CT,F,1986,Devon,5
CT,F,1986,Dina,5
CT,F,1986,Dominque,5
CT,F,1986,Elisha,5
CT,F,1986,Eliza,5
CT,F,1986,Eva,5
CT,F,1986,Fallon,5
CT,F,1986,Irene,5
CT,F,1986,Ivelisse,5
CT,F,1986,Jackie,5
CT,F,1986,Jade,5
CT,F,1986,Jayme,5
CT,F,1986,Jayne,5
CT,F,1986,Jesse,5
CT,F,1986,Jessenia,5
CT,F,1986,Joan,5
CT,F,1986,Justina,5
CT,F,1986,Kaitlynn,5
CT,F,1986,Kirsten,5
CT,F,1986,Kyla,5
CT,F,1986,Kylee,5
CT,F,1986,Lacey,5
CT,F,1986,Lakeisha,5
CT,F,1986,Latavia,5
CT,F,1986,Leila,5
CT,F,1986,Lillian,5
CT,F,1986,Liza,5
CT,F,1986,Lorraine,5
CT,F,1986,Luz,5
CT,F,1986,Lynne,5
CT,F,1986,Maegan,5
CT,F,1986,Marilyn,5
CT,F,1986,Marsha,5
CT,F,1986,Mckenzie,5
CT,F,1986,Meghann,5
CT,F,1986,Mia,5
CT,F,1986,Monika,5
CT,F,1986,Natalia,5
CT,F,1986,Paris,5
CT,F,1986,Rachelle,5
CT,F,1986,Rita,5
CT,F,1986,Rosemarie,5
CT,F,1986,Sandy,5
CT,F,1986,Serena,5
CT,F,1986,Shelly,5
CT,F,1986,Sherri,5
CT,F,1986,Sherry,5
CT,F,1986,Shirley,5
CT,F,1986,Simone,5
CT,F,1986,Siobhan,5
CT,F,1986,Sonia,5
CT,F,1986,Sonja,5
CT,F,1986,Tiffani,5
CT,F,1987,Jessica,764
CT,F,1987,Ashley,580
CT,F,1987,Amanda,537
CT,F,1987,Jennifer,470
CT,F,1987,Sarah,440
CT,F,1987,Nicole,396
CT,F,1987,Stephanie,324
CT,F,1987,Melissa,292
CT,F,1987,Elizabeth,284
CT,F,1987,Lauren,278
CT,F,1987,Emily,260
CT,F,1987,Danielle,248
CT,F,1987,Samantha,246
CT,F,1987,Katherine,226
CT,F,1987,Heather,217
CT,F,1987,Christina,216
CT,F,1987,Rebecca,212
CT,F,1987,Michelle,203
CT,F,1987,Laura,201
CT,F,1987,Brittany,196
CT,F,1987,Kelly,193
CT,F,1987,Rachel,191
CT,F,1987,Megan,190
CT,F,1987,Kimberly,175
CT,F,1987,Caitlin,158
CT,F,1987,Erin,153
CT,F,1987,Kristen,144
CT,F,1987,Amy,143
CT,F,1987,Erica,139
CT,F,1987,Sara,139
CT,F,1987,Allison,136
CT,F,1987,Christine,136
CT,F,1987,Lindsay,135
CT,F,1987,Alexandra,125
CT,F,1987,Shannon,125
CT,F,1987,Meghan,122
CT,F,1987,Lisa,118
CT,F,1987,Amber,116
CT,F,1987,Kathryn,116
CT,F,1987,Courtney,111
CT,F,1987,Tiffany,105
CT,F,1987,Alicia,103
CT,F,1987,Alyssa,98
CT,F,1987,Victoria,96
CT,F,1987,Katie,95
CT,F,1987,Crystal,94
CT,F,1987,Vanessa,94
CT,F,1987,Catherine,93
CT,F,1987,Chelsea,89
CT,F,1987,Jacqueline,88
CT,F,1987,Lindsey,84
CT,F,1987,Jamie,83
CT,F,1987,Jenna,81
CT,F,1987,Andrea,80
CT,F,1987,Julie,79
CT,F,1987,Kathleen,79
CT,F,1987,Kayla,78
CT,F,1987,Mary,76
CT,F,1987,Kristin,74
CT,F,1987,Kristina,74
CT,F,1987,Julia,69
CT,F,1987,Whitney,66
CT,F,1987,Maria,63
CT,F,1987,Anna,61
CT,F,1987,Monica,61
CT,F,1987,Angela,59
CT,F,1987,Kara,59
CT,F,1987,Marissa,59
CT,F,1987,Caroline,58
CT,F,1987,Jaclyn,58
CT,F,1987,Jillian,58
CT,F,1987,Kaitlyn,58
CT,F,1987,Tara,58
CT,F,1987,Cassandra,56
CT,F,1987,Kaitlin,56
CT,F,1987,Dana,55
CT,F,1987,Margaret,54
CT,F,1987,Melanie,54
CT,F,1987,Kate,53
CT,F,1987,Natasha,53
CT,F,1987,Stacey,53
CT,F,1987,Katelyn,52
CT,F,1987,Natalie,52
CT,F,1987,Alison,51
CT,F,1987,Gina,51
CT,F,1987,Casey,50
CT,F,1987,Erika,50
CT,F,1987,Kelsey,50
CT,F,1987,Colleen,49
CT,F,1987,Diana,48
CT,F,1987,Leah,44
CT,F,1987,Hannah,43
CT,F,1987,Krista,43
CT,F,1987,Jasmine,42
CT,F,1987,Molly,42
CT,F,1987,Veronica,42
CT,F,1987,Denise,40
CT,F,1987,Emma,38
CT,F,1987,April,37
CT,F,1987,Desiree,37
CT,F,1987,Susan,37
CT,F,1987,Cynthia,36
CT,F,1987,Morgan,35
CT,F,1987,Karen,34
CT,F,1987,Krystal,34
CT,F,1987,Patricia,34
CT,F,1987,Mallory,33
CT,F,1987,Michele,33
CT,F,1987,Renee,33
CT,F,1987,Stefanie,33
CT,F,1987,Alexis,32
CT,F,1987,Carolyn,32
CT,F,1987,Taylor,32
CT,F,1987,Valerie,32
CT,F,1987,Yesenia,32
CT,F,1987,Abigail,31
CT,F,1987,Jacquelyn,31
CT,F,1987,Joanna,31
CT,F,1987,Meredith,31
CT,F,1987,Sabrina,31
CT,F,1987,Felicia,30
CT,F,1987,Rachael,30
CT,F,1987,Anne,29
CT,F,1987,Bethany,29
CT,F,1987,Brianna,29
CT,F,1987,Katrina,29
CT,F,1987,Monique,29
CT,F,1987,Sasha,29
CT,F,1987,Stacy,29
CT,F,1987,Tanya,29
CT,F,1987,Brittney,28
CT,F,1987,Carly,28
CT,F,1987,Meagan,28
CT,F,1987,Sandra,28
CT,F,1987,Theresa,28
CT,F,1987,Carrie,27
CT,F,1987,Dominique,27
CT,F,1987,Holly,27
CT,F,1987,Jocelyn,26
CT,F,1987,Justine,26
CT,F,1987,Kerry,26
CT,F,1987,Caitlyn,25
CT,F,1987,Jill,25
CT,F,1987,Nichole,25
CT,F,1987,Barbara,23
CT,F,1987,Cristina,23
CT,F,1987,Ebony,23
CT,F,1987,Leslie,23
CT,F,1987,Marisa,23
CT,F,1987,Bridget,22
CT,F,1987,Brooke,22
CT,F,1987,Katharine,22
CT,F,1987,Melinda,22
CT,F,1987,Pamela,22
CT,F,1987,Angelica,21
CT,F,1987,Kelley,21
CT,F,1987,Robin,21
CT,F,1987,Shana,21
CT,F,1987,Alisha,20
CT,F,1987,Ashlee,20
CT,F,1987,Cara,20
CT,F,1987,Christie,20
CT,F,1987,Elise,20
CT,F,1987,Elyse,20
CT,F,1987,Janet,20
CT,F,1987,Nina,20
CT,F,1987,Olivia,20
CT,F,1987,Carmen,19
CT,F,1987,Claire,19
CT,F,1987,Deanna,19
CT,F,1987,Jordan,19
CT,F,1987,Latoya,19
CT,F,1987,Linda,19
CT,F,1987,Suzanne,19
CT,F,1987,Tina,19
CT,F,1987,Alexandria,18
CT,F,1987,Anastasia,18
CT,F,1987,Christa,18
CT,F,1987,Ellen,18
CT,F,1987,Heidi,18
CT,F,1987,Hilary,18
CT,F,1987,Kristine,18
CT,F,1987,Madeline,18
CT,F,1987,Sharon,18
CT,F,1987,Brenda,17
CT,F,1987,Chantal,17
CT,F,1987,Charlotte,17
CT,F,1987,Dawn,17
CT,F,1987,Grace,17
CT,F,1987,Jaime,17
CT,F,1987,Jessie,17
CT,F,1987,Kendra,17
CT,F,1987,Sophia,17
CT,F,1987,Adrienne,16
CT,F,1987,Aimee,16
CT,F,1987,Alexa,16
CT,F,1987,Alyson,16
CT,F,1987,Chelsey,16
CT,F,1987,Gabrielle,16
CT,F,1987,Kirsten,16
CT,F,1987,Kristy,16
CT,F,1987,Lillian,16
CT,F,1987,Meaghan,16
CT,F,1987,Paige,16
CT,F,1987,Tracy,16
CT,F,1987,Allyson,15
CT,F,1987,Elena,15
CT,F,1987,Eva,15
CT,F,1987,Evelyn,15
CT,F,1987,Jane,15
CT,F,1987,Jenny,15
CT,F,1987,Marie,15
CT,F,1987,Miranda,15
CT,F,1987,Robyn,15
CT,F,1987,Alana,14
CT,F,1987,Amelia,14
CT,F,1987,Candice,14
CT,F,1987,Carla,14
CT,F,1987,Elaine,14
CT,F,1987,Francesca,14
CT,F,1987,Jesenia,14
CT,F,1987,Kari,14
CT,F,1987,Kellie,14
CT,F,1987,Krystle,14
CT,F,1987,Maureen,14
CT,F,1987,Nancy,14
CT,F,1987,Shanna,14
CT,F,1987,Teresa,14
CT,F,1987,Tracey,14
CT,F,1987,Ann,13
CT,F,1987,Briana,13
CT,F,1987,Jaimie,13
CT,F,1987,Johanna,13
CT,F,1987,Kayleigh,13
CT,F,1987,Kelli,13
CT,F,1987,Noelle,13
CT,F,1987,Rosemary,13
CT,F,1987,Shawna,13
CT,F,1987,Shayna,13
CT,F,1987,Tatiana,13
CT,F,1987,Ana,12
CT,F,1987,Aubrey,12
CT,F,1987,Audrey,12
CT,F,1987,Autumn,12
CT,F,1987,Candace,12
CT,F,1987,Damaris,12
CT,F,1987,Diane,12
CT,F,1987,Helen,12
CT,F,1987,Hillary,12
CT,F,1987,Kasey,12
CT,F,1987,Leigh,12
CT,F,1987,Shaina,12
CT,F,1987,Tammy,12
CT,F,1987,Angel,11
CT,F,1987,Beth,11
CT,F,1987,Britney,11
CT,F,1987,Deborah,11
CT,F,1987,Jasmin,11
CT,F,1987,Joanne,11
CT,F,1987,Keri,11
CT,F,1987,Krystina,11
CT,F,1987,Luz,11
CT,F,1987,Naomi,11
CT,F,1987,Rosa,11
CT,F,1987,Shauna,11
CT,F,1987,Tamara,11
CT,F,1987,Toni,11
CT,F,1987,Wendy,11
CT,F,1987,Annie,10
CT,F,1987,Betsy,10
CT,F,1987,Brittani,10
CT,F,1987,Cassie,10
CT,F,1987,Corey,10
CT,F,1987,Corinne,10
CT,F,1987,Darlene,10
CT,F,1987,Dina,10
CT,F,1987,Eliza,10
CT,F,1987,Faith,10
CT,F,1987,Iris,10
CT,F,1987,Janelle,10
CT,F,1987,Kerri,10
CT,F,1987,Latasha,10
CT,F,1987,Mackenzie,10
CT,F,1987,Martha,10
CT,F,1987,Michael,10
CT,F,1987,Raquel,10
CT,F,1987,Regina,10
CT,F,1987,Sade,10
CT,F,1987,Shayla,10
CT,F,1987,Sheila,10
CT,F,1987,Shelby,10
CT,F,1987,Stacie,10
CT,F,1987,Tania,10
CT,F,1987,Trisha,10
CT,F,1987,Yolanda,10
CT,F,1987,Alaina,9
CT,F,1987,Alisa,9
CT,F,1987,Angelina,9
CT,F,1987,Babygirl,9
CT,F,1987,Bonnie,9
CT,F,1987,Carissa,9
CT,F,1987,Cheryl,9
CT,F,1987,Elisa,9
CT,F,1987,Elisabeth,9
CT,F,1987,Frances,9
CT,F,1987,Jade,9
CT,F,1987,Janice,9
CT,F,1987,Jennie,9
CT,F,1987,Karina,9
CT,F,1987,Karla,9
CT,F,1987,Kendall,9
CT,F,1987,Kyle,9
CT,F,1987,Lynn,9
CT,F,1987,Rebekah,9
CT,F,1987,Shari,9
CT,F,1987,Tabitha,9
CT,F,1987,Virginia,9
CT,F,1987,Alanna,8
CT,F,1987,Alice,8
CT,F,1987,Alysha,8
CT,F,1987,Ariel,8
CT,F,1987,Bianca,8
CT,F,1987,Brandy,8
CT,F,1987,Carol,8
CT,F,1987,Cori,8
CT,F,1987,Cortney,8
CT,F,1987,Daisy,8
CT,F,1987,Deirdre,8
CT,F,1987,Donna,8
CT,F,1987,Eileen,8
CT,F,1987,Haley,8
CT,F,1987,Jacklyn,8
CT,F,1987,Jazmin,8
CT,F,1987,Jodi,8
CT,F,1987,Kristi,8
CT,F,1987,Kylie,8
CT,F,1987,Lena,8
CT,F,1987,Loren,8
CT,F,1987,Lori,8
CT,F,1987,Lydia,8
CT,F,1987,Madison,8
CT,F,1987,Marilyn,8
CT,F,1987,Maura,8
CT,F,1987,Nikita,8
CT,F,1987,Nikki,8
CT,F,1987,Nora,8
CT,F,1987,Paula,8
CT,F,1987,Savannah,8
CT,F,1987,Shirley,8
CT,F,1987,Sofia,8
CT,F,1987,Tanisha,8
CT,F,1987,Adriana,7
CT,F,1987,Alyse,7
CT,F,1987,Alysia,7
CT,F,1987,Arielle,7
CT,F,1987,Ashleigh,7
CT,F,1987,Camille,7
CT,F,1987,Cherelle,7
CT,F,1987,Cheyenne,7
CT,F,1987,Cindy,7
CT,F,1987,Daniela,7
CT,F,1987,Devin,7
CT,F,1987,Emilie,7
CT,F,1987,Ericka,7
CT,F,1987,Gabriela,7
CT,F,1987,Genevieve,7
CT,F,1987,Gloria,7
CT,F,1987,Janay,7
CT,F,1987,Jeanette,7
CT,F,1987,Juliana,7
CT,F,1987,Katelin,7
CT,F,1987,Kaylee,7
CT,F,1987,Kristie,7
CT,F,1987,Lara,7
CT,F,1987,Laurel,7
CT,F,1987,Laurie,7
CT,F,1987,Lea,7
CT,F,1987,Lily,7
CT,F,1987,Lucy,7
CT,F,1987,Lyndsay,7
CT,F,1987,Lyndsey,7
CT,F,1987,Maggie,7
CT,F,1987,Melody,7
CT,F,1987,Michaela,7
CT,F,1987,Monika,7
CT,F,1987,Nadia,7
CT,F,1987,Priscilla,7
CT,F,1987,Rachelle,7
CT,F,1987,Randi,7
CT,F,1987,Shelley,7
CT,F,1987,Sonia,7
CT,F,1987,Talia,7
CT,F,1987,Taryn,7
CT,F,1987,Tricia,7
CT,F,1987,Amie,6
CT,F,1987,Anita,6
CT,F,1987,Antoinette,6
CT,F,1987,Blair,6
CT,F,1987,Breanna,6
CT,F,1987,Cecilia,6
CT,F,1987,Chloe,6
CT,F,1987,Chrystal,6
CT,F,1987,Cierra,6
CT,F,1987,Clarissa,6
CT,F,1987,Dayna,6
CT,F,1987,Devon,6
CT,F,1987,Dorothy,6
CT,F,1987,Fallon,6
CT,F,1987,Hope,6
CT,F,1987,Janine,6
CT,F,1987,Jenifer,6
CT,F,1987,Jerrica,6
CT,F,1987,Jesse,6
CT,F,1987,Jodie,6
CT,F,1987,Joelle,6
CT,F,1987,Julianna,6
CT,F,1987,Juliet,6
CT,F,1987,Justina,6
CT,F,1987,Kathrine,6
CT,F,1987,Kathy,6
CT,F,1987,Kaylin,6
CT,F,1987,Krysta,6
CT,F,1987,Larissa,6
CT,F,1987,Latisha,6
CT,F,1987,Leanne,6
CT,F,1987,Lia,6
CT,F,1987,Mia,6
CT,F,1987,Micaela,6
CT,F,1987,Miriam,6
CT,F,1987,Natalia,6
CT,F,1987,Roxanne,6
CT,F,1987,Ruth,6
CT,F,1987,Sherry,6
CT,F,1987,Sierra,6
CT,F,1987,Siobhan,6
CT,F,1987,Sophie,6
CT,F,1987,Tia,6
CT,F,1987,Tiana,6
CT,F,1987,Abby,5
CT,F,1987,Alessandra,5
CT,F,1987,Allie,5
CT,F,1987,Allyssa,5
CT,F,1987,Annette,5
CT,F,1987,Anthony,5
CT,F,1987,Ashely,5
CT,F,1987,Avery,5
CT,F,1987,Ayla,5
CT,F,1987,Baby,5
CT,F,1987,Bernadette,5
CT,F,1987,Beverly,5
CT,F,1987,Blanca,5
CT,F,1987,Brenna,5
CT,F,1987,Callie,5
CT,F,1987,Cassidy,5
CT,F,1987,Cassondra,5
CT,F,1987,Cathy,5
CT,F,1987,Celeste,5
CT,F,1987,Chanel,5
CT,F,1987,Charlene,5
CT,F,1987,Christen,5
CT,F,1987,Christian,5
CT,F,1987,Christin,5
CT,F,1987,Corrine,5
CT,F,1987,Delia,5
CT,F,1987,Dena,5
CT,F,1987,Giselle,5
CT,F,1987,Gladys,5
CT,F,1987,Glenda,5
CT,F,1987,Hayley,5
CT,F,1987,Ilana,5
CT,F,1987,Ivory,5
CT,F,1987,Jayme,5
CT,F,1987,Jazmine,5
CT,F,1987,Jean,5
CT,F,1987,Jeannette,5
CT,F,1987,Jonathan,5
CT,F,1987,Joy,5
CT,F,1987,Joyce,5
CT,F,1987,Judith,5
CT,F,1987,Julianne,5
CT,F,1987,Kacie,5
CT,F,1987,Kadie,5
CT,F,1987,Kaleigh,5
CT,F,1987,Katlyn,5
CT,F,1987,Kim,5
CT,F,1987,Kira,5
CT,F,1987,Kristyn,5
CT,F,1987,Kyla,5
CT,F,1987,Kyra,5
CT,F,1987,Liza,5
CT,F,1987,Lorraine,5
CT,F,1987,Lynda,5
CT,F,1987,Mandi,5
CT,F,1987,Mariah,5
CT,F,1987,Marisol,5
CT,F,1987,Maritza,5
CT,F,1987,Marlene,5
CT,F,1987,Marta,5
CT,F,1987,Marybeth,5
CT,F,1987,Patrice,5
CT,F,1987,Reva,5
CT,F,1987,Rochelle,5
CT,F,1987,Rose,5
CT,F,1987,Ryan,5
CT,F,1987,Savanna,5
CT,F,1987,Sheri,5
CT,F,1987,Summer,5
CT,F,1987,Taisha,5
CT,F,1987,Tanika,5
CT,F,1987,Tasha,5
CT,F,1987,Tess,5
CT,F,1987,Vivian,5
CT,F,1987,Yvette,5
CT,F,1988,Jessica,686
CT,F,1988,Ashley,596
CT,F,1988,Amanda,511
CT,F,1988,Sarah,433
CT,F,1988,Nicole,418
CT,F,1988,Jennifer,397
CT,F,1988,Stephanie,347
CT,F,1988,Elizabeth,341
CT,F,1988,Lauren,334
CT,F,1988,Samantha,293
CT,F,1988,Melissa,280
CT,F,1988,Brittany,272
CT,F,1988,Emily,272
CT,F,1988,Danielle,260
CT,F,1988,Katherine,237
CT,F,1988,Michelle,236
CT,F,1988,Rachel,216
CT,F,1988,Megan,215
CT,F,1988,Christina,194
CT,F,1988,Laura,193
CT,F,1988,Kelly,192
CT,F,1988,Rebecca,189
CT,F,1988,Heather,188
CT,F,1988,Kimberly,172
CT,F,1988,Caitlin,170
CT,F,1988,Alexandra,167
CT,F,1988,Sara,149
CT,F,1988,Erin,146
CT,F,1988,Kristen,145
CT,F,1988,Allison,140
CT,F,1988,Chelsea,140
CT,F,1988,Christine,139
CT,F,1988,Tiffany,139
CT,F,1988,Alyssa,137
CT,F,1988,Shannon,129
CT,F,1988,Courtney,127
CT,F,1988,Erica,127
CT,F,1988,Amy,120
CT,F,1988,Jacqueline,118
CT,F,1988,Kathryn,114
CT,F,1988,Lindsay,112
CT,F,1988,Amber,107
CT,F,1988,Lisa,106
CT,F,1988,Alicia,102
CT,F,1988,Vanessa,99
CT,F,1988,Victoria,99
CT,F,1988,Crystal,98
CT,F,1988,Kayla,97
CT,F,1988,Mary,94
CT,F,1988,Catherine,92
CT,F,1988,Jamie,89
CT,F,1988,Angela,87
CT,F,1988,Meghan,84
CT,F,1988,Kristin,79
CT,F,1988,Kaitlin,74
CT,F,1988,Margaret,74
CT,F,1988,Katelyn,72
CT,F,1988,Julia,71
CT,F,1988,Lindsey,70
CT,F,1988,Kathleen,68
CT,F,1988,Kelsey,68
CT,F,1988,Andrea,67
CT,F,1988,Jasmine,66
CT,F,1988,Katie,66
CT,F,1988,Jenna,64
CT,F,1988,Melanie,63
CT,F,1988,Kaitlyn,62
CT,F,1988,Molly,62
CT,F,1988,Kristina,61
CT,F,1988,Tara,61
CT,F,1988,Maria,60
CT,F,1988,Natalie,59
CT,F,1988,Cassandra,58
CT,F,1988,Erika,58
CT,F,1988,Jillian,57
CT,F,1988,Marissa,57
CT,F,1988,Anna,53
CT,F,1988,Dana,53
CT,F,1988,Hannah,53
CT,F,1988,Natasha,53
CT,F,1988,Alison,50
CT,F,1988,Julie,50
CT,F,1988,Kara,49
CT,F,1988,Leah,49
CT,F,1988,Monica,49
CT,F,1988,Rachael,49
CT,F,1988,Diana,48
CT,F,1988,Jaclyn,48
CT,F,1988,Colleen,46
CT,F,1988,Gina,46
CT,F,1988,Holly,46
CT,F,1988,Patricia,46
CT,F,1988,Brittney,43
CT,F,1988,Alexis,42
CT,F,1988,Caroline,42
CT,F,1988,Krystal,41
CT,F,1988,Morgan,41
CT,F,1988,Casey,40
CT,F,1988,Whitney,40
CT,F,1988,Carolyn,39
CT,F,1988,Susan,39
CT,F,1988,Abigail,38
CT,F,1988,Mallory,37
CT,F,1988,Monique,37
CT,F,1988,Theresa,36
CT,F,1988,Veronica,36
CT,F,1988,Emma,35
CT,F,1988,April,34
CT,F,1988,Bianca,34
CT,F,1988,Brianna,34
CT,F,1988,Cynthia,34
CT,F,1988,Krista,34
CT,F,1988,Taylor,33
CT,F,1988,Kate,32
CT,F,1988,Kelley,32
CT,F,1988,Nichole,32
CT,F,1988,Renee,32
CT,F,1988,Stacey,32
CT,F,1988,Anne,31
CT,F,1988,Claire,31
CT,F,1988,Jacquelyn,31
CT,F,1988,Justine,29
CT,F,1988,Karen,29
CT,F,1988,Michele,29
CT,F,1988,Sasha,29
CT,F,1988,Valerie,29
CT,F,1988,Alexandria,28
CT,F,1988,Bethany,28
CT,F,1988,Brooke,28
CT,F,1988,Cristina,28
CT,F,1988,Kristine,28
CT,F,1988,Tina,28
CT,F,1988,Aimee,27
CT,F,1988,Angelica,27
CT,F,1988,Ann,27
CT,F,1988,Olivia,27
CT,F,1988,Sabrina,27
CT,F,1988,Ashlee,26
CT,F,1988,Denise,25
CT,F,1988,Jocelyn,25
CT,F,1988,Leslie,25
CT,F,1988,Meaghan,25
CT,F,1988,Cara,24
CT,F,1988,Deanna,24
CT,F,1988,Ellen,24
CT,F,1988,Grace,24
CT,F,1988,Meredith,24
CT,F,1988,Stefanie,24
CT,F,1988,Alisha,23
CT,F,1988,Barbara,23
CT,F,1988,Carly,23
CT,F,1988,Joanna,23
CT,F,1988,Gabrielle,22
CT,F,1988,Paige,22
CT,F,1988,Pamela,22
CT,F,1988,Sandra,22
CT,F,1988,Tanya,22
CT,F,1988,Diane,21
CT,F,1988,Katrina,21
CT,F,1988,Kirsten,21
CT,F,1988,Latoya,21
CT,F,1988,Melinda,21
CT,F,1988,Charlotte,20
CT,F,1988,Elise,20
CT,F,1988,Kerry,20
CT,F,1988,Marie,20
CT,F,1988,Shana,20
CT,F,1988,Stacy,20
CT,F,1988,Anastasia,19
CT,F,1988,Briana,19
CT,F,1988,Carrie,19
CT,F,1988,Hillary,19
CT,F,1988,Kendra,19
CT,F,1988,Kristy,19
CT,F,1988,Meagan,19
CT,F,1988,Tracy,19
CT,F,1988,Felicia,18
CT,F,1988,Hilary,18
CT,F,1988,Jill,18
CT,F,1988,Kerri,18
CT,F,1988,Virginia,18
CT,F,1988,Abby,17
CT,F,1988,Alissa,17
CT,F,1988,Audrey,17
CT,F,1988,Carissa,17
CT,F,1988,Chelsey,17
CT,F,1988,Desiree,17
CT,F,1988,Dominique,17
CT,F,1988,Francesca,17
CT,F,1988,Jaime,17
CT,F,1988,Jordan,17
CT,F,1988,Nancy,17
CT,F,1988,Alyson,16
CT,F,1988,Amelia,16
CT,F,1988,Candice,16
CT,F,1988,Ebony,16
CT,F,1988,Jasmin,16
CT,F,1988,Marisa,16
CT,F,1988,Rebekah,16
CT,F,1988,Robin,16
CT,F,1988,Simone,16
CT,F,1988,Tamara,16
CT,F,1988,Teresa,16
CT,F,1988,Alexa,15
CT,F,1988,Ana,15
CT,F,1988,Bridget,15
CT,F,1988,Christie,15
CT,F,1988,Jennie,15
CT,F,1988,Linda,15
CT,F,1988,Roxanne,15
CT,F,1988,Sophia,15
CT,F,1988,Adrienne,14
CT,F,1988,Autumn,14
CT,F,1988,Carmen,14
CT,F,1988,Haley,14
CT,F,1988,Jane,14
CT,F,1988,Joanne,14
CT,F,1988,Katharine,14
CT,F,1988,Kellie,14
CT,F,1988,Kira,14
CT,F,1988,Lori,14
CT,F,1988,Madeline,14
CT,F,1988,Nina,14
CT,F,1988,Shanice,14
CT,F,1988,Sharon,14
CT,F,1988,Shayna,14
CT,F,1988,Alana,13
CT,F,1988,Aubrey,13
CT,F,1988,Babygirl,13
CT,F,1988,Beth,13
CT,F,1988,Caitlyn,13
CT,F,1988,Carla,13
CT,F,1988,Dawn,13
CT,F,1988,Gillian,13
CT,F,1988,Hayley,13
CT,F,1988,Heidi,13
CT,F,1988,Iris,13
CT,F,1988,Noelle,13
CT,F,1988,Priscilla,13
CT,F,1988,Rose,13
CT,F,1988,Shante,13
CT,F,1988,Chantel,12
CT,F,1988,Devon,12
CT,F,1988,Eileen,12
CT,F,1988,Elisabeth,12
CT,F,1988,Eliza,12
CT,F,1988,Elyse,12
CT,F,1988,Janelle,12
CT,F,1988,Jazmin,12
CT,F,1988,Jessenia,12
CT,F,1988,Kelli,12
CT,F,1988,Lacey,12
CT,F,1988,Laurie,12
CT,F,1988,Maureen,12
CT,F,1988,Miranda,12
CT,F,1988,Robyn,12
CT,F,1988,Shaina,12
CT,F,1988,Tracey,12
CT,F,1988,Adriana,11
CT,F,1988,Alisa,11
CT,F,1988,Angel,11
CT,F,1988,Ariana,11
CT,F,1988,Ariel,11
CT,F,1988,Brianne,11
CT,F,1988,Candace,11
CT,F,1988,Christa,11
CT,F,1988,Cindy,11
CT,F,1988,Darcy,11
CT,F,1988,Evelyn,11
CT,F,1988,Faith,11
CT,F,1988,Jenny,11
CT,F,1988,Johanna,11
CT,F,1988,Julianne,11
CT,F,1988,Karissa,11
CT,F,1988,Kayleigh,11
CT,F,1988,Larissa,11
CT,F,1988,Lauryn,11
CT,F,1988,Lynn,11
CT,F,1988,Mackenzie,11
CT,F,1988,Marilyn,11
CT,F,1988,Nadine,11
CT,F,1988,Raquel,11
CT,F,1988,Sheila,11
CT,F,1988,Tasha,11
CT,F,1988,Yesenia,11
CT,F,1988,Alyse,10
CT,F,1988,Angelina,10
CT,F,1988,Ashleigh,10
CT,F,1988,Brenda,10
CT,F,1988,Cheryl,10
CT,F,1988,Chloe,10
CT,F,1988,Clarissa,10
CT,F,1988,Dina,10
CT,F,1988,Eleanor,10
CT,F,1988,Elena,10
CT,F,1988,Elisa,10
CT,F,1988,Helen,10
CT,F,1988,Isabel,10
CT,F,1988,Janet,10
CT,F,1988,Karla,10
CT,F,1988,Kasey,10
CT,F,1988,Kristie,10
CT,F,1988,Krystle,10
CT,F,1988,Leanna,10
CT,F,1988,Leigh,10
CT,F,1988,Martha,10
CT,F,1988,Michaela,10
CT,F,1988,Paula,10
CT,F,1988,Ruth,10
CT,F,1988,Ryan,10
CT,F,1988,Shanna,10
CT,F,1988,Shelby,10
CT,F,1988,Sonia,10
CT,F,1988,Suzanne,10
CT,F,1988,Toni,10
CT,F,1988,Alexander,9
CT,F,1988,Allyson,9
CT,F,1988,Alysia,9
CT,F,1988,Arielle,9
CT,F,1988,Brandy,9
CT,F,1988,Chantal,9
CT,F,1988,Corey,9
CT,F,1988,Corinne,9
CT,F,1988,Daisy,9
CT,F,1988,Damaris,9
CT,F,1988,Daniela,9
CT,F,1988,Daniella,9
CT,F,1988,Elaine,9
CT,F,1988,Frances,9
CT,F,1988,Janice,9
CT,F,1988,Joan,9
CT,F,1988,Kylie,9
CT,F,1988,Liza,9
CT,F,1988,Luz,9
CT,F,1988,Maggie,9
CT,F,1988,Marlene,9
CT,F,1988,Monika,9
CT,F,1988,Nora,9
CT,F,1988,Savannah,9
CT,F,1988,Sonya,9
CT,F,1988,Tammy,9
CT,F,1988,Tatiana,9
CT,F,1988,Alaina,8
CT,F,1988,Alice,8
CT,F,1988,Anita,8
CT,F,1988,Ashely,8
CT,F,1988,Asia,8
CT,F,1988,Bonnie,8
CT,F,1988,Britney,8
CT,F,1988,Constance,8
CT,F,1988,Dayna,8
CT,F,1988,Dorothy,8
CT,F,1988,Ericka,8
CT,F,1988,Eva,8
CT,F,1988,Gabriella,8
CT,F,1988,Gloria,8
CT,F,1988,Juliana,8
CT,F,1988,Kari,8
CT,F,1988,Keri,8
CT,F,1988,Kristi,8
CT,F,1988,Lorraine,8
CT,F,1988,Lydia,8
CT,F,1988,Maura,8
CT,F,1988,Melisa,8
CT,F,1988,Melody,8
CT,F,1988,Michael,8
CT,F,1988,Patrice,8
CT,F,1988,Regina,8
CT,F,1988,Rosa,8
CT,F,1988,Staci,8
CT,F,1988,Sydney,8
CT,F,1988,Tabitha,8
CT,F,1988,Tamika,8
CT,F,1988,Taryn,8
CT,F,1988,Tiara,8
CT,F,1988,Trisha,8
CT,F,1988,Yolanda,8
CT,F,1988,Alessandra,7
CT,F,1988,Annette,7
CT,F,1988,Antoinette,7
CT,F,1988,Bailey,7
CT,F,1988,Beatriz,7
CT,F,1988,Brittni,7
CT,F,1988,Cassidy,7
CT,F,1988,Charlene,7
CT,F,1988,Christy,7
CT,F,1988,Deborah,7
CT,F,1988,Elisha,7
CT,F,1988,Genevieve,7
CT,F,1988,Hanna,7
CT,F,1988,Hope,7
CT,F,1988,Irene,7
CT,F,1988,Ivelisse,7
CT,F,1988,Jacklyn,7
CT,F,1988,Jeanette,7
CT,F,1988,Jeannette,7
CT,F,1988,Jenifer,7
CT,F,1988,Josephine,7
CT,F,1988,Katelynn,7
CT,F,1988,Kristyn,7
CT,F,1988,Lee,7
CT,F,1988,Lillian,7
CT,F,1988,Lucy,7
CT,F,1988,Lyndsey,7
CT,F,1988,Madison,7
CT,F,1988,Mckenzie,7
CT,F,1988,Mercedes,7
CT,F,1988,Nadia,7
CT,F,1988,Randi,7
CT,F,1988,Rochelle,7
CT,F,1988,Shawna,7
CT,F,1988,Shayla,7
CT,F,1988,Tanisha,7
CT,F,1988,Wendy,7
CT,F,1988,Abbey,6
CT,F,1988,Allegra,6
CT,F,1988,Amaris,6
CT,F,1988,Brandi,6
CT,F,1988,Carol,6
CT,F,1988,Casandra,6
CT,F,1988,Cassie,6
CT,F,1988,Chelsie,6
CT,F,1988,Christin,6
CT,F,1988,Cierra,6
CT,F,1988,Daniel,6
CT,F,1988,Debra,6
CT,F,1988,Deja,6
CT,F,1988,Devin,6
CT,F,1988,Eleni,6
CT,F,1988,Franchesca,6
CT,F,1988,Geraldine,6
CT,F,1988,Gladys,6
CT,F,1988,Jackie,6
CT,F,1988,Jade,6
CT,F,1988,Jaimie,6
CT,F,1988,Janay,6
CT,F,1988,Jayme,6
CT,F,1988,Jazmine,6
CT,F,1988,Jessie,6
CT,F,1988,Jodi,6
CT,F,1988,Joelle,6
CT,F,1988,Joyce,6
CT,F,1988,Julianna,6
CT,F,1988,Julissa,6
CT,F,1988,Karyn,6
CT,F,1988,Kaylee,6
CT,F,1988,Krystyna,6
CT,F,1988,Latasha,6
CT,F,1988,Mandy,6
CT,F,1988,Marcella,6
CT,F,1988,Marianne,6
CT,F,1988,Maritza,6
CT,F,1988,Miriam,6
CT,F,1988,Naomi,6
CT,F,1988,Natalia,6
CT,F,1988,Richelle,6
CT,F,1988,Sade,6
CT,F,1988,Serena,6
CT,F,1988,Sierra,6
CT,F,1988,Stephaine,6
CT,F,1988,Summer,6
CT,F,1988,Sylvia,6
CT,F,1988,Tania,6
CT,F,1988,Tiana,6
CT,F,1988,Tonya,6
CT,F,1988,Tricia,6
CT,F,1988,Tyler,6
CT,F,1988,Venessa,6
CT,F,1988,Vivian,6
CT,F,1988,Wanda,6
CT,F,1988,Yahaira,6
CT,F,1988,Zoe,6
CT,F,1988,Alycia,5
CT,F,1988,Amie,5
CT,F,1988,Annie,5
CT,F,1988,Antonia,5
CT,F,1988,Avery,5
CT,F,1988,Caprice,5
CT,F,1988,Christen,5
CT,F,1988,Christopher,5
CT,F,1988,Clara,5
CT,F,1988,Cori,5
CT,F,1988,Dannielle,5
CT,F,1988,Daphne,5
CT,F,1988,Darlene,5
CT,F,1988,Deirdre,5
CT,F,1988,Desirae,5
CT,F,1988,Donna,5
CT,F,1988,Emilia,5
CT,F,1988,Farah,5
CT,F,1988,Gabriela,5
CT,F,1988,Jalisa,5
CT,F,1988,Janessa,5
CT,F,1988,John,5
CT,F,1988,Joseph,5
CT,F,1988,Kala,5
CT,F,1988,Karli,5
CT,F,1988,Kaylyn,5
CT,F,1988,Kyla,5
CT,F,1988,Kyle,5
CT,F,1988,Kyra,5
CT,F,1988,Lea,5
CT,F,1988,Leann,5
CT,F,1988,Leanne,5
CT,F,1988,Leeann,5
CT,F,1988,Lily,5
CT,F,1988,Logan,5
CT,F,1988,Lora,5
CT,F,1988,Maeve,5
CT,F,1988,Maxine,5
CT,F,1988,Mindy,5
CT,F,1988,Nicolle,5
CT,F,1988,Portia,5
CT,F,1988,Sally,5
CT,F,1988,Shakia,5
CT,F,1988,Shanelle,5
CT,F,1988,Shauna,5
CT,F,1988,Sheena,5
CT,F,1988,Siobhan,5
CT,F,1988,Sophie,5
CT,F,1988,Stacie,5
CT,F,1988,Stephany,5
CT,F,1988,Tessa,5
CT,F,1988,Thomas,5
CT,F,1988,Traci,5
CT,F,1988,Tyesha,5
CT,F,1989,Jessica,595
CT,F,1989,Ashley,571
CT,F,1989,Amanda,499
CT,F,1989,Sarah,424
CT,F,1989,Nicole,406
CT,F,1989,Stephanie,388
CT,F,1989,Brittany,370
CT,F,1989,Jennifer,352
CT,F,1989,Elizabeth,344
CT,F,1989,Lauren,340
CT,F,1989,Samantha,339
CT,F,1989,Emily,295
CT,F,1989,Melissa,284
CT,F,1989,Katherine,249
CT,F,1989,Danielle,245
CT,F,1989,Michelle,229
CT,F,1989,Christina,213
CT,F,1989,Rachel,210
CT,F,1989,Megan,199
CT,F,1989,Rebecca,194
CT,F,1989,Kelly,193
CT,F,1989,Heather,183
CT,F,1989,Laura,180
CT,F,1989,Chelsea,179
CT,F,1989,Alyssa,168
CT,F,1989,Kimberly,159
CT,F,1989,Kristen,149
CT,F,1989,Alexandra,148
CT,F,1989,Caitlin,146
CT,F,1989,Sara,138
CT,F,1989,Amy,134
CT,F,1989,Christine,131
CT,F,1989,Amber,129
CT,F,1989,Allison,122
CT,F,1989,Kayla,120
CT,F,1989,Erin,119
CT,F,1989,Victoria,118
CT,F,1989,Kathryn,116
CT,F,1989,Lisa,113
CT,F,1989,Erica,112
CT,F,1989,Alicia,110
CT,F,1989,Tiffany,110
CT,F,1989,Crystal,107
CT,F,1989,Lindsay,106
CT,F,1989,Jacqueline,104
CT,F,1989,Shannon,103
CT,F,1989,Courtney,97
CT,F,1989,Vanessa,94
CT,F,1989,Mary,93
CT,F,1989,Meghan,92
CT,F,1989,Cassandra,88
CT,F,1989,Jasmine,85
CT,F,1989,Hannah,83
CT,F,1989,Jamie,81
CT,F,1989,Catherine,79
CT,F,1989,Kelsey,79
CT,F,1989,Kathleen,78
CT,F,1989,Taylor,76
CT,F,1989,Kristin,75
CT,F,1989,Lindsey,74
CT,F,1989,Andrea,73
CT,F,1989,Jillian,73
CT,F,1989,Angela,72
CT,F,1989,Kaitlyn,72
CT,F,1989,Margaret,71
CT,F,1989,Marissa,69
CT,F,1989,Caroline,68
CT,F,1989,Katie,68
CT,F,1989,Melanie,68
CT,F,1989,Jenna,66
CT,F,1989,Julia,66
CT,F,1989,Katelyn,65
CT,F,1989,Alison,63
CT,F,1989,Anna,63
CT,F,1989,Kara,63
CT,F,1989,Kristina,62
CT,F,1989,Natalie,62
CT,F,1989,Molly,61
CT,F,1989,Abigail,58
CT,F,1989,Kaitlin,58
CT,F,1989,Leah,58
CT,F,1989,Julie,57
CT,F,1989,Bianca,56
CT,F,1989,Emma,54
CT,F,1989,Gabrielle,51
CT,F,1989,Erika,50
CT,F,1989,Gina,50
CT,F,1989,Maria,49
CT,F,1989,Brittney,48
CT,F,1989,Carolyn,48
CT,F,1989,Dana,48
CT,F,1989,Morgan,48
CT,F,1989,Brianna,47
CT,F,1989,Bethany,45
CT,F,1989,Diana,45
CT,F,1989,Monica,45
CT,F,1989,Veronica,44
CT,F,1989,Rachael,43
CT,F,1989,Colleen,42
CT,F,1989,Krystal,42
CT,F,1989,Natasha,42
CT,F,1989,Denise,39
CT,F,1989,Anne,38
CT,F,1989,Patricia,38
CT,F,1989,Alexis,37
CT,F,1989,Brooke,37
CT,F,1989,Jaclyn,37
CT,F,1989,Jordan,37
CT,F,1989,Cara,36
CT,F,1989,Olivia,36
CT,F,1989,Angelica,35
CT,F,1989,Casey,35
CT,F,1989,Felicia,35
CT,F,1989,Krista,35
CT,F,1989,April,34
CT,F,1989,Cynthia,34
CT,F,1989,Deanna,34
CT,F,1989,Tara,34
CT,F,1989,Grace,33
CT,F,1989,Holly,33
CT,F,1989,Valerie,33
CT,F,1989,Kate,32
CT,F,1989,Nichole,32
CT,F,1989,Briana,31
CT,F,1989,Desiree,31
CT,F,1989,Michele,31
CT,F,1989,Stacey,31
CT,F,1989,Cristina,30
CT,F,1989,Hilary,30
CT,F,1989,Justine,30
CT,F,1989,Karen,30
CT,F,1989,Sabrina,30
CT,F,1989,Whitney,30
CT,F,1989,Sasha,29
CT,F,1989,Bridget,28
CT,F,1989,Katrina,27
CT,F,1989,Meredith,27
CT,F,1989,Nina,27
CT,F,1989,Theresa,27
CT,F,1989,Alexandria,26
CT,F,1989,Joanna,26
CT,F,1989,Monique,26
CT,F,1989,Renee,26
CT,F,1989,Jacquelyn,25
CT,F,1989,Meagan,25
CT,F,1989,Paige,25
CT,F,1989,Stefanie,25
CT,F,1989,Chelsey,24
CT,F,1989,Jocelyn,24
CT,F,1989,Leslie,24
CT,F,1989,Susan,24
CT,F,1989,Alisha,23
CT,F,1989,Arielle,23
CT,F,1989,Carly,23
CT,F,1989,Ellen,23
CT,F,1989,Shaina,23
CT,F,1989,Allyson,22
CT,F,1989,Barbara,22
CT,F,1989,Melinda,22
CT,F,1989,Stacy,22
CT,F,1989,Alexa,21
CT,F,1989,Claire,21
CT,F,1989,Dominique,21
CT,F,1989,Mallory,21
CT,F,1989,Pamela,21
CT,F,1989,Virginia,21
CT,F,1989,Ana,20
CT,F,1989,Caitlyn,20
CT,F,1989,Haley,20
CT,F,1989,Kendra,20
CT,F,1989,Marie,20
CT,F,1989,Aimee,19
CT,F,1989,Carissa,19
CT,F,1989,Kylie,19
CT,F,1989,Madeline,19
CT,F,1989,Rebekah,19
CT,F,1989,Robin,19
CT,F,1989,Sandra,19
CT,F,1989,Sharon,19
CT,F,1989,Adriana,18
CT,F,1989,Julianne,18
CT,F,1989,Karina,18
CT,F,1989,Kristy,18
CT,F,1989,Miranda,18
CT,F,1989,Tanya,18
CT,F,1989,Deborah,17
CT,F,1989,Ebony,17
CT,F,1989,Jessie,17
CT,F,1989,Kristine,17
CT,F,1989,Shelby,17
CT,F,1989,Taryn,17
CT,F,1989,Tricia,17
CT,F,1989,Amelia,16
CT,F,1989,Ariel,16
CT,F,1989,Asia,16
CT,F,1989,Carrie,16
CT,F,1989,Charlotte,16
CT,F,1989,Hillary,16
CT,F,1989,Kiara,16
CT,F,1989,Robyn,16
CT,F,1989,Simone,16
CT,F,1989,Sophia,16
CT,F,1989,Suzanne,16
CT,F,1989,Tina,16
CT,F,1989,Alissa,15
CT,F,1989,Anastasia,15
CT,F,1989,Ashlee,15
CT,F,1989,Audrey,15
CT,F,1989,Brenda,15
CT,F,1989,Candace,15
CT,F,1989,Carla,15
CT,F,1989,Evelyn,15
CT,F,1989,Hope,15
CT,F,1989,Karissa,15
CT,F,1989,Latoya,15
CT,F,1989,Marisa,15
CT,F,1989,Mercedes,15
CT,F,1989,Shana,15
CT,F,1989,Shanice,15
CT,F,1989,Tamara,15
CT,F,1989,Ann,14
CT,F,1989,Ariana,14
CT,F,1989,Christie,14
CT,F,1989,Corinne,14
CT,F,1989,Jane,14
CT,F,1989,Katharine,14
CT,F,1989,Meaghan,14
CT,F,1989,Nora,14
CT,F,1989,Alyson,13
CT,F,1989,Candice,13
CT,F,1989,Devon,13
CT,F,1989,Diane,13
CT,F,1989,Elyse,13
CT,F,1989,Jaime,13
CT,F,1989,Jasmin,13
CT,F,1989,Jenny,13
CT,F,1989,Maureen,13
CT,F,1989,Naomi,13
CT,F,1989,Nikki,13
CT,F,1989,Paris,13
CT,F,1989,Tasha,13
CT,F,1989,Teresa,13
CT,F,1989,Abby,12
CT,F,1989,Adrienne,12
CT,F,1989,Annmarie,12
CT,F,1989,Britney,12
CT,F,1989,Carmen,12
CT,F,1989,Carol,12
CT,F,1989,Charlene,12
CT,F,1989,Christa,12
CT,F,1989,Devin,12
CT,F,1989,Elaine,12
CT,F,1989,Elisa,12
CT,F,1989,Elise,12
CT,F,1989,Eliza,12
CT,F,1989,Faith,12
CT,F,1989,Janelle,12
CT,F,1989,Katelynn,12
CT,F,1989,Kelley,12
CT,F,1989,Kellie,12
CT,F,1989,Lillian,12
CT,F,1989,Linda,12
CT,F,1989,Lydia,12
CT,F,1989,Mackenzie,12
CT,F,1989,Shayna,12
CT,F,1989,Tabitha,12
CT,F,1989,Tatiana,12
CT,F,1989,Tracy,12
CT,F,1989,Angelina,11
CT,F,1989,Britany,11
CT,F,1989,Chantel,11
CT,F,1989,Cheryl,11
CT,F,1989,Chloe,11
CT,F,1989,Gabriella,11
CT,F,1989,Gretchen,11
CT,F,1989,Helen,11
CT,F,1989,Jeanette,11
CT,F,1989,Joy,11
CT,F,1989,Kari,11
CT,F,1989,Kasey,11
CT,F,1989,Kristi,11
CT,F,1989,Luz,11
CT,F,1989,Michaela,11
CT,F,1989,Nancy,11
CT,F,1989,Noelle,11
CT,F,1989,Octavia,11
CT,F,1989,Raquel,11
CT,F,1989,Sheena,11
CT,F,1989,Trisha,11
CT,F,1989,Yesenia,11
CT,F,1989,Anita,10
CT,F,1989,Aubrey,10
CT,F,1989,Autumn,10
CT,F,1989,Babygirl,10
CT,F,1989,Brianne,10
CT,F,1989,Clare,10
CT,F,1989,Daniela,10
CT,F,1989,Elena,10
CT,F,1989,Esther,10
CT,F,1989,Hayley,10
CT,F,1989,Johanna,10
CT,F,1989,Kerri,10
CT,F,1989,Kerry,10
CT,F,1989,Kristie,10
CT,F,1989,Lea,10
CT,F,1989,Leanne,10
CT,F,1989,Lori,10
CT,F,1989,Rosa,10
CT,F,1989,Shawna,10
CT,F,1989,Sonya,10
CT,F,1989,Wendy,10
CT,F,1989,Alana,9
CT,F,1989,Brittani,9
CT,F,1989,Cindy,9
CT,F,1989,Cori,9
CT,F,1989,Eileen,9
CT,F,1989,Eleanor,9
CT,F,1989,Elisabeth,9
CT,F,1989,Eva,9
CT,F,1989,Gillian,9
CT,F,1989,Heidi,9
CT,F,1989,Isabelle,9
CT,F,1989,Jade,9
CT,F,1989,Kelli,9
CT,F,1989,Kirsten,9
CT,F,1989,Leigh,9
CT,F,1989,Maura,9
CT,F,1989,Miriam,9
CT,F,1989,Nadia,9
CT,F,1989,Regina,9
CT,F,1989,Rose,9
CT,F,1989,Ruth,9
CT,F,1989,Shauna,9
CT,F,1989,Sheila,9
CT,F,1989,Sonia,9
CT,F,1989,Tiara,9
CT,F,1989,Aisha,8
CT,F,1989,Alessandra,8
CT,F,1989,Alice,8
CT,F,1989,Ashleigh,8
CT,F,1989,Breanna,8
CT,F,1989,Chanel,8
CT,F,1989,Chantal,8
CT,F,1989,Destiny,8
CT,F,1989,Donna,8
CT,F,1989,Ericka,8
CT,F,1989,Francesca,8
CT,F,1989,Irene,8
CT,F,1989,Jaimie,8
CT,F,1989,Janice,8
CT,F,1989,Jazmine,8
CT,F,1989,Kaila,8
CT,F,1989,Kaitlynn,8
CT,F,1989,Kali,8
CT,F,1989,Kayleigh,8
CT,F,1989,Kyle,8
CT,F,1989,Larissa,8
CT,F,1989,Latasha,8
CT,F,1989,Leeann,8
CT,F,1989,Lily,8
CT,F,1989,Lucy,8
CT,F,1989,Marianne,8
CT,F,1989,Marilyn,8
CT,F,1989,Michael,8
CT,F,1989,Sierra,8
CT,F,1989,Siobhan,8
CT,F,1989,Tania,8
CT,F,1989,Toni,8
CT,F,1989,Yaritza,8
CT,F,1989,Adrianna,7
CT,F,1989,Alanna,7
CT,F,1989,Alisa,7
CT,F,1989,Alyse,7
CT,F,1989,Alysha,7
CT,F,1989,Alysia,7
CT,F,1989,Angel,7
CT,F,1989,Annemarie,7
CT,F,1989,Baby,7
CT,F,1989,Brandi,7
CT,F,1989,Brandy,7
CT,F,1989,Camille,7
CT,F,1989,Casandra,7
CT,F,1989,Cassondra,7
CT,F,1989,Celeste,7
CT,F,1989,Christopher,7
CT,F,1989,Christy,7
CT,F,1989,Ciara,7
CT,F,1989,Claudia,7
CT,F,1989,Dayna,7
CT,F,1989,Frances,7
CT,F,1989,India,7
CT,F,1989,Juliana,7
CT,F,1989,Karla,7
CT,F,1989,Kira,7
CT,F,1989,Krystle,7
CT,F,1989,Lacey,7
CT,F,1989,Laurel,7
CT,F,1989,Liza,7
CT,F,1989,Lyndsey,7
CT,F,1989,Lynn,7
CT,F,1989,Maegan,7
CT,F,1989,Marina,7
CT,F,1989,Maryann,7
CT,F,1989,Mia,7
CT,F,1989,Nadine,7
CT,F,1989,Natalia,7
CT,F,1989,Nicolle,7
CT,F,1989,Phoebe,7
CT,F,1989,Priscilla,7
CT,F,1989,Rochelle,7
CT,F,1989,Sally,7
CT,F,1989,Samatha,7
CT,F,1989,Stephany,7
CT,F,1989,Sylvia,7
CT,F,1989,Tammy,7
CT,F,1989,Tessa,7
CT,F,1989,Tia,7
CT,F,1989,Timothy,7
CT,F,1989,Tonya,7
CT,F,1989,Xiomara,7
CT,F,1989,Andrew,6
CT,F,1989,Annie,6
CT,F,1989,Arianna,6
CT,F,1989,Callie,6
CT,F,1989,Cassie,6
CT,F,1989,Cherelle,6
CT,F,1989,Corey,6
CT,F,1989,Daniella,6
CT,F,1989,Deena,6
CT,F,1989,Deirdre,6
CT,F,1989,Dianna,6
CT,F,1989,Eve,6
CT,F,1989,Fallon,6
CT,F,1989,Geraldine,6
CT,F,1989,Gloria,6
CT,F,1989,Hanna,6
CT,F,1989,Iliana,6
CT,F,1989,Janet,6
CT,F,1989,Janine,6
CT,F,1989,Jazmin,6
CT,F,1989,Jean,6
CT,F,1989,Jeanne,6
CT,F,1989,Jerica,6
CT,F,1989,Jerrica,6
CT,F,1989,Jessenia,6
CT,F,1989,Jill,6
CT,F,1989,Jodi,6
CT,F,1989,Josephine,6
CT,F,1989,Julianna,6
CT,F,1989,Kassandra,6
CT,F,1989,Katelin,6
CT,F,1989,Katlin,6
CT,F,1989,Katlyn,6
CT,F,1989,Keshia,6
CT,F,1989,Kiersten,6
CT,F,1989,Kristyn,6
CT,F,1989,Latisha,6
CT,F,1989,Lauryn,6
CT,F,1989,Mara,6
CT,F,1989,Margarita,6
CT,F,1989,Marisol,6
CT,F,1989,Marlena,6
CT,F,1989,Maya,6
CT,F,1989,Princess,6
CT,F,1989,Roxanne,6
CT,F,1989,Shaniece,6
CT,F,1989,Shante,6
CT,F,1989,Shaquana,6
CT,F,1989,Shelley,6
CT,F,1989,Staci,6
CT,F,1989,Sydney,6
CT,F,1989,Tanisha,6
CT,F,1989,Tracey,6
CT,F,1989,Zuleyka,6
CT,F,1989,Ada,5
CT,F,1989,Aileen,5
CT,F,1989,Alexander,5
CT,F,1989,Antoinette,5
CT,F,1989,Aurora,5
CT,F,1989,Bailey,5
CT,F,1989,Belinda,5
CT,F,1989,Beth,5
CT,F,1989,Betsy,5
CT,F,1989,Brenna,5
CT,F,1989,Brigid,5
CT,F,1989,Catrina,5
CT,F,1989,Cecilia,5
CT,F,1989,Celia,5
CT,F,1989,Charisse,5
CT,F,1989,Chelsie,5
CT,F,1989,Clara,5
CT,F,1989,Clarissa,5
CT,F,1989,Corrine,5
CT,F,1989,Damaris,5
CT,F,1989,Dawn,5
CT,F,1989,Deidre,5
CT,F,1989,Elana,5
CT,F,1989,Elissa,5
CT,F,1989,Georgia,5
CT,F,1989,Glenda,5
CT,F,1989,Isabel,5
CT,F,1989,Jaleesa,5
CT,F,1989,Jalisa,5
CT,F,1989,Janay,5
CT,F,1989,Janell,5
CT,F,1989,Jeannette,5
CT,F,1989,Jelisa,5
CT,F,1989,Jenifer,5
CT,F,1989,Jennie,5
CT,F,1989,Jesse,5
CT,F,1989,Joanne,5
CT,F,1989,Joselyn,5
CT,F,1989,Joyce,5
CT,F,1989,Judith,5
CT,F,1989,Justina,5
CT,F,1989,Kacie,5
CT,F,1989,Kathy,5
CT,F,1989,Kaylee,5
CT,F,1989,Keisha,5
CT,F,1989,Kyla,5
CT,F,1989,Lara,5
CT,F,1989,Latifah,5
CT,F,1989,Leila,5
CT,F,1989,Liana,5
CT,F,1989,Lorraine,5
CT,F,1989,Madeleine,5
CT,F,1989,Maggie,5
CT,F,1989,Maryellen,5
CT,F,1989,Melody,5
CT,F,1989,Milagros,5
CT,F,1989,Mindy,5
CT,F,1989,Norma,5
CT,F,1989,Patrice,5
CT,F,1989,Precious,5
CT,F,1989,Richard,5
CT,F,1989,Rosemary,5
CT,F,1989,Savannah,5
CT,F,1989,Serena,5
CT,F,1989,Shaniqua,5
CT,F,1989,Shayla,5
CT,F,1989,Sherri,5
CT,F,1989,Shirley,5
CT,F,1989,Tess,5
CT,F,1989,Whitley,5
CT,F,1989,Yessenia,5
CT,F,1989,Yolanda,5
CT,F,1990,Jessica,565
CT,F,1990,Ashley,515
CT,F,1990,Amanda,444
CT,F,1990,Nicole,401
CT,F,1990,Stephanie,398
CT,F,1990,Samantha,379
CT,F,1990,Sarah,362
CT,F,1990,Brittany,345
CT,F,1990,Jennifer,342
CT,F,1990,Emily,329
CT,F,1990,Lauren,325
CT,F,1990,Elizabeth,285
CT,F,1990,Melissa,256
CT,F,1990,Rebecca,253
CT,F,1990,Rachel,236
CT,F,1990,Katherine,225
CT,F,1990,Danielle,224
CT,F,1990,Chelsea,214
CT,F,1990,Michelle,211
CT,F,1990,Alyssa,204
CT,F,1990,Megan,197
CT,F,1990,Kelly,184
CT,F,1990,Christina,179
CT,F,1990,Heather,171
CT,F,1990,Laura,164
CT,F,1990,Victoria,164
CT,F,1990,Kayla,155
CT,F,1990,Alexandra,149
CT,F,1990,Courtney,149
CT,F,1990,Hannah,140
CT,F,1990,Sara,138
CT,F,1990,Amber,135
CT,F,1990,Amy,132
CT,F,1990,Erica,130
CT,F,1990,Kimberly,126
CT,F,1990,Erin,120
CT,F,1990,Christine,117
CT,F,1990,Kathryn,116
CT,F,1990,Caitlin,111
CT,F,1990,Kristen,110
CT,F,1990,Shannon,108
CT,F,1990,Kelsey,107
CT,F,1990,Tiffany,106
CT,F,1990,Allison,105
CT,F,1990,Jasmine,102
CT,F,1990,Meghan,102
CT,F,1990,Jacqueline,96
CT,F,1990,Mary,96
CT,F,1990,Alicia,94
CT,F,1990,Lisa,94
CT,F,1990,Kaitlyn,93
CT,F,1990,Taylor,90
CT,F,1990,Angela,89
CT,F,1990,Cassandra,87
CT,F,1990,Catherine,87
CT,F,1990,Andrea,84
CT,F,1990,Anna,81
CT,F,1990,Lindsay,81
CT,F,1990,Kathleen,80
CT,F,1990,Jamie,78
CT,F,1990,Molly,78
CT,F,1990,Jillian,76
CT,F,1990,Caroline,74
CT,F,1990,Olivia,73
CT,F,1990,Lindsey,71
CT,F,1990,Julia,70
CT,F,1990,Crystal,69
CT,F,1990,Maria,67
CT,F,1990,Marissa,66
CT,F,1990,Melanie,66
CT,F,1990,Katelyn,65
CT,F,1990,Vanessa,64
CT,F,1990,Kaitlin,63
CT,F,1990,Alison,62
CT,F,1990,Margaret,62
CT,F,1990,Emma,61
CT,F,1990,Brittney,60
CT,F,1990,Jenna,60
CT,F,1990,Katie,60
CT,F,1990,Kristin,59
CT,F,1990,Monica,59
CT,F,1990,Bianca,58
CT,F,1990,Julie,58
CT,F,1990,Paige,58
CT,F,1990,Abigail,56
CT,F,1990,Brianna,56
CT,F,1990,Natalie,56
CT,F,1990,Erika,55
CT,F,1990,Natasha,55
CT,F,1990,Kristina,53
CT,F,1990,Colleen,52
CT,F,1990,Jordan,52
CT,F,1990,Leah,52
CT,F,1990,Morgan,51
CT,F,1990,Carolyn,50
CT,F,1990,Alexa,49
CT,F,1990,Gabrielle,49
CT,F,1990,Dana,48
CT,F,1990,Jaclyn,48
CT,F,1990,Casey,47
CT,F,1990,Brooke,46
CT,F,1990,Gina,45
CT,F,1990,Alexis,44
CT,F,1990,Kara,44
CT,F,1990,Patricia,43
CT,F,1990,Alexandria,39
CT,F,1990,Cynthia,39
CT,F,1990,Veronica,38
CT,F,1990,Anne,37
CT,F,1990,Krystal,37
CT,F,1990,Bethany,36
CT,F,1990,Tara,36
CT,F,1990,Grace,34
CT,F,1990,Briana,33
CT,F,1990,Felicia,33
CT,F,1990,Sasha,33
CT,F,1990,Ariel,32
CT,F,1990,Carly,32
CT,F,1990,Claire,31
CT,F,1990,Rachael,31
CT,F,1990,Holly,30
CT,F,1990,Meagan,30
CT,F,1990,Angelica,29
CT,F,1990,Jocelyn,29
CT,F,1990,Joanna,28
CT,F,1990,Kate,28
CT,F,1990,Sabrina,28
CT,F,1990,Susan,28
CT,F,1990,Audrey,27
CT,F,1990,Karen,27
CT,F,1990,Madeline,27
CT,F,1990,Michele,27
CT,F,1990,Monique,27
CT,F,1990,Whitney,27
CT,F,1990,Caitlyn,26
CT,F,1990,Krista,26
CT,F,1990,Leslie,26
CT,F,1990,April,25
CT,F,1990,Denise,25
CT,F,1990,Desiree,25
CT,F,1990,Hillary,25
CT,F,1990,Kirsten,25
CT,F,1990,Marisa,25
CT,F,1990,Meredith,25
CT,F,1990,Stacey,25
CT,F,1990,Bridget,24
CT,F,1990,Chelsey,24
CT,F,1990,Deanna,24
CT,F,1990,Allyson,23
CT,F,1990,Candace,23
CT,F,1990,Ellen,23
CT,F,1990,Kelley,23
CT,F,1990,Shelby,23
CT,F,1990,Mallory,22
CT,F,1990,Adriana,21
CT,F,1990,Ann,21
CT,F,1990,Arielle,21
CT,F,1990,Carissa,21
CT,F,1990,Charlotte,21
CT,F,1990,Gabriella,21
CT,F,1990,Haley,21
CT,F,1990,Marie,21
CT,F,1990,Melinda,21
CT,F,1990,Nina,21
CT,F,1990,Alisha,20
CT,F,1990,Diana,20
CT,F,1990,Elise,20
CT,F,1990,Renee,20
CT,F,1990,Valerie,20
CT,F,1990,Amelia,19
CT,F,1990,Britney,19
CT,F,1990,Katharine,19
CT,F,1990,Meaghan,19
CT,F,1990,Stacy,19
CT,F,1990,Theresa,19
CT,F,1990,Jenny,18
CT,F,1990,Katrina,18
CT,F,1990,Latoya,18
CT,F,1990,Nichole,18
CT,F,1990,Sharon,18
CT,F,1990,Aimee,17
CT,F,1990,Ana,17
CT,F,1990,Ashleigh,17
CT,F,1990,Brenna,17
CT,F,1990,Justine,17
CT,F,1990,Kristine,17
CT,F,1990,Nancy,17
CT,F,1990,Robin,17
CT,F,1990,Sandra,17
CT,F,1990,Shawna,17
CT,F,1990,Stefanie,17
CT,F,1990,Tanya,17
CT,F,1990,Ashlee,16
CT,F,1990,Cristina,16
CT,F,1990,Genevieve,16
CT,F,1990,Hilary,16
CT,F,1990,Jacquelyn,16
CT,F,1990,Jaime,16
CT,F,1990,Jazmin,16
CT,F,1990,Kellie,16
CT,F,1990,Kendra,16
CT,F,1990,Kerry,16
CT,F,1990,Sydney,16
CT,F,1990,Tatiana,16
CT,F,1990,Tracy,16
CT,F,1990,Cara,15
CT,F,1990,Deborah,15
CT,F,1990,Dominique,15
CT,F,1990,Elisabeth,15
CT,F,1990,Priscilla,15
CT,F,1990,Rose,15
CT,F,1990,Virginia,15
CT,F,1990,Brandi,14
CT,F,1990,Candice,14
CT,F,1990,Devon,14
CT,F,1990,Ebony,14
CT,F,1990,Jaimie,14
CT,F,1990,Jessie,14
CT,F,1990,Kayleigh,14
CT,F,1990,Kristy,14
CT,F,1990,Lydia,14
CT,F,1990,Madison,14
CT,F,1990,Sierra,14
CT,F,1990,Tabitha,14
CT,F,1990,Teresa,14
CT,F,1990,Alissa,13
CT,F,1990,Alysha,13
CT,F,1990,Ariana,13
CT,F,1990,Barbara,13
CT,F,1990,Chloe,13
CT,F,1990,Devin,13
CT,F,1990,Eleanor,13
CT,F,1990,Hayley,13
CT,F,1990,Jade,13
CT,F,1990,Katlyn,13
CT,F,1990,Kaylee,13
CT,F,1990,Martha,13
CT,F,1990,Nadia,13
CT,F,1990,Nikki,13
CT,F,1990,Nora,13
CT,F,1990,Shana,13
CT,F,1990,Shauna,13
CT,F,1990,Sheila,13
CT,F,1990,Simone,13
CT,F,1990,Sophia,13
CT,F,1990,Trisha,13
CT,F,1990,Yesenia,13
CT,F,1990,Alana,12
CT,F,1990,Anastasia,12
CT,F,1990,Aubrey,12
CT,F,1990,Elena,12
CT,F,1990,Eliza,12
CT,F,1990,Elyse,12
CT,F,1990,Janelle,12
CT,F,1990,Jeanette,12
CT,F,1990,Johanna,12
CT,F,1990,Julianne,12
CT,F,1990,Kasey,12
CT,F,1990,Kristyn,12
CT,F,1990,Kylie,12
CT,F,1990,Liana,12
CT,F,1990,Lucy,12
CT,F,1990,Mercedes,12
CT,F,1990,Pamela,12
CT,F,1990,Robyn,12
CT,F,1990,Rosemary,12
CT,F,1990,Shaniqua,12
CT,F,1990,Taryn,12
CT,F,1990,Wendy,12
CT,F,1990,Alyson,11
CT,F,1990,Angelina,11
CT,F,1990,Annie,11
CT,F,1990,Bonnie,11
CT,F,1990,Brianne,11
CT,F,1990,Camille,11
CT,F,1990,Carmen,11
CT,F,1990,Carrie,11
CT,F,1990,Cheryl,11
CT,F,1990,Clare,11
CT,F,1990,Jazmine,11
CT,F,1990,Jill,11
CT,F,1990,Joanne,11
CT,F,1990,Keri,11
CT,F,1990,Krystle,11
CT,F,1990,Lacey,11
CT,F,1990,Laurel,11
CT,F,1990,Linda,11
CT,F,1990,Marilyn,11
CT,F,1990,Melody,11
CT,F,1990,Regina,11
CT,F,1990,Ryan,11
CT,F,1990,Shaina,11
CT,F,1990,Tina,11
CT,F,1990,Asia,10
CT,F,1990,Avery,10
CT,F,1990,Beth,10
CT,F,1990,Brittani,10
CT,F,1990,Carla,10
CT,F,1990,Chantel,10
CT,F,1990,Cheyenne,10
CT,F,1990,Christa,10
CT,F,1990,Christie,10
CT,F,1990,Corey,10
CT,F,1990,Corinne,10
CT,F,1990,Gillian,10
CT,F,1990,Kendall,10
CT,F,1990,Larissa,10
CT,F,1990,Maggie,10
CT,F,1990,Marlene,10
CT,F,1990,Mia,10
CT,F,1990,Michaela,10
CT,F,1990,Miranda,10
CT,F,1990,Naomi,10
CT,F,1990,Rosalie,10
CT,F,1990,Toni,10
CT,F,1990,Alaina,9
CT,F,1990,Alessandra,9
CT,F,1990,Alycia,9
CT,F,1990,Arianna,9
CT,F,1990,Bailey,9
CT,F,1990,Breanna,9
CT,F,1990,Brenda,9
CT,F,1990,Carol,9
CT,F,1990,Clara,9
CT,F,1990,Daniela,9
CT,F,1990,Deirdre,9
CT,F,1990,Diane,9
CT,F,1990,Dorothy,9
CT,F,1990,Eileen,9
CT,F,1990,Ericka,9
CT,F,1990,Francesca,9
CT,F,1990,Iris,9
CT,F,1990,Jane,9
CT,F,1990,Jesenia,9
CT,F,1990,Karina,9
CT,F,1990,Lea,9
CT,F,1990,Leigh,9
CT,F,1990,Lena,9
CT,F,1990,Lori,9
CT,F,1990,Mackenzie,9
CT,F,1990,Mariah,9
CT,F,1990,Raquel,9
CT,F,1990,Raven,9
CT,F,1990,Sonia,9
CT,F,1990,Tamara,9
CT,F,1990,Tanisha,9
CT,F,1990,Tiara,9
CT,F,1990,Alexander,8
CT,F,1990,Brandy,8
CT,F,1990,Casandra,8
CT,F,1990,Cassidy,8
CT,F,1990,Christopher,8
CT,F,1990,Christy,8
CT,F,1990,Destiny,8
CT,F,1990,Evelyn,8
CT,F,1990,Faith,8
CT,F,1990,Georgia,8
CT,F,1990,Heidi,8
CT,F,1990,Hope,8
CT,F,1990,Janet,8
CT,F,1990,Jeannette,8
CT,F,1990,Jennie,8
CT,F,1990,Jessenia,8
CT,F,1990,Juliana,8
CT,F,1990,Kaila,8
CT,F,1990,Kaleigh,8
CT,F,1990,Karissa,8
CT,F,1990,Katelynn,8
CT,F,1990,Keisha,8
CT,F,1990,Kristie,8
CT,F,1990,Kyle,8
CT,F,1990,Luz,8
CT,F,1990,Marina,8
CT,F,1990,Maura,8
CT,F,1990,Maya,8
CT,F,1990,Michael,8
CT,F,1990,Nadine,8
CT,F,1990,Natalia,8
CT,F,1990,Rochelle,8
CT,F,1990,Roxanne,8
CT,F,1990,Sandy,8
CT,F,1990,Shayna,8
CT,F,1990,Zoe,8
CT,F,1990,Adrienne,7
CT,F,1990,Alanna,7
CT,F,1990,Anita,7
CT,F,1990,Ashlyn,7
CT,F,1990,Autumn,7
CT,F,1990,Carley,7
CT,F,1990,Carolina,7
CT,F,1990,Cassie,7
CT,F,1990,Celeste,7
CT,F,1990,Ciara,7
CT,F,1990,Colby,7
CT,F,1990,Dawn,7
CT,F,1990,Dayna,7
CT,F,1990,Elisa,7
CT,F,1990,Elissa,7
CT,F,1990,Eva,7
CT,F,1990,Hanna,7
CT,F,1990,Isabel,7
CT,F,1990,Isamar,7
CT,F,1990,Janice,7
CT,F,1990,Jasmin,7
CT,F,1990,Jenifer,7
CT,F,1990,Jesse,7
CT,F,1990,Julianna,7
CT,F,1990,Kari,7
CT,F,1990,Kira,7
CT,F,1990,Krystina,7
CT,F,1990,Lara,7
CT,F,1990,Lillian,7
CT,F,1990,Lyndsay,7
CT,F,1990,Lynn,7
CT,F,1990,Margot,7
CT,F,1990,Maureen,7
CT,F,1990,Mayra,7
CT,F,1990,Nikita,7
CT,F,1990,Paula,7
CT,F,1990,Phylicia,7
CT,F,1990,Ruth,7
CT,F,1990,Savanna,7
CT,F,1990,Shirley,7
CT,F,1990,Siobhan,7
CT,F,1990,Stephany,7
CT,F,1990,Sylvia,7
CT,F,1990,Tammy,7
CT,F,1990,Tessa,7
CT,F,1990,Tianna,7
CT,F,1990,Yolanda,7
CT,F,1990,Abby,6
CT,F,1990,Alyse,6
CT,F,1990,Alysia,6
CT,F,1990,Angelia,6
CT,F,1990,Annemarie,6
CT,F,1990,Annette,6
CT,F,1990,Annmarie,6
CT,F,1990,Arlene,6
CT,F,1990,Babygirl,6
CT,F,1990,Blair,6
CT,F,1990,Blanca,6
CT,F,1990,Brittny,6
CT,F,1990,Bryanna,6
CT,F,1990,Cathryn,6
CT,F,1990,Cayla,6
CT,F,1990,Chelsie,6
CT,F,1990,Cindy,6
CT,F,1990,Constance,6
CT,F,1990,Cortney,6
CT,F,1990,Daniella,6
CT,F,1990,Debra,6
CT,F,1990,Donna,6
CT,F,1990,Emilee,6
CT,F,1990,Eryn,6
CT,F,1990,Esther,6
CT,F,1990,Frances,6
CT,F,1990,Genesis,6
CT,F,1990,Gianna,6
CT,F,1990,Giovanna,6
CT,F,1990,Gloria,6
CT,F,1990,Irene,6
CT,F,1990,Janay,6
CT,F,1990,Joelle,6
CT,F,1990,Jourdan,6
CT,F,1990,Justina,6
CT,F,1990,Kassandra,6
CT,F,1990,Kelli,6
CT,F,1990,Kyra,6
CT,F,1990,Leanna,6
CT,F,1990,Leanne,6
CT,F,1990,Lorraine,6
CT,F,1990,Madeleine,6
CT,F,1990,Margarita,6
CT,F,1990,Maritza,6
CT,F,1990,Noelle,6
CT,F,1990,Patrice,6
CT,F,1990,Rebekah,6
CT,F,1990,Samatha,6
CT,F,1990,Savannah,6
CT,F,1990,Shakira,6
CT,F,1990,Shanna,6
CT,F,1990,Shaquana,6
CT,F,1990,Shayla,6
CT,F,1990,Sonya,6
CT,F,1990,Stacie,6
CT,F,1990,Tia,6
CT,F,1990,Tricia,6
CT,F,1990,Yessenia,6
CT,F,1990,Zuleyka,6
CT,F,1990,Aileen,5
CT,F,1990,Alesha,5
CT,F,1990,Angel,5
CT,F,1990,Arianne,5
CT,F,1990,Ashely,5
CT,F,1990,Baby,5
CT,F,1990,Bridgette,5
CT,F,1990,Brielle,5
CT,F,1990,Brynn,5
CT,F,1990,Cali,5
CT,F,1990,Charlene,5
CT,F,1990,Chrystal,5
CT,F,1990,Cierra,5
CT,F,1990,Claudia,5
CT,F,1990,Coleen,5
CT,F,1990,Corrine,5
CT,F,1990,Daisy,5
CT,F,1990,Danica,5
CT,F,1990,Daria,5
CT,F,1990,Diamond,5
CT,F,1990,Doris,5
CT,F,1990,Elaine,5
CT,F,1990,Emilie,5
CT,F,1990,Evan,5
CT,F,1990,Gabriela,5
CT,F,1990,Geraldine,5
CT,F,1990,Giselle,5
CT,F,1990,Ivana,5
CT,F,1990,Janae,5
CT,F,1990,Jodi,5
CT,F,1990,Jolene,5
CT,F,1990,Josephine,5
CT,F,1990,Karin,5
CT,F,1990,Katelin,5
CT,F,1990,Kathrine,5
CT,F,1990,Keila,5
CT,F,1990,Kellyann,5
CT,F,1990,Kelsea,5
CT,F,1990,Kelsie,5
CT,F,1990,Kiara,5
CT,F,1990,Kirstin,5
CT,F,1990,Krysta,5
CT,F,1990,Krystin,5
CT,F,1990,Laurie,5
CT,F,1990,Lily,5
CT,F,1990,Liza,5
CT,F,1990,Mara,5
CT,F,1990,Marlena,5
CT,F,1990,Mollie,5
CT,F,1990,Monika,5
CT,F,1990,Pauline,5
CT,F,1990,Phoebe,5
CT,F,1990,Precious,5
CT,F,1990,Priya,5
CT,F,1990,Rhiannon,5
CT,F,1990,Ruby,5
CT,F,1990,Shante,5
CT,F,1990,Shantel,5
CT,F,1990,Staci,5
CT,F,1990,Tameka,5
CT,F,1990,Tania,5
CT,F,1990,Tiana,5
CT,F,1990,Xiomara,5
CT,F,1990,Yvonne,5
CT,F,1991,Ashley,507
CT,F,1991,Jessica,486
CT,F,1991,Amanda,431
CT,F,1991,Sarah,392
CT,F,1991,Samantha,377
CT,F,1991,Stephanie,371
CT,F,1991,Emily,337
CT,F,1991,Jennifer,327
CT,F,1991,Nicole,319
CT,F,1991,Brittany,293
CT,F,1991,Lauren,273
CT,F,1991,Elizabeth,264
CT,F,1991,Katherine,260
CT,F,1991,Rebecca,240
CT,F,1991,Rachel,235
CT,F,1991,Melissa,213
CT,F,1991,Alyssa,207
CT,F,1991,Danielle,206
CT,F,1991,Christina,202
CT,F,1991,Chelsea,197
CT,F,1991,Megan,196
CT,F,1991,Michelle,189
CT,F,1991,Alexandra,188
CT,F,1991,Victoria,173
CT,F,1991,Kelly,168
CT,F,1991,Taylor,148
CT,F,1991,Heather,143
CT,F,1991,Kelsey,141
CT,F,1991,Kayla,139
CT,F,1991,Laura,136
CT,F,1991,Amber,128
CT,F,1991,Erin,128
CT,F,1991,Sara,121
CT,F,1991,Kristen,119
CT,F,1991,Erica,114
CT,F,1991,Kimberly,113
CT,F,1991,Courtney,112
CT,F,1991,Hannah,112
CT,F,1991,Caitlin,111
CT,F,1991,Mary,109
CT,F,1991,Meghan,109
CT,F,1991,Amy,100
CT,F,1991,Julia,96
CT,F,1991,Allison,95
CT,F,1991,Kathryn,94
CT,F,1991,Christine,93
CT,F,1991,Jasmine,92
CT,F,1991,Cassandra,89
CT,F,1991,Morgan,89
CT,F,1991,Shannon,89
CT,F,1991,Catherine,88
CT,F,1991,Lindsay,87
CT,F,1991,Lindsey,86
CT,F,1991,Alexis,85
CT,F,1991,Brianna,85
CT,F,1991,Molly,83
CT,F,1991,Anna,80
CT,F,1991,Jacqueline,79
CT,F,1991,Jillian,78
CT,F,1991,Olivia,78
CT,F,1991,Kathleen,77
CT,F,1991,Caroline,75
CT,F,1991,Shelby,74
CT,F,1991,Emma,73
CT,F,1991,Kaitlyn,72
CT,F,1991,Natalie,72
CT,F,1991,Tiffany,72
CT,F,1991,Marissa,71
CT,F,1991,Melanie,71
CT,F,1991,Andrea,69
CT,F,1991,Margaret,68
CT,F,1991,Lisa,64
CT,F,1991,Alicia,63
CT,F,1991,Jenna,63
CT,F,1991,Katie,63
CT,F,1991,Crystal,61
CT,F,1991,Julie,61
CT,F,1991,Gabrielle,59
CT,F,1991,Mariah,59
CT,F,1991,Maria,58
CT,F,1991,Alexa,57
CT,F,1991,Alison,57
CT,F,1991,Erika,57
CT,F,1991,Paige,57
CT,F,1991,Abigail,56
CT,F,1991,Jamie,56
CT,F,1991,Katelyn,56
CT,F,1991,Angela,55
CT,F,1991,Vanessa,54
CT,F,1991,Ariel,51
CT,F,1991,Kristina,51
CT,F,1991,Colleen,50
CT,F,1991,Rachael,49
CT,F,1991,Leah,48
CT,F,1991,Tara,47
CT,F,1991,Kaitlin,46
CT,F,1991,Bianca,45
CT,F,1991,Brooke,45
CT,F,1991,Casey,45
CT,F,1991,Kara,45
CT,F,1991,Kristin,45
CT,F,1991,Jaclyn,44
CT,F,1991,Brittney,43
CT,F,1991,Dana,43
CT,F,1991,Holly,42
CT,F,1991,Natasha,40
CT,F,1991,Carolyn,39
CT,F,1991,Haley,39
CT,F,1991,Jordan,38
CT,F,1991,Alexandria,36
CT,F,1991,Angelica,35
CT,F,1991,Briana,35
CT,F,1991,Veronica,35
CT,F,1991,Claire,34
CT,F,1991,Felicia,33
CT,F,1991,Mallory,33
CT,F,1991,Bethany,32
CT,F,1991,Deanna,32
CT,F,1991,Patricia,32
CT,F,1991,Carly,31
CT,F,1991,Diana,30
CT,F,1991,Jocelyn,30
CT,F,1991,Krystal,30
CT,F,1991,Monique,30
CT,F,1991,Valerie,30
CT,F,1991,Anne,29
CT,F,1991,Arielle,29
CT,F,1991,Joanna,29
CT,F,1991,Krista,29
CT,F,1991,Sabrina,29
CT,F,1991,Cynthia,28
CT,F,1991,Karen,28
CT,F,1991,Meagan,28
CT,F,1991,Monica,28
CT,F,1991,Whitney,28
CT,F,1991,Charlotte,27
CT,F,1991,Miranda,27
CT,F,1991,Bridget,26
CT,F,1991,Gina,26
CT,F,1991,Madeline,26
CT,F,1991,Michele,26
CT,F,1991,Theresa,26
CT,F,1991,Chelsey,25
CT,F,1991,Kate,25
CT,F,1991,Kiara,25
CT,F,1991,Desiree,24
CT,F,1991,Grace,24
CT,F,1991,Justine,24
CT,F,1991,Nichole,24
CT,F,1991,Allyson,23
CT,F,1991,Dominique,23
CT,F,1991,Jacquelyn,23
CT,F,1991,Katrina,23
CT,F,1991,Sasha,23
CT,F,1991,Devon,22
CT,F,1991,Ellen,22
CT,F,1991,Marisa,22
CT,F,1991,Nina,22
CT,F,1991,Renee,22
CT,F,1991,April,21
CT,F,1991,Cristina,21
CT,F,1991,Eliza,21
CT,F,1991,Hayley,21
CT,F,1991,Hillary,21
CT,F,1991,Jane,21
CT,F,1991,Kirsten,21
CT,F,1991,Stacey,21
CT,F,1991,Audrey,20
CT,F,1991,Cara,20
CT,F,1991,Denise,20
CT,F,1991,Iesha,20
CT,F,1991,Priscilla,20
CT,F,1991,Tatiana,20
CT,F,1991,Virginia,20
CT,F,1991,Alisha,19
CT,F,1991,Ariana,19
CT,F,1991,Barbara,19
CT,F,1991,Corinne,19
CT,F,1991,Katharine,19
CT,F,1991,Mackenzie,19
CT,F,1991,Melinda,19
CT,F,1991,Sydney,19
CT,F,1991,Cheyenne,18
CT,F,1991,Elise,18
CT,F,1991,Gabriella,18
CT,F,1991,Kerry,18
CT,F,1991,Tiana,18
CT,F,1991,Ashlee,17
CT,F,1991,Carissa,17
CT,F,1991,Linda,17
CT,F,1991,Meredith,17
CT,F,1991,Stacy,17
CT,F,1991,Teresa,17
CT,F,1991,Arianna,16
CT,F,1991,Chloe,16
CT,F,1991,Jill,16
CT,F,1991,Kayleigh,16
CT,F,1991,Noelle,16
CT,F,1991,Shayna,16
CT,F,1991,Abby,15
CT,F,1991,Amelia,15
CT,F,1991,Caitlyn,15
CT,F,1991,Ebony,15
CT,F,1991,Hilary,15
CT,F,1991,Jazmine,15
CT,F,1991,Karina,15
CT,F,1991,Karissa,15
CT,F,1991,Kellie,15
CT,F,1991,Marie,15
CT,F,1991,Raven,15
CT,F,1991,Rebekah,15
CT,F,1991,Ruth,15
CT,F,1991,Adriana,14
CT,F,1991,Brenda,14
CT,F,1991,Brenna,14
CT,F,1991,Elena,14
CT,F,1991,Julianne,14
CT,F,1991,Kristine,14
CT,F,1991,Lydia,14
CT,F,1991,Meaghan,14
CT,F,1991,Mia,14
CT,F,1991,Pamela,14
CT,F,1991,Sandra,14
CT,F,1991,Yolanda,14
CT,F,1991,Aubrey,13
CT,F,1991,Bonnie,13
CT,F,1991,Carmen,13
CT,F,1991,Carrie,13
CT,F,1991,Devin,13
CT,F,1991,Eileen,13
CT,F,1991,Hanna,13
CT,F,1991,Heidi,13
CT,F,1991,Jaime,13
CT,F,1991,Kaylee,13
CT,F,1991,Kendall,13
CT,F,1991,Kristy,13
CT,F,1991,Kylie,13
CT,F,1991,Leslie,13
CT,F,1991,Madeleine,13
CT,F,1991,Michaela,13
CT,F,1991,Rose,13
CT,F,1991,Susan,13
CT,F,1991,Suzanne,13
CT,F,1991,Tina,13
CT,F,1991,Adrianna,12
CT,F,1991,Aimee,12
CT,F,1991,Angelina,12
CT,F,1991,Ann,12
CT,F,1991,Asia,12
CT,F,1991,Charlene,12
CT,F,1991,Jade,12
CT,F,1991,Jessie,12
CT,F,1991,Juliana,12
CT,F,1991,Kendra,12
CT,F,1991,Lillian,12
CT,F,1991,Marina,12
CT,F,1991,Maya,12
CT,F,1991,Michael,12
CT,F,1991,Nancy,12
CT,F,1991,Nikki,12
CT,F,1991,Nora,12
CT,F,1991,Rachelle,12
CT,F,1991,Robyn,12
CT,F,1991,Sheila,12
CT,F,1991,Sophia,12
CT,F,1991,Sophie,12
CT,F,1991,Stefanie,12
CT,F,1991,Tanisha,12
CT,F,1991,Tanya,12
CT,F,1991,Zoe,12
CT,F,1991,Ana,11
CT,F,1991,Camille,11
CT,F,1991,Clare,11
CT,F,1991,Elyse,11
CT,F,1991,Gabriela,11
CT,F,1991,Isabel,11
CT,F,1991,Janine,11
CT,F,1991,Jenny,11
CT,F,1991,Kaila,11
CT,F,1991,Karla,11
CT,F,1991,Kelli,11
CT,F,1991,Kristi,11
CT,F,1991,Kristie,11
CT,F,1991,Madison,11
CT,F,1991,Marilyn,11
CT,F,1991,Mercedes,11
CT,F,1991,Monika,11
CT,F,1991,Rosa,11
CT,F,1991,Ryan,11
CT,F,1991,Shaniqua,11
CT,F,1991,Sharon,11
CT,F,1991,Shauna,11
CT,F,1991,Shayla,11
CT,F,1991,Tasha,11
CT,F,1991,Alice,10
CT,F,1991,Brittni,10
CT,F,1991,Candace,10
CT,F,1991,Carla,10
CT,F,1991,Christa,10
CT,F,1991,Christie,10
CT,F,1991,Corrine,10
CT,F,1991,Diane,10
CT,F,1991,Elaine,10
CT,F,1991,Elisabeth,10
CT,F,1991,Francesca,10
CT,F,1991,Kelley,10
CT,F,1991,Leigh,10
CT,F,1991,Lena,10
CT,F,1991,Liana,10
CT,F,1991,Maura,10
CT,F,1991,Moriah,10
CT,F,1991,Natalia,10
CT,F,1991,Shana,10
CT,F,1991,Simone,10
CT,F,1991,Tabitha,10
CT,F,1991,Taryn,10
CT,F,1991,Tiara,10
CT,F,1991,Toni,10
CT,F,1991,Xiomara,10
CT,F,1991,Alana,9
CT,F,1991,Alanna,9
CT,F,1991,Alissa,9
CT,F,1991,Alysha,9
CT,F,1991,Anita,9
CT,F,1991,Brittani,9
CT,F,1991,Cassidy,9
CT,F,1991,Cecilia,9
CT,F,1991,Ciara,9
CT,F,1991,Destiny,9
CT,F,1991,Hailey,9
CT,F,1991,Helen,9
CT,F,1991,Jazmin,9
CT,F,1991,Johanna,9
CT,F,1991,Katlyn,9
CT,F,1991,Larissa,9
CT,F,1991,Latoya,9
CT,F,1991,Lily,9
CT,F,1991,Marisol,9
CT,F,1991,Maureen,9
CT,F,1991,Melody,9
CT,F,1991,Micaela,9
CT,F,1991,Miriam,9
CT,F,1991,Nikole,9
CT,F,1991,Robin,9
CT,F,1991,Shaina,9
CT,F,1991,Tania,9
CT,F,1991,Tia,9
CT,F,1991,Candice,8
CT,F,1991,Chanel,8
CT,F,1991,Cheryl,8
CT,F,1991,Christy,8
CT,F,1991,Clarissa,8
CT,F,1991,Cristal,8
CT,F,1991,Deborah,8
CT,F,1991,Dorothy,8
CT,F,1991,Evelyn,8
CT,F,1991,Gianna,8
CT,F,1991,Gillian,8
CT,F,1991,Gloria,8
CT,F,1991,Irene,8
CT,F,1991,Isabelle,8
CT,F,1991,Jasmin,8
CT,F,1991,Kari,8
CT,F,1991,Kasey,8
CT,F,1991,Kassandra,8
CT,F,1991,Katelynn,8
CT,F,1991,Keri,8
CT,F,1991,Lara,8
CT,F,1991,Lea,8
CT,F,1991,Luz,8
CT,F,1991,Naomi,8
CT,F,1991,Nicolette,8
CT,F,1991,Paula,8
CT,F,1991,Serena,8
CT,F,1991,Sierra,8
CT,F,1991,Sonia,8
CT,F,1991,Tess,8
CT,F,1991,Tessa,8
CT,F,1991,Tracey,8
CT,F,1991,Tracy,8
CT,F,1991,Tyler,8
CT,F,1991,Aileen,7
CT,F,1991,Alessandra,7
CT,F,1991,Alina,7
CT,F,1991,Angel,7
CT,F,1991,Antoinette,7
CT,F,1991,Ashleigh,7
CT,F,1991,Ashlyn,7
CT,F,1991,Autumn,7
CT,F,1991,Bailey,7
CT,F,1991,Brandi,7
CT,F,1991,Breanna,7
CT,F,1991,Britney,7
CT,F,1991,Brittny,7
CT,F,1991,Cayla,7
CT,F,1991,Cindy,7
CT,F,1991,Daniela,7
CT,F,1991,Debra,7
CT,F,1991,Ericka,7
CT,F,1991,Faith,7
CT,F,1991,Frances,7
CT,F,1991,Genevieve,7
CT,F,1991,Hope,7
CT,F,1991,Iris,7
CT,F,1991,Isamar,7
CT,F,1991,Jaimie,7
CT,F,1991,Janelle,7
CT,F,1991,Janice,7
CT,F,1991,Josephine,7
CT,F,1991,Kaitlynn,7
CT,F,1991,Katy,7
CT,F,1991,Kelsie,7
CT,F,1991,Kerri,7
CT,F,1991,Krysten,7
CT,F,1991,Leanna,7
CT,F,1991,Leanne,7
CT,F,1991,Mara,7
CT,F,1991,Maxine,7
CT,F,1991,Paulina,7
CT,F,1991,Phoebe,7
CT,F,1991,Shawna,7
CT,F,1991,Siobhan,7
CT,F,1991,Sofia,7
CT,F,1991,Stacie,7
CT,F,1991,Tamara,7
CT,F,1991,Tamika,7
CT,F,1991,Tori,7
CT,F,1991,Trisha,7
CT,F,1991,Wendy,7
CT,F,1991,Alyson,6
CT,F,1991,Ashely,6
CT,F,1991,Avery,6
CT,F,1991,Beth,6
CT,F,1991,Breana,6
CT,F,1991,Bria,6
CT,F,1991,Bryanna,6
CT,F,1991,Carol,6
CT,F,1991,Cassie,6
CT,F,1991,Chantelle,6
CT,F,1991,Chastity,6
CT,F,1991,Christen,6
CT,F,1991,Claudia,6
CT,F,1991,Cody,6
CT,F,1991,Daisy,6
CT,F,1991,Dawn,6
CT,F,1991,Donna,6
CT,F,1991,Elissa,6
CT,F,1991,Eva,6
CT,F,1991,Fiona,6
CT,F,1991,Franchesca,6
CT,F,1991,Gretchen,6
CT,F,1991,Isabella,6
CT,F,1991,Jacklyn,6
CT,F,1991,Jaimee,6
CT,F,1991,Jazmyn,6
CT,F,1991,Joan,6
CT,F,1991,Justina,6
CT,F,1991,Kacey,6
CT,F,1991,Kailey,6
CT,F,1991,Kaleigh,6
CT,F,1991,Kiley,6
CT,F,1991,Kirstie,6
CT,F,1991,Kyra,6
CT,F,1991,Latisha,6
CT,F,1991,Laurie,6
CT,F,1991,Liza,6
CT,F,1991,Maritza,6
CT,F,1991,Marlene,6
CT,F,1991,Mollie,6
CT,F,1991,Norma,6
CT,F,1991,Patrice,6
CT,F,1991,Raquel,6
CT,F,1991,Shanae,6
CT,F,1991,Shanna,6
CT,F,1991,Sheena,6
CT,F,1991,Sylvia,6
CT,F,1991,Tianna,6
CT,F,1991,Vivian,6
CT,F,1991,William,6
CT,F,1991,Aisha,5
CT,F,1991,Alaina,5
CT,F,1991,Alejandra,5
CT,F,1991,Alex,5
CT,F,1991,Alexia,5
CT,F,1991,Alycia,5
CT,F,1991,Anastasia,5
CT,F,1991,Ashlie,5
CT,F,1991,Bernadette,5
CT,F,1991,Blair,5
CT,F,1991,Brianne,5
CT,F,1991,Britany,5
CT,F,1991,Callie,5
CT,F,1991,Celia,5
CT,F,1991,Celine,5
CT,F,1991,Chantel,5
CT,F,1991,Chelsie,5
CT,F,1991,Christopher,5
CT,F,1991,Corey,5
CT,F,1991,Deirdre,5
CT,F,1991,Dina,5
CT,F,1991,Domonique,5
CT,F,1991,Eden,5
CT,F,1991,Eliana,5
CT,F,1991,Elisha,5
CT,F,1991,Emerald,5
CT,F,1991,Gwendolyn,5
CT,F,1991,Ivana,5
CT,F,1991,Ivelisse,5
CT,F,1991,Jalisa,5
CT,F,1991,Jana,5
CT,F,1991,Jennie,5
CT,F,1991,Joanne,5
CT,F,1991,Joelle,5
CT,F,1991,Jolene,5
CT,F,1991,Jordyn,5
CT,F,1991,Julianna,5
CT,F,1991,Julissa,5
CT,F,1991,Kaela,5
CT,F,1991,Katiria,5
CT,F,1991,Kimberley,5
CT,F,1991,Kristyn,5
CT,F,1991,Kyle,5
CT,F,1991,Lucy,5
CT,F,1991,Lyndsay,5
CT,F,1991,Lynette,5
CT,F,1991,Lynn,5
CT,F,1991,Maegan,5
CT,F,1991,Marguerite,5
CT,F,1991,Mariana,5
CT,F,1991,Martina,5
CT,F,1991,Melisa,5
CT,F,1991,Mikayla,5
CT,F,1991,Nadia,5
CT,F,1991,Octavia,5
CT,F,1991,Riley,5
CT,F,1991,Rosemarie,5
CT,F,1991,Rosemary,5
CT,F,1991,Sadie,5
CT,F,1991,Shanay,5
CT,F,1991,Shantel,5
CT,F,1991,Shaquana,5
CT,F,1991,Sonya,5
CT,F,1991,Symone,5
CT,F,1991,Tierney,5
CT,F,1991,Tiffani,5
CT,F,1991,Yaritza,5
CT,F,1991,Yesenia,5
CT,F,1991,Yvonne,5
CT,F,1991,Zuleyka,5
CT,F,1992,Jessica,430
CT,F,1992,Ashley,420
CT,F,1992,Sarah,389
CT,F,1992,Amanda,385
CT,F,1992,Emily,376
CT,F,1992,Samantha,351
CT,F,1992,Nicole,340
CT,F,1992,Chelsea,300
CT,F,1992,Stephanie,288
CT,F,1992,Lauren,250
CT,F,1992,Elizabeth,249
CT,F,1992,Jennifer,238
CT,F,1992,Rachel,233
CT,F,1992,Brittany,223
CT,F,1992,Rebecca,214
CT,F,1992,Victoria,207
CT,F,1992,Katherine,206
CT,F,1992,Danielle,198
CT,F,1992,Melissa,198
CT,F,1992,Alexandra,193
CT,F,1992,Alyssa,192
CT,F,1992,Taylor,181
CT,F,1992,Michelle,167
CT,F,1992,Christina,166
CT,F,1992,Megan,162
CT,F,1992,Kayla,160
CT,F,1992,Kelsey,156
CT,F,1992,Kelly,155
CT,F,1992,Heather,125
CT,F,1992,Shannon,119
CT,F,1992,Erin,116
CT,F,1992,Kimberly,115
CT,F,1992,Amber,114
CT,F,1992,Laura,110
CT,F,1992,Sara,110
CT,F,1992,Courtney,109
CT,F,1992,Jasmine,108
CT,F,1992,Julia,106
CT,F,1992,Hannah,105
CT,F,1992,Allison,104
CT,F,1992,Erica,104
CT,F,1992,Kaitlyn,95
CT,F,1992,Olivia,93
CT,F,1992,Amy,92
CT,F,1992,Caitlin,88
CT,F,1992,Brianna,87
CT,F,1992,Kathryn,87
CT,F,1992,Lindsay,87
CT,F,1992,Molly,86
CT,F,1992,Christine,85
CT,F,1992,Jacqueline,85
CT,F,1992,Margaret,85
CT,F,1992,Meghan,85
CT,F,1992,Catherine,84
CT,F,1992,Mary,84
CT,F,1992,Cassandra,83
CT,F,1992,Caroline,82
CT,F,1992,Andrea,81
CT,F,1992,Morgan,80
CT,F,1992,Alexis,78
CT,F,1992,Alicia,74
CT,F,1992,Jenna,74
CT,F,1992,Kristen,74
CT,F,1992,Tiffany,74
CT,F,1992,Kathleen,73
CT,F,1992,Marissa,73
CT,F,1992,Shelby,71
CT,F,1992,Anna,70
CT,F,1992,Abigail,68
CT,F,1992,Casey,68
CT,F,1992,Maria,67
CT,F,1992,Gabrielle,63
CT,F,1992,Melanie,63
CT,F,1992,Vanessa,63
CT,F,1992,Crystal,62
CT,F,1992,Jillian,62
CT,F,1992,Alexa,60
CT,F,1992,Paige,60
CT,F,1992,Colleen,58
CT,F,1992,Kaitlin,57
CT,F,1992,Katelyn,57
CT,F,1992,Natalie,57
CT,F,1992,Jamie,55
CT,F,1992,Leah,54
CT,F,1992,Lindsey,54
CT,F,1992,Haley,53
CT,F,1992,Julie,53
CT,F,1992,Gina,52
CT,F,1992,Bianca,51
CT,F,1992,Briana,51
CT,F,1992,Brooke,50
CT,F,1992,Emma,50
CT,F,1992,Kara,48
CT,F,1992,Lisa,47
CT,F,1992,Anne,45
CT,F,1992,Erika,45
CT,F,1992,Katie,45
CT,F,1992,Madeline,45
CT,F,1992,Shanice,45
CT,F,1992,Alexandria,44
CT,F,1992,Brittney,44
CT,F,1992,Mariah,43
CT,F,1992,Alison,42
CT,F,1992,Angela,41
CT,F,1992,Deanna,41
CT,F,1992,Kristin,41
CT,F,1992,Kristina,41
CT,F,1992,Dana,40
CT,F,1992,Natasha,40
CT,F,1992,Veronica,40
CT,F,1992,Angelica,39
CT,F,1992,Carly,38
CT,F,1992,Grace,38
CT,F,1992,Cynthia,37
CT,F,1992,Monica,37
CT,F,1992,Rachael,37
CT,F,1992,Patricia,36
CT,F,1992,Chelsey,35
CT,F,1992,Tara,35
CT,F,1992,Jaclyn,34
CT,F,1992,Kassandra,32
CT,F,1992,Ariel,30
CT,F,1992,Carolyn,30
CT,F,1992,Chloe,30
CT,F,1992,Dominique,30
CT,F,1992,April,29
CT,F,1992,Gabriella,29
CT,F,1992,Hayley,29
CT,F,1992,Mackenzie,29
CT,F,1992,Sydney,29
CT,F,1992,Cristina,27
CT,F,1992,Desiree,27
CT,F,1992,Jocelyn,27
CT,F,1992,Jordan,27
CT,F,1992,Katharine,27
CT,F,1992,Marisa,27
CT,F,1992,Theresa,27
CT,F,1992,Bridget,26
CT,F,1992,Ellen,26
CT,F,1992,Hillary,26
CT,F,1992,Krista,26
CT,F,1992,Meredith,26
CT,F,1992,Sophia,26
CT,F,1992,Stacey,25
CT,F,1992,Bethany,24
CT,F,1992,Caitlyn,24
CT,F,1992,Charlotte,24
CT,F,1992,Claire,24
CT,F,1992,Kirsten,24
CT,F,1992,Miranda,24
CT,F,1992,Valerie,24
CT,F,1992,Karen,23
CT,F,1992,Monique,23
CT,F,1992,Mallory,22
CT,F,1992,Rebekah,22
CT,F,1992,Destiny,21
CT,F,1992,Diana,21
CT,F,1992,Kate,21
CT,F,1992,Susan,21
CT,F,1992,Holly,20
CT,F,1992,Jane,20
CT,F,1992,Linda,20
CT,F,1992,Meagan,20
CT,F,1992,Michele,20
CT,F,1992,Carissa,19
CT,F,1992,Katrina,19
CT,F,1992,Kaylee,19
CT,F,1992,Krystal,19
CT,F,1992,Alana,18
CT,F,1992,Alisha,18
CT,F,1992,Alissa,18
CT,F,1992,Ashlee,18
CT,F,1992,Cara,18
CT,F,1992,Felicia,18
CT,F,1992,Jenny,18
CT,F,1992,Joanna,18
CT,F,1992,Madison,18
CT,F,1992,Melinda,18
CT,F,1992,Nina,18
CT,F,1992,Renee,18
CT,F,1992,Rose,18
CT,F,1992,Sabrina,18
CT,F,1992,Sandra,18
CT,F,1992,Stacy,18
CT,F,1992,Tamara,18
CT,F,1992,Audrey,17
CT,F,1992,Barbara,17
CT,F,1992,Devin,17
CT,F,1992,Justine,17
CT,F,1992,Kaleigh,17
CT,F,1992,Tiana,17
CT,F,1992,Whitney,17
CT,F,1992,Ann,16
CT,F,1992,Breanna,16
CT,F,1992,Diamond,16
CT,F,1992,Elisabeth,16
CT,F,1992,Julianne,16
CT,F,1992,Karina,16
CT,F,1992,Kellie,16
CT,F,1992,Kiara,16
CT,F,1992,Leslie,16
CT,F,1992,Marie,16
CT,F,1992,Mercedes,16
CT,F,1992,Stefanie,16
CT,F,1992,Zoe,16
CT,F,1992,Adriana,15
CT,F,1992,Alanna,15
CT,F,1992,Allyson,15
CT,F,1992,Amelia,15
CT,F,1992,Brenna,15
CT,F,1992,Camille,15
CT,F,1992,Corinne,15
CT,F,1992,Elena,15
CT,F,1992,Elise,15
CT,F,1992,Francesca,15
CT,F,1992,Hilary,15
CT,F,1992,Jade,15
CT,F,1992,Kristi,15
CT,F,1992,Nichole,15
CT,F,1992,Pamela,15
CT,F,1992,Sasha,15
CT,F,1992,Shayna,15
CT,F,1992,Ana,14
CT,F,1992,Angelina,14
CT,F,1992,Brandi,14
CT,F,1992,Britney,14
CT,F,1992,Cheyenne,14
CT,F,1992,Ciara,14
CT,F,1992,Hailey,14
CT,F,1992,Isabel,14
CT,F,1992,Jacquelyn,14
CT,F,1992,Jessie,14
CT,F,1992,Kendra,14
CT,F,1992,Lily,14
CT,F,1992,Lydia,14
CT,F,1992,Natalia,14
CT,F,1992,Sharon,14
CT,F,1992,Tanya,14
CT,F,1992,Tatiana,14
CT,F,1992,Ariana,13
CT,F,1992,Ebony,13
CT,F,1992,Faith,13
CT,F,1992,Karissa,13
CT,F,1992,Kerry,13
CT,F,1992,Kristine,13
CT,F,1992,Sierra,13
CT,F,1992,Tabitha,13
CT,F,1992,Teresa,13
CT,F,1992,Abby,12
CT,F,1992,Ashleigh,12
CT,F,1992,Cassidy,12
CT,F,1992,Denise,12
CT,F,1992,Elaine,12
CT,F,1992,Evelyn,12
CT,F,1992,Juliana,12
CT,F,1992,Kelley,12
CT,F,1992,Michaela,12
CT,F,1992,Naomi,12
CT,F,1992,Ruth,12
CT,F,1992,Shayla,12
CT,F,1992,Tessa,12
CT,F,1992,Alice,11
CT,F,1992,Anastasia,11
CT,F,1992,Arianna,11
CT,F,1992,Asia,11
CT,F,1992,Aubrey,11
CT,F,1992,Bailey,11
CT,F,1992,Brenda,11
CT,F,1992,Cassie,11
CT,F,1992,Clare,11
CT,F,1992,Elissa,11
CT,F,1992,Eliza,11
CT,F,1992,Janelle,11
CT,F,1992,Kaila,11
CT,F,1992,Kasey,11
CT,F,1992,Kendall,11
CT,F,1992,Lillian,11
CT,F,1992,Lucy,11
CT,F,1992,Nancy,11
CT,F,1992,Raven,11
CT,F,1992,Tina,11
CT,F,1992,Trisha,11
CT,F,1992,Yesenia,11
CT,F,1992,Aimee,10
CT,F,1992,Alessandra,10
CT,F,1992,Alexia,10
CT,F,1992,Clarissa,10
CT,F,1992,Daniella,10
CT,F,1992,Deborah,10
CT,F,1992,Francheska,10
CT,F,1992,Hanna,10
CT,F,1992,Helen,10
CT,F,1992,Iesha,10
CT,F,1992,Jasmin,10
CT,F,1992,Jennie,10
CT,F,1992,Kayleigh,10
CT,F,1992,Kiana,10
CT,F,1992,Kylie,10
CT,F,1992,Meaghan,10
CT,F,1992,Melody,10
CT,F,1992,Mollie,10
CT,F,1992,Tess,10
CT,F,1992,Tyler,10
CT,F,1992,Virginia,10
CT,F,1992,Adrienne,9
CT,F,1992,Aisha,9
CT,F,1992,Anita,9
CT,F,1992,Carmen,9
CT,F,1992,Devon,9
CT,F,1992,Isabelle,9
CT,F,1992,Jill,9
CT,F,1992,Julianna,9
CT,F,1992,Kelsie,9
CT,F,1992,Latoya,9
CT,F,1992,Maura,9
CT,F,1992,Maureen,9
CT,F,1992,Maya,9
CT,F,1992,Mia,9
CT,F,1992,Michael,9
CT,F,1992,Raquel,9
CT,F,1992,Riley,9
CT,F,1992,Robin,9
CT,F,1992,Sally,9
CT,F,1992,Shanell,9
CT,F,1992,Sheila,9
CT,F,1992,Tori,9
CT,F,1992,Alysha,8
CT,F,1992,Annie,8
CT,F,1992,Annmarie,8
CT,F,1992,Autumn,8
CT,F,1992,Avery,8
CT,F,1992,Babygirl,8
CT,F,1992,Bonnie,8
CT,F,1992,Brandy,8
CT,F,1992,Bria,8
CT,F,1992,Bryanna,8
CT,F,1992,Candace,8
CT,F,1992,Carla,8
CT,F,1992,Casandra,8
CT,F,1992,Cindy,8
CT,F,1992,Emilia,8
CT,F,1992,Fallon,8
CT,F,1992,Gianna,8
CT,F,1992,Jaime,8
CT,F,1992,Jazmine,8
CT,F,1992,Jordyn,8
CT,F,1992,Kailey,8
CT,F,1992,Kerri,8
CT,F,1992,Krysta,8
CT,F,1992,Kyla,8
CT,F,1992,Kyle,8
CT,F,1992,Kyra,8
CT,F,1992,Lara,8
CT,F,1992,Lea,8
CT,F,1992,Louise,8
CT,F,1992,Luz,8
CT,F,1992,Maggie,8
CT,F,1992,Marina,8
CT,F,1992,Marlena,8
CT,F,1992,Priscilla,8
CT,F,1992,Sophie,8
CT,F,1992,Taryn,8
CT,F,1992,Tracy,8
CT,F,1992,Tricia,8
CT,F,1992,Yaritza,8
CT,F,1992,Alina,7
CT,F,1992,Alyson,7
CT,F,1992,Angelique,7
CT,F,1992,Antoinette,7
CT,F,1992,Arielle,7
CT,F,1992,Ashlyn,7
CT,F,1992,Beth,7
CT,F,1992,Carolina,7
CT,F,1992,Chelsie,7
CT,F,1992,Christian,7
CT,F,1992,Daisy,7
CT,F,1992,Daniel,7
CT,F,1992,Daniela,7
CT,F,1992,Dorothy,7
CT,F,1992,Frances,7
CT,F,1992,Georgia,7
CT,F,1992,Gillian,7
CT,F,1992,Isabella,7
CT,F,1992,Janice,7
CT,F,1992,Jazmin,7
CT,F,1992,Jean,7
CT,F,1992,Jeanette,7
CT,F,1992,Jenifer,7
CT,F,1992,Jessenia,7
CT,F,1992,Jodi,7
CT,F,1992,Johanna,7
CT,F,1992,Josephine,7
CT,F,1992,Karly,7
CT,F,1992,Kiera,7
CT,F,1992,Leigh,7
CT,F,1992,Lesley,7
CT,F,1992,Lia,7
CT,F,1992,Liana,7
CT,F,1992,Marilyn,7
CT,F,1992,Martha,7
CT,F,1992,Nicolette,7
CT,F,1992,Nicolle,7
CT,F,1992,Noelle,7
CT,F,1992,Precious,7
CT,F,1992,Rachelle,7
CT,F,1992,Robyn,7
CT,F,1992,Rosemary,7
CT,F,1992,Shaina,7
CT,F,1992,Shauna,7
CT,F,1992,Simone,7
CT,F,1992,Sonia,7
CT,F,1992,Stephany,7
CT,F,1992,Summer,7
CT,F,1992,Taisha,7
CT,F,1992,Tiara,7
CT,F,1992,Toni,7
CT,F,1992,Wendy,7
CT,F,1992,Adrianna,6
CT,F,1992,Alexander,6
CT,F,1992,Angel,6
CT,F,1992,Annabelle,6
CT,F,1992,Antonia,6
CT,F,1992,Blake,6
CT,F,1992,Brittni,6
CT,F,1992,Carina,6
CT,F,1992,Carli,6
CT,F,1992,Carol,6
CT,F,1992,Cecilia,6
CT,F,1992,Chantel,6
CT,F,1992,Chastity,6
CT,F,1992,Cheryl,6
CT,F,1992,Christa,6
CT,F,1992,Christie,6
CT,F,1992,Clara,6
CT,F,1992,Cristal,6
CT,F,1992,Dara,6
CT,F,1992,Dayna,6
CT,F,1992,Eleanor,6
CT,F,1992,Eleni,6
CT,F,1992,Elisa,6
CT,F,1992,Elyse,6
CT,F,1992,Emilie,6
CT,F,1992,Ericka,6
CT,F,1992,Gabriela,6
CT,F,1992,Genesis,6
CT,F,1992,Heidi,6
CT,F,1992,Hope,6
CT,F,1992,Janae,6
CT,F,1992,Jesse,6
CT,F,1992,John,6
CT,F,1992,Kari,6
CT,F,1992,Kristie,6
CT,F,1992,Lacey,6
CT,F,1992,Leanne,6
CT,F,1992,Liza,6
CT,F,1992,Madeleine,6
CT,F,1992,Madelyn,6
CT,F,1992,Margarita,6
CT,F,1992,Marlene,6
CT,F,1992,Mikayla,6
CT,F,1992,Nathalie,6
CT,F,1992,Olga,6
CT,F,1992,Paris,6
CT,F,1992,Patrice,6
CT,F,1992,Rhiannon,6
CT,F,1992,Rosa,6
CT,F,1992,Ryan,6
CT,F,1992,Savannah,6
CT,F,1992,Shana,6
CT,F,1992,Shanna,6
CT,F,1992,Sylvia,6
CT,F,1992,Tanisha,6
CT,F,1992,Tasia,6
CT,F,1992,Tia,6
CT,F,1992,Xiomara,6
CT,F,1992,Yessenia,6
CT,F,1992,Alessia,5
CT,F,1992,Alexi,5
CT,F,1992,Allyssa,5
CT,F,1992,Alycia,5
CT,F,1992,Amarilis,5
CT,F,1992,Ashlynn,5
CT,F,1992,Athena,5
CT,F,1992,Betsy,5
CT,F,1992,Breana,5
CT,F,1992,Brianne,5
CT,F,1992,Bridgette,5
CT,F,1992,Brittani,5
CT,F,1992,Candice,5
CT,F,1992,Carley,5
CT,F,1992,Carrie,5
CT,F,1992,Cassondra,5
CT,F,1992,China,5
CT,F,1992,Chynna,5
CT,F,1992,Claudia,5
CT,F,1992,Demi,5
CT,F,1992,Desirae,5
CT,F,1992,Destinee,5
CT,F,1992,Dionna,5
CT,F,1992,Donna,5
CT,F,1992,Eileen,5
CT,F,1992,Fiona,5
CT,F,1992,Franchesca,5
CT,F,1992,Gloria,5
CT,F,1992,Imani,5
CT,F,1992,Jacklyn,5
CT,F,1992,Janay,5
CT,F,1992,Janet,5
CT,F,1992,Jeannette,5
CT,F,1992,Jelissa,5
CT,F,1992,Judy,5
CT,F,1992,Julissa,5
CT,F,1992,Kacie,5
CT,F,1992,Karla,5
CT,F,1992,Karolina,5
CT,F,1992,Katelin,5
CT,F,1992,Katlyn,5
CT,F,1992,Katlynn,5
CT,F,1992,Kim,5
CT,F,1992,Kimberlee,5
CT,F,1992,Kirstin,5
CT,F,1992,Kristal,5
CT,F,1992,Kristy,5
CT,F,1992,Leanna,5
CT,F,1992,Leila,5
CT,F,1992,Linnea,5
CT,F,1992,Lucia,5
CT,F,1992,Lyndsey,5
CT,F,1992,Lynette,5
CT,F,1992,Maegan,5
CT,F,1992,Mara,5
CT,F,1992,Maribel,5
CT,F,1992,Marjorie,5
CT,F,1992,Maryann,5
CT,F,1992,Marykate,5
CT,F,1992,Mikaela,5
CT,F,1992,Nikki,5
CT,F,1992,Paola,5
CT,F,1992,Sage,5
CT,F,1992,Sarai,5
CT,F,1992,Shakira,5
CT,F,1992,Shaniqua,5
CT,F,1992,Shante,5
CT,F,1992,Shantel,5
CT,F,1992,Shawna,5
CT,F,1992,Suzanne,5
CT,F,1992,Tasha,5
CT,F,1992,Tyisha,5
CT,F,1992,Vianca,5
CT,F,1992,Vivian,5
CT,F,1992,Yashira,5
CT,F,1992,Zuleika,5
CT,F,1993,Emily,415
CT,F,1993,Sarah,387
CT,F,1993,Ashley,372
CT,F,1993,Jessica,365
CT,F,1993,Nicole,365
CT,F,1993,Samantha,333
CT,F,1993,Amanda,310
CT,F,1993,Stephanie,275
CT,F,1993,Lauren,254
CT,F,1993,Elizabeth,250
CT,F,1993,Taylor,245
CT,F,1993,Katherine,237
CT,F,1993,Alexandra,235
CT,F,1993,Jennifer,235
CT,F,1993,Rachel,223
CT,F,1993,Megan,202
CT,F,1993,Rebecca,200
CT,F,1993,Brittany,199
CT,F,1993,Danielle,198
CT,F,1993,Victoria,188
CT,F,1993,Melissa,181
CT,F,1993,Alyssa,175
CT,F,1993,Kelly,157
CT,F,1993,Michelle,156
CT,F,1993,Kelsey,154
CT,F,1993,Kayla,151
CT,F,1993,Chelsea,150
CT,F,1993,Shannon,150
CT,F,1993,Christina,142
CT,F,1993,Olivia,139
CT,F,1993,Amber,137
CT,F,1993,Courtney,121
CT,F,1993,Hannah,116
CT,F,1993,Allison,113
CT,F,1993,Erin,111
CT,F,1993,Alexis,110
CT,F,1993,Brianna,109
CT,F,1993,Sara,106
CT,F,1993,Jasmine,104
CT,F,1993,Caitlin,103
CT,F,1993,Julia,101
CT,F,1993,Kaitlyn,100
CT,F,1993,Kathryn,98
CT,F,1993,Emma,97
CT,F,1993,Heather,97
CT,F,1993,Caroline,96
CT,F,1993,Mary,95
CT,F,1993,Laura,93
CT,F,1993,Molly,91
CT,F,1993,Marissa,90
CT,F,1993,Meghan,90
CT,F,1993,Lindsay,84
CT,F,1993,Margaret,83
CT,F,1993,Abigail,82
CT,F,1993,Catherine,82
CT,F,1993,Erica,82
CT,F,1993,Paige,82
CT,F,1993,Jenna,81
CT,F,1993,Cassandra,79
CT,F,1993,Morgan,77
CT,F,1993,Amy,76
CT,F,1993,Haley,72
CT,F,1993,Kristen,70
CT,F,1993,Kimberly,69
CT,F,1993,Natalie,69
CT,F,1993,Briana,68
CT,F,1993,Jamie,67
CT,F,1993,Lindsey,67
CT,F,1993,Jacqueline,66
CT,F,1993,Andrea,65
CT,F,1993,Vanessa,64
CT,F,1993,Katelyn,62
CT,F,1993,Anna,61
CT,F,1993,Maria,61
CT,F,1993,Tiffany,61
CT,F,1993,Alexa,60
CT,F,1993,Crystal,60
CT,F,1993,Julie,60
CT,F,1993,Kathleen,60
CT,F,1993,Melanie,58
CT,F,1993,Alison,57
CT,F,1993,Christine,57
CT,F,1993,Alicia,55
CT,F,1993,Angela,55
CT,F,1993,Brooke,53
CT,F,1993,Colleen,52
CT,F,1993,Shelby,51
CT,F,1993,Jillian,50
CT,F,1993,Kaitlin,50
CT,F,1993,Jaclyn,49
CT,F,1993,Kassandra,48
CT,F,1993,Alexandria,47
CT,F,1993,Erika,47
CT,F,1993,Katie,47
CT,F,1993,Kristina,47
CT,F,1993,Kara,45
CT,F,1993,Leah,45
CT,F,1993,Carolyn,44
CT,F,1993,Gabrielle,44
CT,F,1993,Jordan,44
CT,F,1993,Angelica,43
CT,F,1993,Casey,43
CT,F,1993,Rachael,43
CT,F,1993,Deanna,42
CT,F,1993,Lisa,41
CT,F,1993,Bianca,38
CT,F,1993,Bridget,38
CT,F,1993,Claire,38
CT,F,1993,Grace,38
CT,F,1993,Mackenzie,37
CT,F,1993,Madeline,37
CT,F,1993,Sabrina,37
CT,F,1993,Carly,36
CT,F,1993,Patricia,35
CT,F,1993,Felicia,34
CT,F,1993,Gina,34
CT,F,1993,Michaela,34
CT,F,1993,Caitlyn,33
CT,F,1993,Kristin,33
CT,F,1993,Hayley,31
CT,F,1993,Mariah,31
CT,F,1993,Marisa,31
CT,F,1993,Cynthia,30
CT,F,1993,Veronica,30
CT,F,1993,Dominique,29
CT,F,1993,Krista,29
CT,F,1993,Miranda,29
CT,F,1993,Monica,29
CT,F,1993,Allyson,28
CT,F,1993,Breanna,28
CT,F,1993,Dana,28
CT,F,1993,Holly,28
CT,F,1993,Jocelyn,28
CT,F,1993,Brittney,27
CT,F,1993,Jacquelyn,27
CT,F,1993,Valerie,27
CT,F,1993,Chloe,26
CT,F,1993,Madison,26
CT,F,1993,Sydney,26
CT,F,1993,Audrey,25
CT,F,1993,Karina,25
CT,F,1993,Katrina,25
CT,F,1993,Renee,25
CT,F,1993,Whitney,25
CT,F,1993,Charlotte,24
CT,F,1993,Gabriella,24
CT,F,1993,Kendra,24
CT,F,1993,Natasha,24
CT,F,1993,Tara,24
CT,F,1993,Anne,23
CT,F,1993,Ariana,23
CT,F,1993,Chelsey,23
CT,F,1993,Karen,23
CT,F,1993,Meagan,23
CT,F,1993,Meredith,23
CT,F,1993,Sophia,23
CT,F,1993,Tori,23
CT,F,1993,Cara,22
CT,F,1993,Elise,22
CT,F,1993,Isabel,22
CT,F,1993,Joanna,22
CT,F,1993,Zoe,22
CT,F,1993,April,21
CT,F,1993,Bria,21
CT,F,1993,Diana,21
CT,F,1993,Monique,21
CT,F,1993,Shanice,21
CT,F,1993,Bethany,20
CT,F,1993,Jasmin,20
CT,F,1993,Kaylee,20
CT,F,1993,Kayleigh,20
CT,F,1993,Krystal,20
CT,F,1993,Susan,20
CT,F,1993,Ariel,19
CT,F,1993,Katharine,19
CT,F,1993,Raven,19
CT,F,1993,Shayla,19
CT,F,1993,Tina,19
CT,F,1993,Desiree,18
CT,F,1993,Destiny,18
CT,F,1993,Devon,18
CT,F,1993,Hillary,18
CT,F,1993,Kate,18
CT,F,1993,Kiara,18
CT,F,1993,Mallory,18
CT,F,1993,Meaghan,18
CT,F,1993,Nina,18
CT,F,1993,Stacey,18
CT,F,1993,Tatiana,18
CT,F,1993,Avery,17
CT,F,1993,Cheyenne,17
CT,F,1993,Jaime,17
CT,F,1993,Mollie,17
CT,F,1993,Rebekah,17
CT,F,1993,Shawna,17
CT,F,1993,Shayna,17
CT,F,1993,Alisha,16
CT,F,1993,Alissa,16
CT,F,1993,Anastasia,16
CT,F,1993,Ashleigh,16
CT,F,1993,Cassidy,16
CT,F,1993,Cristina,16
CT,F,1993,Ellen,16
CT,F,1993,Hailey,16
CT,F,1993,Michele,16
CT,F,1993,Sierra,16
CT,F,1993,Sophie,16
CT,F,1993,Theresa,16
CT,F,1993,Ashlee,15
CT,F,1993,Daniella,15
CT,F,1993,Diamond,15
CT,F,1993,Francesca,15
CT,F,1993,Gabriela,15
CT,F,1993,Kellie,15
CT,F,1993,Kirsten,15
CT,F,1993,Melinda,15
CT,F,1993,Sasha,15
CT,F,1993,Teresa,15
CT,F,1993,Tiana,15
CT,F,1993,Evelyn,14
CT,F,1993,Jade,14
CT,F,1993,Janelle,14
CT,F,1993,Jazmin,14
CT,F,1993,Jazmine,14
CT,F,1993,Kaitlynn,14
CT,F,1993,Kendall,14
CT,F,1993,Kristine,14
CT,F,1993,Nichole,14
CT,F,1993,Nikki,14
CT,F,1993,Nora,14
CT,F,1993,Savannah,14
CT,F,1993,Thalia,14
CT,F,1993,Toni,14
CT,F,1993,Tyler,14
CT,F,1993,Adriana,13
CT,F,1993,Amelia,13
CT,F,1993,Annie,13
CT,F,1993,Autumn,13
CT,F,1993,Brenna,13
CT,F,1993,Jordyn,13
CT,F,1993,Leslie,13
CT,F,1993,Lydia,13
CT,F,1993,Nancy,13
CT,F,1993,Paula,13
CT,F,1993,Stefanie,13
CT,F,1993,Tessa,13
CT,F,1993,Ann,12
CT,F,1993,Arianna,12
CT,F,1993,Aubrey,12
CT,F,1993,Bailey,12
CT,F,1993,Brenda,12
CT,F,1993,Carina,12
CT,F,1993,Carla,12
CT,F,1993,Corinne,12
CT,F,1993,Eliza,12
CT,F,1993,Georgia,12
CT,F,1993,Helen,12
CT,F,1993,Lillian,12
CT,F,1993,Madeleine,12
CT,F,1993,Maggie,12
CT,F,1993,Maya,12
CT,F,1993,Shana,12
CT,F,1993,Abby,11
CT,F,1993,Ana,11
CT,F,1993,Asia,11
CT,F,1993,Brandi,11
CT,F,1993,Christie,11
CT,F,1993,Devin,11
CT,F,1993,Diane,11
CT,F,1993,Ebony,11
CT,F,1993,Hanna,11
CT,F,1993,Jessie,11
CT,F,1993,Julianne,11
CT,F,1993,Justine,11
CT,F,1993,Kaila,11
CT,F,1993,Katelynn,11
CT,F,1993,Katlyn,11
CT,F,1993,Kira,11
CT,F,1993,Kristy,11
CT,F,1993,Lucy,11
CT,F,1993,Nicolette,11
CT,F,1993,Priscilla,11
CT,F,1993,Rosemary,11
CT,F,1993,Talia,11
CT,F,1993,Tamara,11
CT,F,1993,Taryn,11
CT,F,1993,Virginia,11
CT,F,1993,Aimee,10
CT,F,1993,Alessandra,10
CT,F,1993,Arielle,10
CT,F,1993,Britney,10
CT,F,1993,Carissa,10
CT,F,1993,Carmen,10
CT,F,1993,Chantel,10
CT,F,1993,Cindy,10
CT,F,1993,Heidi,10
CT,F,1993,Hilary,10
CT,F,1993,Jane,10
CT,F,1993,Kelli,10
CT,F,1993,Mikayla,10
CT,F,1993,Naomi,10
CT,F,1993,Raquel,10
CT,F,1993,Sheila,10
CT,F,1993,Abbey,9
CT,F,1993,Adrianna,9
CT,F,1993,Alice,9
CT,F,1993,Alivia,9
CT,F,1993,Anita,9
CT,F,1993,Bryanna,9
CT,F,1993,Candice,9
CT,F,1993,Cierra,9
CT,F,1993,Clarissa,9
CT,F,1993,Coraima,9
CT,F,1993,Eileen,9
CT,F,1993,Elisabeth,9
CT,F,1993,Faith,9
CT,F,1993,Genesis,9
CT,F,1993,Gretchen,9
CT,F,1993,Jena,9
CT,F,1993,Jenny,9
CT,F,1993,Justina,9
CT,F,1993,Kaleigh,9
CT,F,1993,Kaley,9
CT,F,1993,Karissa,9
CT,F,1993,Karla,9
CT,F,1993,Leanne,9
CT,F,1993,Linda,9
CT,F,1993,Marie,9
CT,F,1993,Maureen,9
CT,F,1993,Mia,9
CT,F,1993,Moriah,9
CT,F,1993,Regina,9
CT,F,1993,Rose,9
CT,F,1993,Sandra,9
CT,F,1993,Sharon,9
CT,F,1993,Stacy,9
CT,F,1993,Tayler,9
CT,F,1993,Alana,8
CT,F,1993,Angelique,8
CT,F,1993,Cayla,8
CT,F,1993,Cheryl,8
CT,F,1993,Ciara,8
CT,F,1993,Clare,8
CT,F,1993,Claudia,8
CT,F,1993,Denise,8
CT,F,1993,Elena,8
CT,F,1993,Elissa,8
CT,F,1993,Emilie,8
CT,F,1993,Gianna,8
CT,F,1993,Gloria,8
CT,F,1993,Isabella,8
CT,F,1993,Jacklyn,8
CT,F,1993,Kailey,8
CT,F,1993,Kelsie,8
CT,F,1993,Kerri,8
CT,F,1993,Kiersten,8
CT,F,1993,Kyra,8
CT,F,1993,Larissa,8
CT,F,1993,Lily,8
CT,F,1993,Lyndsey,8
CT,F,1993,Marilyn,8
CT,F,1993,Marina,8
CT,F,1993,Maura,8
CT,F,1993,Melody,8
CT,F,1993,Mercedes,8
CT,F,1993,Nicola,8
CT,F,1993,Pamela,8
CT,F,1993,Robyn,8
CT,F,1993,Sage,8
CT,F,1993,Shaina,8
CT,F,1993,Simone,8
CT,F,1993,Summer,8
CT,F,1993,Tabitha,8
CT,F,1993,Tanisha,8
CT,F,1993,Tanya,8
CT,F,1993,Tess,8
CT,F,1993,Trisha,8
CT,F,1993,Alanna,7
CT,F,1993,Ali,7
CT,F,1993,Alina,7
CT,F,1993,Alyson,7
CT,F,1993,Angelina,7
CT,F,1993,Ashlyn,7
CT,F,1993,Bonnie,7
CT,F,1993,Carley,7
CT,F,1993,Carrie,7
CT,F,1993,Chanel,7
CT,F,1993,Chelsie,7
CT,F,1993,Daniela,7
CT,F,1993,Destinee,7
CT,F,1993,Dina,7
CT,F,1993,Dorothy,7
CT,F,1993,Elaine,7
CT,F,1993,Emilee,7
CT,F,1993,Ericka,7
CT,F,1993,Fiona,7
CT,F,1993,Gillian,7
CT,F,1993,India,7
CT,F,1993,Jennie,7
CT,F,1993,Jill,7
CT,F,1993,Johanna,7
CT,F,1993,Kailyn,7
CT,F,1993,Kali,7
CT,F,1993,Kasandra,7
CT,F,1993,Katelin,7
CT,F,1993,Kaylene,7
CT,F,1993,Kelley,7
CT,F,1993,Kerry,7
CT,F,1993,Kiana,7
CT,F,1993,Kristi,7
CT,F,1993,Leanna,7
CT,F,1993,Lia,7
CT,F,1993,Mckenzie,7
CT,F,1993,Nikole,7
CT,F,1993,Noelle,7
CT,F,1993,Rhiannon,7
CT,F,1993,Roxanne,7
CT,F,1993,Yolanda,7
CT,F,1993,Aileen,6
CT,F,1993,Alayna,6
CT,F,1993,Alex,6
CT,F,1993,Alexia,6
CT,F,1993,Allyssa,6
CT,F,1993,Alysha,6
CT,F,1993,Annette,6
CT,F,1993,Annmarie,6
CT,F,1993,Ava,6
CT,F,1993,Barbara,6
CT,F,1993,Cameron,6
CT,F,1993,Camille,6
CT,F,1993,Casandra,6
CT,F,1993,Celina,6
CT,F,1993,Christian,6
CT,F,1993,Clara,6
CT,F,1993,Colby,6
CT,F,1993,Corina,6
CT,F,1993,Deandra,6
CT,F,1993,Elaina,6
CT,F,1993,Eleni,6
CT,F,1993,Elisa,6
CT,F,1993,Emely,6
CT,F,1993,Fallon,6
CT,F,1993,Hope,6
CT,F,1993,Imani,6
CT,F,1993,Janet,6
CT,F,1993,Jeanette,6
CT,F,1993,Joelle,6
CT,F,1993,Josephine,6
CT,F,1993,Julianna,6
CT,F,1993,Khadijah,6
CT,F,1993,Kia,6
CT,F,1993,Kiera,6
CT,F,1993,Kristie,6
CT,F,1993,Laurel,6
CT,F,1993,Lea,6
CT,F,1993,Leandra,6
CT,F,1993,Maegan,6
CT,F,1993,Marisol,6
CT,F,1993,Martha,6
CT,F,1993,Micaela,6
CT,F,1993,Natalia,6
CT,F,1993,Nathalie,6
CT,F,1993,Nyasia,6
CT,F,1993,Olga,6
CT,F,1993,Paulina,6
CT,F,1993,Rachelle,6
CT,F,1993,Robin,6
CT,F,1993,Ruth,6
CT,F,1993,Sally,6
CT,F,1993,Shauna,6
CT,F,1993,Suzanne,6
CT,F,1993,Sylvia,6
CT,F,1993,Tasha,6
CT,F,1993,Tia,6
CT,F,1993,Tiffani,6
CT,F,1993,Valentina,6
CT,F,1993,Yaritza,6
CT,F,1993,Alecia,5
CT,F,1993,Alma,5
CT,F,1993,Alycia,5
CT,F,1993,Angel,5
CT,F,1993,Ashli,5
CT,F,1993,Ayanna,5
CT,F,1993,Blair,5
CT,F,1993,Bridgette,5
CT,F,1993,Bryana,5
CT,F,1993,Carolina,5
CT,F,1993,Cassie,5
CT,F,1993,Cassondra,5
CT,F,1993,Chantal,5
CT,F,1993,Charlene,5
CT,F,1993,Chasity,5
CT,F,1993,Constance,5
CT,F,1993,Daisy,5
CT,F,1993,Dakota,5
CT,F,1993,Danyelle,5
CT,F,1993,Dawn,5
CT,F,1993,Deborah,5
CT,F,1993,Deirdre,5
CT,F,1993,Demi,5
CT,F,1993,Desirae,5
CT,F,1993,Eleanor,5
CT,F,1993,Eva,5
CT,F,1993,Harley,5
CT,F,1993,Iesha,5
CT,F,1993,Iris,5
CT,F,1993,Ivana,5
CT,F,1993,Jenifer,5
CT,F,1993,Joanne,5
CT,F,1993,Jodie,5
CT,F,1993,Juliana,5
CT,F,1993,Julissa,5
CT,F,1993,Kacey,5
CT,F,1993,Kadejah,5
CT,F,1993,Karolina,5
CT,F,1993,Katerina,5
CT,F,1993,Kaylin,5
CT,F,1993,Kenya,5
CT,F,1993,Kirby,5
CT,F,1993,Krystle,5
CT,F,1993,Kyle,5
CT,F,1993,Kylee,5
CT,F,1993,Kylie,5
CT,F,1993,Lacey,5
CT,F,1993,Latoya,5
CT,F,1993,Lexus,5
CT,F,1993,Lissette,5
CT,F,1993,Lizbeth,5
CT,F,1993,Loren,5
CT,F,1993,Lori,5
CT,F,1993,Lorraine,5
CT,F,1993,Lucie,5
CT,F,1993,Lynette,5
CT,F,1993,Madelyn,5
CT,F,1993,Mara,5
CT,F,1993,Margo,5
CT,F,1993,Margot,5
CT,F,1993,Marykate,5
CT,F,1993,Melina,5
CT,F,1993,Michael,5
CT,F,1993,Miriam,5
CT,F,1993,Nadia,5
CT,F,1993,Nicholas,5
CT,F,1993,Niki,5
CT,F,1993,Patrice,5
CT,F,1993,Phoebe,5
CT,F,1993,Precious,5
CT,F,1993,Rosalie,5
CT,F,1993,Rosemarie,5
CT,F,1993,Serena,5
CT,F,1993,Shanna,5
CT,F,1993,Shannen,5
CT,F,1993,Sheena,5
CT,F,1993,Skye,5
CT,F,1993,Sonia,5
CT,F,1993,Stacie,5
CT,F,1993,Stefani,5
CT,F,1993,Tianna,5
CT,F,1993,Tiara,5
CT,F,1993,Tierney,5
CT,F,1993,Tierra,5
CT,F,1993,Tricia,5
CT,F,1993,Xiomara,5
CT,F,1993,Yasmin,5
CT,F,1994,Emily,410
CT,F,1994,Sarah,379
CT,F,1994,Jessica,357
CT,F,1994,Nicole,354
CT,F,1994,Ashley,338
CT,F,1994,Samantha,335
CT,F,1994,Amanda,329
CT,F,1994,Taylor,258
CT,F,1994,Stephanie,239
CT,F,1994,Elizabeth,213
CT,F,1994,Megan,209
CT,F,1994,Lauren,208
CT,F,1994,Rachel,207
CT,F,1994,Alexandra,203
CT,F,1994,Jennifer,194
CT,F,1994,Rebecca,193
CT,F,1994,Alyssa,191
CT,F,1994,Danielle,181
CT,F,1994,Kayla,180
CT,F,1994,Katherine,178
CT,F,1994,Victoria,178
CT,F,1994,Hannah,170
CT,F,1994,Brittany,168
CT,F,1994,Melissa,146
CT,F,1994,Morgan,142
CT,F,1994,Brianna,141
CT,F,1994,Olivia,140
CT,F,1994,Alexis,139
CT,F,1994,Christina,131
CT,F,1994,Kelly,129
CT,F,1994,Michelle,126
CT,F,1994,Erin,125
CT,F,1994,Kimberly,124
CT,F,1994,Allison,121
CT,F,1994,Shannon,121
CT,F,1994,Courtney,120
CT,F,1994,Amber,117
CT,F,1994,Julia,112
CT,F,1994,Emma,107
CT,F,1994,Caroline,104
CT,F,1994,Mary,99
CT,F,1994,Sara,96
CT,F,1994,Kelsey,93
CT,F,1994,Heather,91
CT,F,1994,Meghan,91
CT,F,1994,Caitlin,90
CT,F,1994,Kristen,90
CT,F,1994,Marissa,90
CT,F,1994,Chelsea,86
CT,F,1994,Jenna,86
CT,F,1994,Alexa,85
CT,F,1994,Abigail,84
CT,F,1994,Erica,84
CT,F,1994,Kathryn,83
CT,F,1994,Catherine,81
CT,F,1994,Margaret,81
CT,F,1994,Anna,79
CT,F,1994,Briana,77
CT,F,1994,Kaitlyn,77
CT,F,1994,Molly,75
CT,F,1994,Tiffany,75
CT,F,1994,Cassandra,73
CT,F,1994,Jacqueline,71
CT,F,1994,Jasmine,70
CT,F,1994,Laura,68
CT,F,1994,Paige,67
CT,F,1994,Natalie,65
CT,F,1994,Lindsay,64
CT,F,1994,Alicia,62
CT,F,1994,Lindsey,60
CT,F,1994,Amy,59
CT,F,1994,Brooke,59
CT,F,1994,Kathleen,59
CT,F,1994,Crystal,57
CT,F,1994,Maria,57
CT,F,1994,Gabrielle,56
CT,F,1994,Katelyn,56
CT,F,1994,Jillian,55
CT,F,1994,Shelby,55
CT,F,1994,Haley,53
CT,F,1994,Casey,52
CT,F,1994,Sabrina,51
CT,F,1994,Bianca,50
CT,F,1994,Jamie,50
CT,F,1994,Andrea,49
CT,F,1994,Grace,48
CT,F,1994,Madison,47
CT,F,1994,Michaela,45
CT,F,1994,Angela,44
CT,F,1994,Melanie,44
CT,F,1994,Sydney,44
CT,F,1994,Christine,43
CT,F,1994,Kristina,43
CT,F,1994,Miranda,43
CT,F,1994,Lisa,42
CT,F,1994,Madeline,42
CT,F,1994,Alison,41
CT,F,1994,Carly,41
CT,F,1994,Leah,41
CT,F,1994,Rachael,41
CT,F,1994,Erika,40
CT,F,1994,Jordan,40
CT,F,1994,Mackenzie,40
CT,F,1994,Kristin,39
CT,F,1994,Vanessa,39
CT,F,1994,Monica,38
CT,F,1994,Kara,37
CT,F,1994,Mariah,37
CT,F,1994,Alexandria,36
CT,F,1994,Gina,36
CT,F,1994,Marisa,36
CT,F,1994,Bridget,35
CT,F,1994,Dana,35
CT,F,1994,Katie,35
CT,F,1994,Hayley,34
CT,F,1994,Jocelyn,34
CT,F,1994,Kaitlin,34
CT,F,1994,Angelica,33
CT,F,1994,Bethany,33
CT,F,1994,Destiny,33
CT,F,1994,Natasha,33
CT,F,1994,Holly,32
CT,F,1994,Dominique,31
CT,F,1994,Tara,31
CT,F,1994,Colleen,30
CT,F,1994,Julie,30
CT,F,1994,Cynthia,29
CT,F,1994,Kendra,29
CT,F,1994,Claire,28
CT,F,1994,Diana,28
CT,F,1994,Gabriella,27
CT,F,1994,Nina,27
CT,F,1994,Veronica,27
CT,F,1994,Anne,26
CT,F,1994,Cheyenne,26
CT,F,1994,Deanna,26
CT,F,1994,Savannah,26
CT,F,1994,Brittney,25
CT,F,1994,Caitlyn,25
CT,F,1994,Charlotte,25
CT,F,1994,Felicia,25
CT,F,1994,Katrina,25
CT,F,1994,Tiana,25
CT,F,1994,Ariel,24
CT,F,1994,Chloe,24
CT,F,1994,Kassandra,24
CT,F,1994,Kylie,24
CT,F,1994,Patricia,24
CT,F,1994,Theresa,24
CT,F,1994,Whitney,24
CT,F,1994,Carolyn,23
CT,F,1994,Ellen,22
CT,F,1994,Karen,22
CT,F,1994,Krista,22
CT,F,1994,Krystal,22
CT,F,1994,Lydia,22
CT,F,1994,Meredith,22
CT,F,1994,Sierra,22
CT,F,1994,Adriana,21
CT,F,1994,Allyson,21
CT,F,1994,Breanna,21
CT,F,1994,Desiree,21
CT,F,1994,Diamond,21
CT,F,1994,Hailey,21
CT,F,1994,Joanna,21
CT,F,1994,Lily,21
CT,F,1994,Mallory,21
CT,F,1994,Meagan,21
CT,F,1994,Meaghan,21
CT,F,1994,Raven,21
CT,F,1994,Zoe,21
CT,F,1994,Aaliyah,20
CT,F,1994,Francesca,20
CT,F,1994,Jacquelyn,20
CT,F,1994,Jazmin,20
CT,F,1994,Sophia,20
CT,F,1994,Alana,19
CT,F,1994,Ashleigh,19
CT,F,1994,Cara,19
CT,F,1994,Jessie,19
CT,F,1994,Kaylee,19
CT,F,1994,Kiara,19
CT,F,1994,Michele,19
CT,F,1994,Ann,18
CT,F,1994,Brenda,18
CT,F,1994,Devon,18
CT,F,1994,Elise,18
CT,F,1994,Jaclyn,18
CT,F,1994,Kate,18
CT,F,1994,Kendall,18
CT,F,1994,Leslie,18
CT,F,1994,Tatiana,18
CT,F,1994,Asia,17
CT,F,1994,Hanna,17
CT,F,1994,Katelynn,17
CT,F,1994,Kellie,17
CT,F,1994,Mikayla,17
CT,F,1994,Rebekah,17
CT,F,1994,Sophie,17
CT,F,1994,Tessa,17
CT,F,1994,Alisha,16
CT,F,1994,Cassidy,16
CT,F,1994,Elisabeth,16
CT,F,1994,Gabriela,16
CT,F,1994,Isabel,16
CT,F,1994,Nicolette,16
CT,F,1994,Valerie,16
CT,F,1994,Ariana,15
CT,F,1994,Audrey,15
CT,F,1994,Carissa,15
CT,F,1994,Elena,15
CT,F,1994,Maya,15
CT,F,1994,Renee,15
CT,F,1994,Shanice,15
CT,F,1994,April,14
CT,F,1994,Brianne,14
CT,F,1994,Clare,14
CT,F,1994,Isabella,14
CT,F,1994,Jasmin,14
CT,F,1994,Kelley,14
CT,F,1994,Kirsten,14
CT,F,1994,Lillian,14
CT,F,1994,Linda,14
CT,F,1994,Rose,14
CT,F,1994,Sasha,14
CT,F,1994,Stacey,14
CT,F,1994,Tori,14
CT,F,1994,Yesenia,14
CT,F,1994,Evelyn,13
CT,F,1994,Genesis,13
CT,F,1994,Jane,13
CT,F,1994,Jazmine,13
CT,F,1994,Justine,13
CT,F,1994,Khadijah,13
CT,F,1994,Laurel,13
CT,F,1994,Marina,13
CT,F,1994,Mikaela,13
CT,F,1994,Tina,13
CT,F,1994,Vivian,13
CT,F,1994,Alyson,12
CT,F,1994,Anastasia,12
CT,F,1994,Ashlee,12
CT,F,1994,Aubrey,12
CT,F,1994,Brandi,12
CT,F,1994,Chelsey,12
CT,F,1994,Cristina,12
CT,F,1994,Deborah,12
CT,F,1994,Eva,12
CT,F,1994,Imani,12
CT,F,1994,Julianne,12
CT,F,1994,Katharine,12
CT,F,1994,Kelli,12
CT,F,1994,Kerry,12
CT,F,1994,Kiana,12
CT,F,1994,Nichole,12
CT,F,1994,Aimee,11
CT,F,1994,Alexander,11
CT,F,1994,Alice,11
CT,F,1994,Amelia,11
CT,F,1994,Angelina,11
CT,F,1994,Arianna,11
CT,F,1994,Autumn,11
CT,F,1994,Clarissa,11
CT,F,1994,Devin,11
CT,F,1994,Diane,11
CT,F,1994,Iris,11
CT,F,1994,Jade,11
CT,F,1994,Jaime,11
CT,F,1994,Jordyn,11
CT,F,1994,Juliana,11
CT,F,1994,Karina,11
CT,F,1994,Kayleigh,11
CT,F,1994,Marie,11
CT,F,1994,Melinda,11
CT,F,1994,Nikki,11
CT,F,1994,Regina,11
CT,F,1994,Rosemary,11
CT,F,1994,Ruth,11
CT,F,1994,Sandra,11
CT,F,1994,Serena,11
CT,F,1994,Susan,11
CT,F,1994,Tia,11
CT,F,1994,Virginia,11
CT,F,1994,Alissa,10
CT,F,1994,Aliyah,10
CT,F,1994,Avery,10
CT,F,1994,Brandy,10
CT,F,1994,Bria,10
CT,F,1994,Carla,10
CT,F,1994,Clara,10
CT,F,1994,Isabelle,10
CT,F,1994,Johanna,10
CT,F,1994,Kaleigh,10
CT,F,1994,Kira,10
CT,F,1994,Logan,10
CT,F,1994,Micaela,10
CT,F,1994,Miriam,10
CT,F,1994,Monique,10
CT,F,1994,Sheila,10
CT,F,1994,Tamara,10
CT,F,1994,Teresa,10
CT,F,1994,Tricia,10
CT,F,1994,Wendy,10
CT,F,1994,Abby,9
CT,F,1994,Adrianna,9
CT,F,1994,Annie,9
CT,F,1994,Arielle,9
CT,F,1994,Brenna,9
CT,F,1994,Carmen,9
CT,F,1994,Carolina,9
CT,F,1994,Cassie,9
CT,F,1994,Christie,9
CT,F,1994,Daniela,9
CT,F,1994,Dayna,9
CT,F,1994,Denise,9
CT,F,1994,Fallon,9
CT,F,1994,Georgia,9
CT,F,1994,Gwendolyn,9
CT,F,1994,Hunter,9
CT,F,1994,Kelsie,9
CT,F,1994,Liza,9
CT,F,1994,Lyndsey,9
CT,F,1994,Maggie,9
CT,F,1994,Marilyn,9
CT,F,1994,Nancy,9
CT,F,1994,Octavia,9
CT,F,1994,Pamela,9
CT,F,1994,Phoebe,9
CT,F,1994,Priscilla,9
CT,F,1994,Shawna,9
CT,F,1994,Summer,9
CT,F,1994,Tess,9
CT,F,1994,Tianna,9
CT,F,1994,Abbey,8
CT,F,1994,Alaina,8
CT,F,1994,Alexus,8
CT,F,1994,Ana,8
CT,F,1994,Beth,8
CT,F,1994,Britney,8
CT,F,1994,Candice,8
CT,F,1994,Chantel,8
CT,F,1994,Christa,8
CT,F,1994,Christian,8
CT,F,1994,Christy,8
CT,F,1994,Ciara,8
CT,F,1994,Cindy,8
CT,F,1994,Corinne,8
CT,F,1994,Daisy,8
CT,F,1994,Dylan,8
CT,F,1994,Eliza,8
CT,F,1994,Emilia,8
CT,F,1994,Gloria,8
CT,F,1994,Heidi,8
CT,F,1994,Helen,8
CT,F,1994,Janelle,8
CT,F,1994,Jenny,8
CT,F,1994,Joy,8
CT,F,1994,Julianna,8
CT,F,1994,Kaila,8
CT,F,1994,Karissa,8
CT,F,1994,Karli,8
CT,F,1994,Karly,8
CT,F,1994,Katlyn,8
CT,F,1994,Kenya,8
CT,F,1994,Madeleine,8
CT,F,1994,Maegan,8
CT,F,1994,Makayla,8
CT,F,1994,Mara,8
CT,F,1994,Mckenzie,8
CT,F,1994,Mercedes,8
CT,F,1994,Naomi,8
CT,F,1994,Rosa,8
CT,F,1994,Shaina,8
CT,F,1994,Shana,8
CT,F,1994,Sonia,8
CT,F,1994,Stefanie,8
CT,F,1994,Tyler,8
CT,F,1994,Zhane,8
CT,F,1994,Alessandra,7
CT,F,1994,Angelique,7
CT,F,1994,Barbara,7
CT,F,1994,Bryanna,7
CT,F,1994,Camille,7
CT,F,1994,Dakota,7
CT,F,1994,Daniella,7
CT,F,1994,Delaney,7
CT,F,1994,Donna,7
CT,F,1994,Ebony,7
CT,F,1994,Eileen,7
CT,F,1994,Eleanor,7
CT,F,1994,Elyse,7
CT,F,1994,Faith,7
CT,F,1994,Fiona,7
CT,F,1994,Frances,7
CT,F,1994,Greta,7
CT,F,1994,Hope,7
CT,F,1994,Janice,7
CT,F,1994,Jennie,7
CT,F,1994,Katarina,7
CT,F,1994,Kerri,7
CT,F,1994,Kyra,7
CT,F,1994,Lea,7
CT,F,1994,Mia,7
CT,F,1994,Monika,7
CT,F,1994,Nora,7
CT,F,1994,Regan,7
CT,F,1994,Robyn,7
CT,F,1994,Sadie,7
CT,F,1994,Shauna,7
CT,F,1994,Suzanne,7
CT,F,1994,Sylvia,7
CT,F,1994,Talia,7
CT,F,1994,Tiara,7
CT,F,1994,Adrienne,6
CT,F,1994,Alexia,6
CT,F,1994,Alina,6
CT,F,1994,Alysa,6
CT,F,1994,Annette,6
CT,F,1994,Ashlyn,6
CT,F,1994,Camila,6
CT,F,1994,Carli,6
CT,F,1994,Casandra,6
CT,F,1994,Cecilia,6
CT,F,1994,Claudia,6
CT,F,1994,Colby,6
CT,F,1994,Corey,6
CT,F,1994,Corrine,6
CT,F,1994,Darlene,6
CT,F,1994,Destinee,6
CT,F,1994,Ericka,6
CT,F,1994,Genevieve,6
CT,F,1994,Genna,6
CT,F,1994,Gianna,6
CT,F,1994,Gillian,6
CT,F,1994,Gretchen,6
CT,F,1994,Iesha,6
CT,F,1994,Jada,6
CT,F,1994,Jaimie,6
CT,F,1994,Josephine,6
CT,F,1994,Kailey,6
CT,F,1994,Kaitlynn,6
CT,F,1994,Kasandra,6
CT,F,1994,Kasey,6
CT,F,1994,Katerina,6
CT,F,1994,Keila,6
CT,F,1994,Keisha,6
CT,F,1994,Kristine,6
CT,F,1994,Kyla,6
CT,F,1994,Latisha,6
CT,F,1994,Lissette,6
CT,F,1994,Loren,6
CT,F,1994,Lucy,6
CT,F,1994,Martha,6
CT,F,1994,Mayra,6
CT,F,1994,Mina,6
CT,F,1994,Moriah,6
CT,F,1994,Natalia,6
CT,F,1994,Noelle,6
CT,F,1994,Rhiannon,6
CT,F,1994,Sharon,6
CT,F,1994,Shayna,6
CT,F,1994,Skylar,6
CT,F,1994,Tanisha,6
CT,F,1994,Taryn,6
CT,F,1994,Thalia,6
CT,F,1994,Tracy,6
CT,F,1994,Trisha,6
CT,F,1994,Yaritza,6
CT,F,1994,Aja,5
CT,F,1994,Alanna,5
CT,F,1994,Alena,5
CT,F,1994,Ali,5
CT,F,1994,Allie,5
CT,F,1994,Amani,5
CT,F,1994,Annamarie,5
CT,F,1994,Ava,5
CT,F,1994,Bailey,5
CT,F,1994,Bonnie,5
CT,F,1994,Breana,5
CT,F,1994,Bryana,5
CT,F,1994,Callie,5
CT,F,1994,Carey,5
CT,F,1994,Carley,5
CT,F,1994,Carol,5
CT,F,1994,Carrie,5
CT,F,1994,Cathleen,5
CT,F,1994,Cayla,5
CT,F,1994,Celina,5
CT,F,1994,Chantal,5
CT,F,1994,Charlene,5
CT,F,1994,Christiana,5
CT,F,1994,Christopher,5
CT,F,1994,Corina,5
CT,F,1994,Cristal,5
CT,F,1994,Darcy,5
CT,F,1994,Darien,5
CT,F,1994,Deja,5
CT,F,1994,Devonna,5
CT,F,1994,Dorothy,5
CT,F,1994,Eleni,5
CT,F,1994,Emilie,5
CT,F,1994,Guadalupe,5
CT,F,1994,Harley,5
CT,F,1994,Hillary,5
CT,F,1994,India,5
CT,F,1994,Irene,5
CT,F,1994,Janel,5
CT,F,1994,Janine,5
CT,F,1994,Jesse,5
CT,F,1994,Jessenia,5
CT,F,1994,Jill,5
CT,F,1994,Joyce,5
CT,F,1994,Kala,5
CT,F,1994,Kathy,5
CT,F,1994,Kaylie,5
CT,F,1994,Kristy,5
CT,F,1994,Leanna,5
CT,F,1994,Leanne,5
CT,F,1994,Leigh,5
CT,F,1994,Lia,5
CT,F,1994,Lilly,5
CT,F,1994,Linnea,5
CT,F,1994,Luz,5
CT,F,1994,Margot,5
CT,F,1994,Marguerite,5
CT,F,1994,Mariana,5
CT,F,1994,Mariel,5
CT,F,1994,Marlena,5
CT,F,1994,Maureen,5
CT,F,1994,Melina,5
CT,F,1994,Nadia,5
CT,F,1994,Natashia,5
CT,F,1994,Nathalie,5
CT,F,1994,Paula,5
CT,F,1994,Raquel,5
CT,F,1994,Rhianna,5
CT,F,1994,Riley,5
CT,F,1994,Rosalie,5
CT,F,1994,Ryan,5
CT,F,1994,Samatha,5
CT,F,1994,Shantel,5
CT,F,1994,Shayla,5
CT,F,1994,Shirley,5
CT,F,1994,Sofia,5
CT,F,1994,Stephany,5
CT,F,1994,Susanna,5
CT,F,1994,Tania,5
CT,F,1994,Tanya,5
CT,F,1994,Tasha,5
CT,F,1994,Tatyana,5
CT,F,1994,Therese,5
CT,F,1994,Valeria,5
CT,F,1995,Emily,368
CT,F,1995,Jessica,317
CT,F,1995,Sarah,310
CT,F,1995,Samantha,302
CT,F,1995,Ashley,294
CT,F,1995,Nicole,280
CT,F,1995,Amanda,268
CT,F,1995,Rachel,248
CT,F,1995,Taylor,237
CT,F,1995,Megan,218
CT,F,1995,Lauren,216
CT,F,1995,Katherine,207
CT,F,1995,Elizabeth,202
CT,F,1995,Stephanie,199
CT,F,1995,Alyssa,197
CT,F,1995,Victoria,189
CT,F,1995,Brianna,180
CT,F,1995,Jennifer,180
CT,F,1995,Alexandra,169
CT,F,1995,Kayla,167
CT,F,1995,Hannah,162
CT,F,1995,Olivia,160
CT,F,1995,Rebecca,159
CT,F,1995,Danielle,158
CT,F,1995,Brittany,156
CT,F,1995,Julia,154
CT,F,1995,Courtney,146
CT,F,1995,Melissa,139
CT,F,1995,Kelly,133
CT,F,1995,Emma,126
CT,F,1995,Alexis,124
CT,F,1995,Morgan,115
CT,F,1995,Allison,111
CT,F,1995,Michelle,109
CT,F,1995,Sara,108
CT,F,1995,Shannon,104
CT,F,1995,Caroline,102
CT,F,1995,Erin,101
CT,F,1995,Abigail,99
CT,F,1995,Amber,96
CT,F,1995,Kaitlyn,95
CT,F,1995,Christina,94
CT,F,1995,Anna,91
CT,F,1995,Kimberly,91
CT,F,1995,Margaret,90
CT,F,1995,Sydney,90
CT,F,1995,Kathryn,89
CT,F,1995,Gabrielle,85
CT,F,1995,Jasmine,85
CT,F,1995,Chelsea,83
CT,F,1995,Kelsey,82
CT,F,1995,Marissa,82
CT,F,1995,Jacqueline,81
CT,F,1995,Mary,80
CT,F,1995,Caitlin,78
CT,F,1995,Haley,78
CT,F,1995,Erica,75
CT,F,1995,Molly,74
CT,F,1995,Natalie,74
CT,F,1995,Briana,73
CT,F,1995,Heather,72
CT,F,1995,Brooke,70
CT,F,1995,Alexa,68
CT,F,1995,Catherine,68
CT,F,1995,Kristen,67
CT,F,1995,Laura,67
CT,F,1995,Meghan,67
CT,F,1995,Cassandra,66
CT,F,1995,Christine,66
CT,F,1995,Jenna,64
CT,F,1995,Lindsay,62
CT,F,1995,Madison,61
CT,F,1995,Paige,61
CT,F,1995,Jillian,60
CT,F,1995,Madeline,60
CT,F,1995,Maria,60
CT,F,1995,Melanie,60
CT,F,1995,Amy,58
CT,F,1995,Gabriella,57
CT,F,1995,Tiffany,55
CT,F,1995,Alicia,54
CT,F,1995,Angela,52
CT,F,1995,Katelyn,52
CT,F,1995,Carly,50
CT,F,1995,Grace,50
CT,F,1995,Lindsey,50
CT,F,1995,Shelby,50
CT,F,1995,Jamie,49
CT,F,1995,Vanessa,48
CT,F,1995,Casey,47
CT,F,1995,Jordan,47
CT,F,1995,Leah,47
CT,F,1995,Destiny,46
CT,F,1995,Kathleen,45
CT,F,1995,Miranda,45
CT,F,1995,Bianca,44
CT,F,1995,Crystal,44
CT,F,1995,Kylie,44
CT,F,1995,Rachael,44
CT,F,1995,Sabrina,44
CT,F,1995,Mariah,43
CT,F,1995,Marisa,43
CT,F,1995,Kaitlin,42
CT,F,1995,Alison,41
CT,F,1995,Andrea,41
CT,F,1995,Cassidy,41
CT,F,1995,Hayley,41
CT,F,1995,Mackenzie,41
CT,F,1995,Erika,39
CT,F,1995,Gina,38
CT,F,1995,Katie,38
CT,F,1995,Angelica,37
CT,F,1995,Colleen,37
CT,F,1995,Monica,37
CT,F,1995,Julie,36
CT,F,1995,Michaela,36
CT,F,1995,Kendra,35
CT,F,1995,Sierra,35
CT,F,1995,Brittney,34
CT,F,1995,Isabella,34
CT,F,1995,Kristina,34
CT,F,1995,Lisa,34
CT,F,1995,Dana,33
CT,F,1995,Dominique,33
CT,F,1995,Claire,31
CT,F,1995,Jocelyn,31
CT,F,1995,Veronica,31
CT,F,1995,Bethany,30
CT,F,1995,Cynthia,29
CT,F,1995,Alexandria,28
CT,F,1995,Valerie,28
CT,F,1995,Zoe,28
CT,F,1995,Cheyenne,27
CT,F,1995,Chloe,27
CT,F,1995,Deanna,27
CT,F,1995,Mikayla,27
CT,F,1995,Natasha,27
CT,F,1995,Diana,26
CT,F,1995,Patricia,26
CT,F,1995,Selena,26
CT,F,1995,Ariana,25
CT,F,1995,Charlotte,25
CT,F,1995,Kara,25
CT,F,1995,Kiara,25
CT,F,1995,Ana,24
CT,F,1995,Autumn,24
CT,F,1995,Caitlyn,24
CT,F,1995,Hailey,24
CT,F,1995,Kassandra,24
CT,F,1995,Savannah,24
CT,F,1995,Tatiana,24
CT,F,1995,Anne,23
CT,F,1995,Breanna,23
CT,F,1995,Claudia,23
CT,F,1995,Renee,23
CT,F,1995,Carolyn,22
CT,F,1995,Francesca,22
CT,F,1995,Holly,22
CT,F,1995,Krista,22
CT,F,1995,Mallory,22
CT,F,1995,Meredith,22
CT,F,1995,Bridget,21
CT,F,1995,Desiree,21
CT,F,1995,Isabel,21
CT,F,1995,Kristin,21
CT,F,1995,Lily,21
CT,F,1995,Nina,21
CT,F,1995,Rose,21
CT,F,1995,Alisha,20
CT,F,1995,Avery,20
CT,F,1995,Brenna,20
CT,F,1995,Jaclyn,20
CT,F,1995,Jada,20
CT,F,1995,Kate,20
CT,F,1995,Tessa,20
CT,F,1995,Tiana,20
CT,F,1995,Adriana,19
CT,F,1995,Allyson,19
CT,F,1995,Ariel,19
CT,F,1995,Kaylee,19
CT,F,1995,Krystal,19
CT,F,1995,Lillian,19
CT,F,1995,Arianna,18
CT,F,1995,Asia,18
CT,F,1995,Ellen,18
CT,F,1995,Gabriela,18
CT,F,1995,Karina,18
CT,F,1995,Lydia,18
CT,F,1995,Tara,18
CT,F,1995,Alissa,17
CT,F,1995,Bailey,17
CT,F,1995,Elena,17
CT,F,1995,Isabelle,17
CT,F,1995,Nichole,17
CT,F,1995,Whitney,17
CT,F,1995,Audrey,16
CT,F,1995,Brandi,16
CT,F,1995,Cristina,16
CT,F,1995,Eleanor,16
CT,F,1995,Jazmin,16
CT,F,1995,Jordyn,16
CT,F,1995,Maya,16
CT,F,1995,Meagan,16
CT,F,1995,Michele,16
CT,F,1995,Sophia,16
CT,F,1995,Theresa,16
CT,F,1995,Amelia,15
CT,F,1995,Anastasia,15
CT,F,1995,Brenda,15
CT,F,1995,Felicia,15
CT,F,1995,Jade,15
CT,F,1995,Jaime,15
CT,F,1995,Jenny,15
CT,F,1995,Jessie,15
CT,F,1995,Juliana,15
CT,F,1995,Julianna,15
CT,F,1995,Kendall,15
CT,F,1995,Madeleine,15
CT,F,1995,Marie,15
CT,F,1995,Marina,15
CT,F,1995,Naomi,15
CT,F,1995,Sandra,15
CT,F,1995,Sophie,15
CT,F,1995,Hanna,14
CT,F,1995,Jacquelyn,14
CT,F,1995,Katrina,14
CT,F,1995,Mckenzie,14
CT,F,1995,Micaela,14
CT,F,1995,Tori,14
CT,F,1995,Adrianna,13
CT,F,1995,Alana,13
CT,F,1995,Annie,13
CT,F,1995,Cara,13
CT,F,1995,Elise,13
CT,F,1995,Eliza,13
CT,F,1995,Joanna,13
CT,F,1995,Monique,13
CT,F,1995,Noelle,13
CT,F,1995,Nora,13
CT,F,1995,Sasha,13
CT,F,1995,Summer,13
CT,F,1995,Angelina,12
CT,F,1995,Ashlee,12
CT,F,1995,Bryanna,12
CT,F,1995,Corinne,12
CT,F,1995,Diamond,12
CT,F,1995,Eva,12
CT,F,1995,Gianna,12
CT,F,1995,Jazmine,12
CT,F,1995,Katharine,12
CT,F,1995,Linda,12
CT,F,1995,Meaghan,12
CT,F,1995,Priscilla,12
CT,F,1995,Rebekah,12
CT,F,1995,Shayna,12
CT,F,1995,Thalia,12
CT,F,1995,Abby,11
CT,F,1995,Alessandra,11
CT,F,1995,Arielle,11
CT,F,1995,Brandy,11
CT,F,1995,Carmen,11
CT,F,1995,Helen,11
CT,F,1995,Hope,11
CT,F,1995,Jill,11
CT,F,1995,Kaila,11
CT,F,1995,Kellie,11
CT,F,1995,Kiana,11
CT,F,1995,Kirsten,11
CT,F,1995,Phoebe,11
CT,F,1995,Shaina,11
CT,F,1995,Shanice,11
CT,F,1995,Susan,11
CT,F,1995,Aimee,10
CT,F,1995,Alyson,10
CT,F,1995,Ashleigh,10
CT,F,1995,Carla,10
CT,F,1995,Carolina,10
CT,F,1995,Dakota,10
CT,F,1995,Daniella,10
CT,F,1995,Devon,10
CT,F,1995,Evelyn,10
CT,F,1995,Faith,10
CT,F,1995,Imani,10
CT,F,1995,Jesse,10
CT,F,1995,Karen,10
CT,F,1995,Kasey,10
CT,F,1995,Keisha,10
CT,F,1995,Kelley,10
CT,F,1995,Kiera,10
CT,F,1995,Larissa,10
CT,F,1995,Liana,10
CT,F,1995,Maggie,10
CT,F,1995,Raquel,10
CT,F,1995,Raven,10
CT,F,1995,Sofia,10
CT,F,1995,Stacey,10
CT,F,1995,Tatyana,10
CT,F,1995,Aaliyah,9
CT,F,1995,Alexia,9
CT,F,1995,April,9
CT,F,1995,Aubrey,9
CT,F,1995,Essence,9
CT,F,1995,Genevieve,9
CT,F,1995,Jane,9
CT,F,1995,Jasmin,9
CT,F,1995,Jennie,9
CT,F,1995,Julianne,9
CT,F,1995,Kerry,9
CT,F,1995,Kyra,9
CT,F,1995,Mollie,9
CT,F,1995,Robin,9
CT,F,1995,Ruth,9
CT,F,1995,Sage,9
CT,F,1995,Shawna,9
CT,F,1995,Tess,9
CT,F,1995,Toni,9
CT,F,1995,Alice,8
CT,F,1995,Ashlyn,8
CT,F,1995,Breana,8
CT,F,1995,Bria,8
CT,F,1995,Cameron,8
CT,F,1995,Candace,8
CT,F,1995,Carissa,8
CT,F,1995,Carley,8
CT,F,1995,Chelsey,8
CT,F,1995,Christa,8
CT,F,1995,Ciara,8
CT,F,1995,Cindy,8
CT,F,1995,Clara,8
CT,F,1995,Clare,8
CT,F,1995,Corey,8
CT,F,1995,Elisa,8
CT,F,1995,Emilie,8
CT,F,1995,Esther,8
CT,F,1995,Gillian,8
CT,F,1995,Jailene,8
CT,F,1995,Jeanette,8
CT,F,1995,Kailey,8
CT,F,1995,Kaleigh,8
CT,F,1995,Kasandra,8
CT,F,1995,Lucy,8
CT,F,1995,Makayla,8
CT,F,1995,Marilyn,8
CT,F,1995,Maura,8
CT,F,1995,Melinda,8
CT,F,1995,Melody,8
CT,F,1995,Mia,8
CT,F,1995,Nancy,8
CT,F,1995,Natalia,8
CT,F,1995,Serena,8
CT,F,1995,Shayla,8
CT,F,1995,Sheila,8
CT,F,1995,Skylar,8
CT,F,1995,Talia,8
CT,F,1995,Tanisha,8
CT,F,1995,Tiara,8
CT,F,1995,Tracy,8
CT,F,1995,Wendy,8
CT,F,1995,Aisha,7
CT,F,1995,Alanna,7
CT,F,1995,Alysha,7
CT,F,1995,Angel,7
CT,F,1995,Annette,7
CT,F,1995,Ava,7
CT,F,1995,Beth,7
CT,F,1995,Britney,7
CT,F,1995,Bryana,7
CT,F,1995,Cayla,7
CT,F,1995,Clarissa,7
CT,F,1995,Daniela,7
CT,F,1995,Deja,7
CT,F,1995,Delaney,7
CT,F,1995,Denise,7
CT,F,1995,Ebony,7
CT,F,1995,Elisabeth,7
CT,F,1995,Elissa,7
CT,F,1995,Frances,7
CT,F,1995,Georgia,7
CT,F,1995,Giselle,7
CT,F,1995,Jazmyn,7
CT,F,1995,Josephine,7
CT,F,1995,Joy,7
CT,F,1995,Juliette,7
CT,F,1995,Katelin,7
CT,F,1995,Kayleigh,7
CT,F,1995,Kiersten,7
CT,F,1995,Kristine,7
CT,F,1995,Krysta,7
CT,F,1995,Kyla,7
CT,F,1995,Kyle,7
CT,F,1995,Lacey,7
CT,F,1995,Logan,7
CT,F,1995,Lucia,7
CT,F,1995,Madelyn,7
CT,F,1995,Mariana,7
CT,F,1995,Marisol,7
CT,F,1995,Martha,7
CT,F,1995,Mikaela,7
CT,F,1995,Pamela,7
CT,F,1995,Paula,7
CT,F,1995,Rachelle,7
CT,F,1995,Rhiannon,7
CT,F,1995,Riley,7
CT,F,1995,Sadie,7
CT,F,1995,Selina,7
CT,F,1995,Suzanne,7
CT,F,1995,Tabitha,7
CT,F,1995,Taryn,7
CT,F,1995,Teresa,7
CT,F,1995,Tiffani,7
CT,F,1995,Tyler,7
CT,F,1995,Vivian,7
CT,F,1995,Yvonne,7
CT,F,1995,Alexus,6
CT,F,1995,Aliza,6
CT,F,1995,Ann,6
CT,F,1995,Brianne,6
CT,F,1995,Bridgette,6
CT,F,1995,Carina,6
CT,F,1995,Carli,6
CT,F,1995,Carrie,6
CT,F,1995,Chanel,6
CT,F,1995,Cori,6
CT,F,1995,Dawn,6
CT,F,1995,Delia,6
CT,F,1995,Devin,6
CT,F,1995,Diane,6
CT,F,1995,Eileen,6
CT,F,1995,Elaina,6
CT,F,1995,Emely,6
CT,F,1995,Genesis,6
CT,F,1995,Gretchen,6
CT,F,1995,Hillary,6
CT,F,1995,Joelle,6
CT,F,1995,Julissa,6
CT,F,1995,Justice,6
CT,F,1995,Kaela,6
CT,F,1995,Karissa,6
CT,F,1995,Katelynn,6
CT,F,1995,Kathy,6
CT,F,1995,Keara,6
CT,F,1995,Kianna,6
CT,F,1995,Kira,6
CT,F,1995,Lara,6
CT,F,1995,Lena,6
CT,F,1995,Leslie,6
CT,F,1995,Moriah,6
CT,F,1995,Nicolette,6
CT,F,1995,Nikole,6
CT,F,1995,Nyasia,6
CT,F,1995,Paola,6
CT,F,1995,Priya,6
CT,F,1995,Shauna,6
CT,F,1995,Simone,6
CT,F,1995,Stefanie,6
CT,F,1995,Tamara,6
CT,F,1995,Tania,6
CT,F,1995,Tayler,6
CT,F,1995,Yesenia,6
CT,F,1995,Alaina,5
CT,F,1995,Alecia,5
CT,F,1995,Alejandra,5
CT,F,1995,Alize,5
CT,F,1995,Angelique,5
CT,F,1995,Anita,5
CT,F,1995,Annabelle,5
CT,F,1995,Ashanti,5
CT,F,1995,Barbara,5
CT,F,1995,Camille,5
CT,F,1995,Carlie,5
CT,F,1995,Casandra,5
CT,F,1995,Cecilia,5
CT,F,1995,Celeste,5
CT,F,1995,Chandler,5
CT,F,1995,Christie,5
CT,F,1995,Ciera,5
CT,F,1995,Deirdre,5
CT,F,1995,Elsa,5
CT,F,1995,Elyssa,5
CT,F,1995,Ericka,5
CT,F,1995,Fallon,5
CT,F,1995,Iris,5
CT,F,1995,Jesenia,5
CT,F,1995,Johanna,5
CT,F,1995,Judith,5
CT,F,1995,Kali,5
CT,F,1995,Karlie,5
CT,F,1995,Keira,5
CT,F,1995,Kelsie,5
CT,F,1995,Kiley,5
CT,F,1995,Kristal,5
CT,F,1995,Kristyn,5
CT,F,1995,Laurel,5
CT,F,1995,Leigh,5
CT,F,1995,Marjorie,5
CT,F,1995,Marlee,5
CT,F,1995,Marlena,5
CT,F,1995,Marlene,5
CT,F,1995,Maureen,5
CT,F,1995,Melina,5
CT,F,1995,Moira,5
CT,F,1995,Nadia,5
CT,F,1995,Nia,5
CT,F,1995,Nikita,5
CT,F,1995,Nykesha,5
CT,F,1995,Paulina,5
CT,F,1995,Precious,5
CT,F,1995,Rochelle,5
CT,F,1995,Rosemarie,5
CT,F,1995,Ryan,5
CT,F,1995,Shantel,5
CT,F,1995,Sylvia,5
CT,F,1995,Tanya,5
CT,F,1995,Tianna,5
CT,F,1995,Tina,5
CT,F,1995,Tracey,5
CT,F,1995,Zhane,5
CT,F,1996,Emily,392
CT,F,1996,Sarah,354
CT,F,1996,Samantha,333
CT,F,1996,Jessica,299
CT,F,1996,Nicole,261
CT,F,1996,Amanda,258
CT,F,1996,Ashley,251
CT,F,1996,Rachel,246
CT,F,1996,Taylor,232
CT,F,1996,Elizabeth,211
CT,F,1996,Megan,209
CT,F,1996,Katherine,191
CT,F,1996,Alexandra,188
CT,F,1996,Hannah,188
CT,F,1996,Alyssa,174
CT,F,1996,Rebecca,174
CT,F,1996,Brianna,173
CT,F,1996,Kayla,173
CT,F,1996,Julia,172
CT,F,1996,Lauren,170
CT,F,1996,Olivia,170
CT,F,1996,Victoria,169
CT,F,1996,Stephanie,160
CT,F,1996,Jennifer,158
CT,F,1996,Alexis,149
CT,F,1996,Emma,135
CT,F,1996,Brittany,133
CT,F,1996,Melissa,125
CT,F,1996,Danielle,123
CT,F,1996,Kelly,123
CT,F,1996,Courtney,117
CT,F,1996,Caroline,116
CT,F,1996,Morgan,115
CT,F,1996,Allison,114
CT,F,1996,Erin,112
CT,F,1996,Abigail,110
CT,F,1996,Amber,101
CT,F,1996,Michelle,101
CT,F,1996,Sara,96
CT,F,1996,Shannon,95
CT,F,1996,Meghan,91
CT,F,1996,Sydney,88
CT,F,1996,Madison,87
CT,F,1996,Jenna,85
CT,F,1996,Kimberly,85
CT,F,1996,Kathryn,84
CT,F,1996,Jacqueline,83
CT,F,1996,Kaitlyn,82
CT,F,1996,Anna,80
CT,F,1996,Gabrielle,80
CT,F,1996,Christina,78
CT,F,1996,Kelsey,78
CT,F,1996,Natalie,78
CT,F,1996,Haley,77
CT,F,1996,Marissa,76
CT,F,1996,Briana,75
CT,F,1996,Mary,73
CT,F,1996,Mackenzie,72
CT,F,1996,Margaret,72
CT,F,1996,Chelsea,71
CT,F,1996,Laura,70
CT,F,1996,Sabrina,70
CT,F,1996,Paige,69
CT,F,1996,Alexa,67
CT,F,1996,Brooke,67
CT,F,1996,Caitlin,66
CT,F,1996,Heather,65
CT,F,1996,Grace,64
CT,F,1996,Jasmine,64
CT,F,1996,Kristen,64
CT,F,1996,Catherine,63
CT,F,1996,Tiffany,60
CT,F,1996,Casey,59
CT,F,1996,Lindsay,59
CT,F,1996,Molly,59
CT,F,1996,Gabriella,57
CT,F,1996,Jordan,56
CT,F,1996,Katelyn,55
CT,F,1996,Madeline,54
CT,F,1996,Angela,53
CT,F,1996,Erica,53
CT,F,1996,Melanie,52
CT,F,1996,Maria,50
CT,F,1996,Carly,49
CT,F,1996,Jamie,49
CT,F,1996,Mariah,49
CT,F,1996,Amy,48
CT,F,1996,Rachael,48
CT,F,1996,Cassandra,47
CT,F,1996,Destiny,47
CT,F,1996,Leah,47
CT,F,1996,Shelby,47
CT,F,1996,Alison,46
CT,F,1996,Alicia,44
CT,F,1996,Andrea,43
CT,F,1996,Michaela,43
CT,F,1996,Monica,42
CT,F,1996,Kathleen,41
CT,F,1996,Vanessa,41
CT,F,1996,Claire,40
CT,F,1996,Hayley,40
CT,F,1996,Kristina,40
CT,F,1996,Savannah,40
CT,F,1996,Sierra,40
CT,F,1996,Colleen,39
CT,F,1996,Crystal,39
CT,F,1996,Dominique,39
CT,F,1996,Jillian,39
CT,F,1996,Lindsey,38
CT,F,1996,Angelica,36
CT,F,1996,Jocelyn,36
CT,F,1996,Miranda,36
CT,F,1996,Alexandria,35
CT,F,1996,Bridget,35
CT,F,1996,Erika,35
CT,F,1996,Lisa,35
CT,F,1996,Christine,34
CT,F,1996,Gina,34
CT,F,1996,Kaitlin,34
CT,F,1996,Ariana,33
CT,F,1996,Charlotte,33
CT,F,1996,Katie,33
CT,F,1996,Bianca,32
CT,F,1996,Isabella,32
CT,F,1996,Lily,32
CT,F,1996,Marisa,32
CT,F,1996,Dana,31
CT,F,1996,Julie,31
CT,F,1996,Cynthia,30
CT,F,1996,Cassidy,29
CT,F,1996,Cheyenne,29
CT,F,1996,Hailey,29
CT,F,1996,Mikayla,29
CT,F,1996,Anne,27
CT,F,1996,Juliana,27
CT,F,1996,Meredith,27
CT,F,1996,Sophia,27
CT,F,1996,Zoe,27
CT,F,1996,Bailey,26
CT,F,1996,Mia,26
CT,F,1996,Veronica,26
CT,F,1996,Kara,25
CT,F,1996,Kassandra,25
CT,F,1996,Tara,25
CT,F,1996,Holly,24
CT,F,1996,Katrina,24
CT,F,1996,Valerie,24
CT,F,1996,Chloe,23
CT,F,1996,Kaylee,23
CT,F,1996,Caitlyn,22
CT,F,1996,Carolyn,22
CT,F,1996,Isabelle,22
CT,F,1996,Kiara,22
CT,F,1996,Kirsten,22
CT,F,1996,Maggie,22
CT,F,1996,Sophie,22
CT,F,1996,Gillian,21
CT,F,1996,Jade,21
CT,F,1996,Krystal,21
CT,F,1996,Kylie,21
CT,F,1996,Selena,21
CT,F,1996,Theresa,21
CT,F,1996,Amelia,20
CT,F,1996,Brenna,20
CT,F,1996,Diana,20
CT,F,1996,Gabriela,20
CT,F,1996,Jaclyn,20
CT,F,1996,Maya,20
CT,F,1996,Tiana,20
CT,F,1996,Autumn,19
CT,F,1996,Deanna,19
CT,F,1996,Desiree,19
CT,F,1996,Isabel,19
CT,F,1996,Kiana,19
CT,F,1996,Kyra,19
CT,F,1996,Mikaela,19
CT,F,1996,Tatiana,19
CT,F,1996,Alexus,18
CT,F,1996,Allyson,18
CT,F,1996,Asia,18
CT,F,1996,Breanna,18
CT,F,1996,Brenda,18
CT,F,1996,Brittney,18
CT,F,1996,Claudia,18
CT,F,1996,Eliza,18
CT,F,1996,Felicia,18
CT,F,1996,Francesca,18
CT,F,1996,Joanna,18
CT,F,1996,Karina,18
CT,F,1996,Lydia,18
CT,F,1996,Madeleine,18
CT,F,1996,Mckenzie,18
CT,F,1996,Nina,18
CT,F,1996,Renee,18
CT,F,1996,Adriana,17
CT,F,1996,Alissa,17
CT,F,1996,Annie,17
CT,F,1996,Faith,17
CT,F,1996,Imani,17
CT,F,1996,Julianna,17
CT,F,1996,Meaghan,17
CT,F,1996,Patricia,17
CT,F,1996,Summer,17
CT,F,1996,Alana,16
CT,F,1996,Audrey,16
CT,F,1996,Bethany,16
CT,F,1996,Mallory,16
CT,F,1996,Natasha,16
CT,F,1996,Rebekah,16
CT,F,1996,Alexia,15
CT,F,1996,Anastasia,15
CT,F,1996,Cristina,15
CT,F,1996,Jaime,15
CT,F,1996,Justine,15
CT,F,1996,Micaela,15
CT,F,1996,Monique,15
CT,F,1996,Naomi,15
CT,F,1996,Tamara,15
CT,F,1996,Taryn,15
CT,F,1996,Whitney,15
CT,F,1996,Abby,14
CT,F,1996,Alanna,14
CT,F,1996,Angelina,14
CT,F,1996,Arianna,14
CT,F,1996,Aubrey,14
CT,F,1996,Cara,14
CT,F,1996,Devon,14
CT,F,1996,Jasmin,14
CT,F,1996,Kaleigh,14
CT,F,1996,Kasey,14
CT,F,1996,Kristin,14
CT,F,1996,Lillian,14
CT,F,1996,Makayla,14
CT,F,1996,Natalia,14
CT,F,1996,Rose,14
CT,F,1996,Sasha,14
CT,F,1996,Alisha,13
CT,F,1996,Ana,13
CT,F,1996,April,13
CT,F,1996,Ariel,13
CT,F,1996,Carmen,13
CT,F,1996,Deja,13
CT,F,1996,Eleanor,13
CT,F,1996,Elisabeth,13
CT,F,1996,Hope,13
CT,F,1996,Katharine,13
CT,F,1996,Kendall,13
CT,F,1996,Kendra,13
CT,F,1996,Meagan,13
CT,F,1996,Susan,13
CT,F,1996,Talia,13
CT,F,1996,Tess,13
CT,F,1996,Thalia,13
CT,F,1996,Tia,13
CT,F,1996,Antonia,12
CT,F,1996,Carley,12
CT,F,1996,Ciara,12
CT,F,1996,Destinee,12
CT,F,1996,Gianna,12
CT,F,1996,Hanna,12
CT,F,1996,Helen,12
CT,F,1996,Jane,12
CT,F,1996,Krista,12
CT,F,1996,Leslie,12
CT,F,1996,Marina,12
CT,F,1996,Noelle,12
CT,F,1996,Shayla,12
CT,F,1996,Teresa,12
CT,F,1996,Tessa,12
CT,F,1996,Angelique,11
CT,F,1996,Brianne,11
CT,F,1996,Bryanna,11
CT,F,1996,Cecilia,11
CT,F,1996,Diamond,11
CT,F,1996,Elise,11
CT,F,1996,Evelyn,11
CT,F,1996,Genesis,11
CT,F,1996,Karen,11
CT,F,1996,Karissa,11
CT,F,1996,Robin,11
CT,F,1996,Serena,11
CT,F,1996,Shania,11
CT,F,1996,Tanisha,11
CT,F,1996,Alice,10
CT,F,1996,Ashleigh,10
CT,F,1996,Barbara,10
CT,F,1996,Camille,10
CT,F,1996,Carissa,10
CT,F,1996,Carolina,10
CT,F,1996,Chelsey,10
CT,F,1996,Daisy,10
CT,F,1996,Deborah,10
CT,F,1996,Deirdre,10
CT,F,1996,Delaney,10
CT,F,1996,Jazmine,10
CT,F,1996,Jenny,10
CT,F,1996,Jordyn,10
CT,F,1996,Josephine,10
CT,F,1996,Karla,10
CT,F,1996,Kate,10
CT,F,1996,Kayleigh,10
CT,F,1996,Mariana,10
CT,F,1996,Mercedes,10
CT,F,1996,Michele,10
CT,F,1996,Phoebe,10
CT,F,1996,Priscilla,10
CT,F,1996,Raven,10
CT,F,1996,Virginia,10
CT,F,1996,Abbey,9
CT,F,1996,Ashlee,9
CT,F,1996,Avery,9
CT,F,1996,Carrie,9
CT,F,1996,Cheyanne,9
CT,F,1996,Destini,9
CT,F,1996,Ellen,9
CT,F,1996,Emilie,9
CT,F,1996,Fiona,9
CT,F,1996,Genevieve,9
CT,F,1996,Georgia,9
CT,F,1996,Jacquelyn,9
CT,F,1996,Jada,9
CT,F,1996,Kelley,9
CT,F,1996,Kerry,9
CT,F,1996,Kristine,9
CT,F,1996,Martha,9
CT,F,1996,Mckenna,9
CT,F,1996,Melinda,9
CT,F,1996,Melody,9
CT,F,1996,Nadia,9
CT,F,1996,Nancy,9
CT,F,1996,Paula,9
CT,F,1996,Sage,9
CT,F,1996,Shantel,9
CT,F,1996,Shayna,9
CT,F,1996,Stefanie,9
CT,F,1996,Tori,9
CT,F,1996,Aimee,8
CT,F,1996,Aisha,8
CT,F,1996,Alessandra,8
CT,F,1996,Aliyah,8
CT,F,1996,Alyson,8
CT,F,1996,Arielle,8
CT,F,1996,Bonnie,8
CT,F,1996,Brandi,8
CT,F,1996,Breana,8
CT,F,1996,Carla,8
CT,F,1996,Clara,8
CT,F,1996,Clare,8
CT,F,1996,Dakota,8
CT,F,1996,Daniella,8
CT,F,1996,Dejah,8
CT,F,1996,Elena,8
CT,F,1996,Gloria,8
CT,F,1996,Heidi,8
CT,F,1996,Jailene,8
CT,F,1996,Janae,8
CT,F,1996,Jazlyn,8
CT,F,1996,Jazmin,8
CT,F,1996,Jill,8
CT,F,1996,Karly,8
CT,F,1996,Katarina,8
CT,F,1996,Kennedy,8
CT,F,1996,Kiley,8
CT,F,1996,Kristy,8
CT,F,1996,Larissa,8
CT,F,1996,Liana,8
CT,F,1996,Linda,8
CT,F,1996,Lucy,8
CT,F,1996,Maeve,8
CT,F,1996,Nicolette,8
CT,F,1996,Nora,8
CT,F,1996,Shaina,8
CT,F,1996,Shauna,8
CT,F,1996,Sofia,8
CT,F,1996,Tianna,8
CT,F,1996,Aaliyah,7
CT,F,1996,Adrianna,7
CT,F,1996,Brielle,7
CT,F,1996,Bryana,7
CT,F,1996,Callie,7
CT,F,1996,Clarissa,7
CT,F,1996,Cortney,7
CT,F,1996,Cristal,7
CT,F,1996,Denise,7
CT,F,1996,Ebony,7
CT,F,1996,Heaven,7
CT,F,1996,Janelle,7
CT,F,1996,Julianne,7
CT,F,1996,Kaelyn,7
CT,F,1996,Katelynn,7
CT,F,1996,Kaylyn,7
CT,F,1996,Lea,7
CT,F,1996,Lena,7
CT,F,1996,Luz,7
CT,F,1996,Moesha,7
CT,F,1996,Nichole,7
CT,F,1996,Nyasia,7
CT,F,1996,Precious,7
CT,F,1996,Riley,7
CT,F,1996,Sandra,7
CT,F,1996,Shakira,7
CT,F,1996,Tiara,7
CT,F,1996,Yamilex,7
CT,F,1996,Alayna,6
CT,F,1996,Alejandra,6
CT,F,1996,Alisa,6
CT,F,1996,Alize,6
CT,F,1996,Angel,6
CT,F,1996,Brandy,6
CT,F,1996,Carol,6
CT,F,1996,Celia,6
CT,F,1996,Christa,6
CT,F,1996,Ciera,6
CT,F,1996,Colette,6
CT,F,1996,Daniela,6
CT,F,1996,Darby,6
CT,F,1996,Denisha,6
CT,F,1996,Devin,6
CT,F,1996,Frances,6
CT,F,1996,Hunter,6
CT,F,1996,India,6
CT,F,1996,Judith,6
CT,F,1996,Justice,6
CT,F,1996,Kaila,6
CT,F,1996,Kailey,6
CT,F,1996,Kali,6
CT,F,1996,Kasandra,6
CT,F,1996,Kayley,6
CT,F,1996,Kerri,6
CT,F,1996,Kianna,6
CT,F,1996,Kiarra,6
CT,F,1996,Kiera,6
CT,F,1996,Kira,6
CT,F,1996,Leigh,6
CT,F,1996,Margot,6
CT,F,1996,Marie,6
CT,F,1996,Marilyn,6
CT,F,1996,Marisol,6
CT,F,1996,Nathalie,6
CT,F,1996,Octavia,6
CT,F,1996,Payton,6
CT,F,1996,Reilly,6
CT,F,1996,Robyn,6
CT,F,1996,Ruth,6
CT,F,1996,Savanna,6
CT,F,1996,Selina,6
CT,F,1996,Sharon,6
CT,F,1996,Shea,6
CT,F,1996,Simone,6
CT,F,1996,Skylar,6
CT,F,1996,Tierra,6
CT,F,1996,Toni,6
CT,F,1996,Wendy,6
CT,F,1996,Yahaira,6
CT,F,1996,Zhane,6
CT,F,1996,Adrienne,5
CT,F,1996,Alexi,5
CT,F,1996,Alysa,5
CT,F,1996,Amani,5
CT,F,1996,Ashanti,5
CT,F,1996,Ava,5
CT,F,1996,Ayanna,5
CT,F,1996,Breanne,5
CT,F,1996,Bria,5
CT,F,1996,Cameron,5
CT,F,1996,Casandra,5
CT,F,1996,Celine,5
CT,F,1996,Chanel,5
CT,F,1996,Chantel,5
CT,F,1996,Cierra,5
CT,F,1996,Cindy,5
CT,F,1996,Coral,5
CT,F,1996,Corinne,5
CT,F,1996,Daria,5
CT,F,1996,Delia,5
CT,F,1996,Diane,5
CT,F,1996,Donna,5
CT,F,1996,Dorothy,5
CT,F,1996,Emilia,5
CT,F,1996,Essence,5
CT,F,1996,Esther,5
CT,F,1996,Fallon,5
CT,F,1996,Fatima,5
CT,F,1996,Giovanna,5
CT,F,1996,Gwendolyn,5
CT,F,1996,Hallie,5
CT,F,1996,Hillary,5
CT,F,1996,Iliana,5
CT,F,1996,Janice,5
CT,F,1996,Jeanette,5
CT,F,1996,Johnna,5
CT,F,1996,Joselyn,5
CT,F,1996,Justina,5
CT,F,1996,Kailee,5
CT,F,1996,Kaley,5
CT,F,1996,Karalyn,5
CT,F,1996,Karlee,5
CT,F,1996,Katerina,5
CT,F,1996,Kellie,5
CT,F,1996,Kyla,5
CT,F,1996,Kyle,5
CT,F,1996,Lacey,5
CT,F,1996,Leana,5
CT,F,1996,Leeann,5
CT,F,1996,Leila,5
CT,F,1996,Lexi,5
CT,F,1996,Lexus,5
CT,F,1996,Liza,5
CT,F,1996,Loren,5
CT,F,1996,Madelyn,5
CT,F,1996,Maia,5
CT,F,1996,Makenna,5
CT,F,1996,Makenzie,5
CT,F,1996,Margaux,5
CT,F,1996,Marianna,5
CT,F,1996,Marlena,5
CT,F,1996,Marlene,5
CT,F,1996,Maura,5
CT,F,1996,Monika,5
CT,F,1996,Nia,5
CT,F,1996,Peyton,5
CT,F,1996,Rachelle,5
CT,F,1996,Raquel,5
CT,F,1996,Ruby,5
CT,F,1996,Ryan,5
CT,F,1996,Sadie,5
CT,F,1996,Sheila,5
CT,F,1996,Shyanne,5
CT,F,1996,Shyla,5
CT,F,1996,Sienna,5
CT,F,1996,Stacey,5
CT,F,1996,Stacy,5
CT,F,1996,Tahira,5
CT,F,1996,Tamia,5
CT,F,1996,Tanya,5
CT,F,1996,Tina,5
CT,F,1996,Tyler,5
CT,F,1996,Yesenia,5
CT,F,1996,Zaria,5
CT,F,1997,Emily,373
CT,F,1997,Sarah,318
CT,F,1997,Samantha,300
CT,F,1997,Ashley,241
CT,F,1997,Taylor,233
CT,F,1997,Amanda,230
CT,F,1997,Jessica,223
CT,F,1997,Julia,217
CT,F,1997,Megan,203
CT,F,1997,Nicole,203
CT,F,1997,Olivia,194
CT,F,1997,Lauren,188
CT,F,1997,Alexandra,182
CT,F,1997,Alyssa,181
CT,F,1997,Hannah,179
CT,F,1997,Rachel,177
CT,F,1997,Emma,166
CT,F,1997,Elizabeth,165
CT,F,1997,Kayla,159
CT,F,1997,Rebecca,159
CT,F,1997,Victoria,158
CT,F,1997,Katherine,148
CT,F,1997,Brianna,139
CT,F,1997,Alexis,137
CT,F,1997,Jennifer,130
CT,F,1997,Abigail,127
CT,F,1997,Stephanie,126
CT,F,1997,Danielle,125
CT,F,1997,Brittany,111
CT,F,1997,Anna,110
CT,F,1997,Morgan,108
CT,F,1997,Caroline,104
CT,F,1997,Madison,104
CT,F,1997,Haley,95
CT,F,1997,Amber,92
CT,F,1997,Sara,92
CT,F,1997,Erin,90
CT,F,1997,Jenna,90
CT,F,1997,Shannon,86
CT,F,1997,Courtney,83
CT,F,1997,Natalie,83
CT,F,1997,Allison,82
CT,F,1997,Gabrielle,81
CT,F,1997,Melissa,81
CT,F,1997,Sydney,81
CT,F,1997,Kelly,79
CT,F,1997,Marissa,79
CT,F,1997,Christina,78
CT,F,1997,Kaitlyn,77
CT,F,1997,Briana,76
CT,F,1997,Margaret,75
CT,F,1997,Molly,75
CT,F,1997,Meghan,73
CT,F,1997,Michelle,69
CT,F,1997,Sabrina,69
CT,F,1997,Destiny,68
CT,F,1997,Grace,66
CT,F,1997,Jillian,65
CT,F,1997,Mary,65
CT,F,1997,Jasmine,64
CT,F,1997,Brooke,63
CT,F,1997,Jordan,61
CT,F,1997,Madeline,61
CT,F,1997,Gabriella,57
CT,F,1997,Shelby,56
CT,F,1997,Amy,55
CT,F,1997,Isabella,55
CT,F,1997,Mackenzie,55
CT,F,1997,Catherine,54
CT,F,1997,Maria,54
CT,F,1997,Cassandra,53
CT,F,1997,Erica,53
CT,F,1997,Laura,53
CT,F,1997,Alicia,52
CT,F,1997,Kimberly,52
CT,F,1997,Kristen,52
CT,F,1997,Mariah,52
CT,F,1997,Paige,52
CT,F,1997,Caitlin,51
CT,F,1997,Jacqueline,50
CT,F,1997,Miranda,50
CT,F,1997,Tiffany,49
CT,F,1997,Alexa,48
CT,F,1997,Casey,48
CT,F,1997,Chelsea,48
CT,F,1997,Kathryn,48
CT,F,1997,Kelsey,48
CT,F,1997,Michaela,48
CT,F,1997,Monica,48
CT,F,1997,Angela,47
CT,F,1997,Kathleen,47
CT,F,1997,Leah,47
CT,F,1997,Sophia,47
CT,F,1997,Claire,42
CT,F,1997,Jamie,42
CT,F,1997,Heather,41
CT,F,1997,Vanessa,41
CT,F,1997,Savannah,40
CT,F,1997,Lindsay,39
CT,F,1997,Hayley,38
CT,F,1997,Tatiana,38
CT,F,1997,Angelica,37
CT,F,1997,Sierra,36
CT,F,1997,Andrea,35
CT,F,1997,Ariana,35
CT,F,1997,Crystal,35
CT,F,1997,Mikayla,35
CT,F,1997,Caitlyn,34
CT,F,1997,Carly,34
CT,F,1997,Erika,34
CT,F,1997,Gina,34
CT,F,1997,Hailey,34
CT,F,1997,Julie,34
CT,F,1997,Alexandria,33
CT,F,1997,Cheyenne,32
CT,F,1997,Katie,32
CT,F,1997,Lindsey,32
CT,F,1997,Marisa,32
CT,F,1997,Melanie,32
CT,F,1997,Zoe,32
CT,F,1997,Katelyn,31
CT,F,1997,Chloe,30
CT,F,1997,Kaylee,30
CT,F,1997,Rachael,30
CT,F,1997,Veronica,30
CT,F,1997,Colleen,29
CT,F,1997,Dana,29
CT,F,1997,Faith,29
CT,F,1997,Gabriela,29
CT,F,1997,Lily,29
CT,F,1997,Nina,29
CT,F,1997,Selena,29
CT,F,1997,Bailey,28
CT,F,1997,Bridget,28
CT,F,1997,Cassidy,28
CT,F,1997,Christine,28
CT,F,1997,Isabel,28
CT,F,1997,Meagan,28
CT,F,1997,Diana,27
CT,F,1997,Kaitlin,27
CT,F,1997,Kiana,27
CT,F,1997,Lisa,27
CT,F,1997,Charlotte,26
CT,F,1997,Jada,26
CT,F,1997,Maya,26
CT,F,1997,Alison,25
CT,F,1997,Deanna,25
CT,F,1997,Francesca,25
CT,F,1997,Isabelle,25
CT,F,1997,Kylie,25
CT,F,1997,Anne,24
CT,F,1997,Jocelyn,24
CT,F,1997,Lucy,24
CT,F,1997,Maggie,24
CT,F,1997,Mia,24
CT,F,1997,Sophie,24
CT,F,1997,Audrey,23
CT,F,1997,Hanna,23
CT,F,1997,Holly,23
CT,F,1997,Madeleine,23
CT,F,1997,Makayla,23
CT,F,1997,Arianna,22
CT,F,1997,Breanna,22
CT,F,1997,Dominique,22
CT,F,1997,Juliana,22
CT,F,1997,Kendra,22
CT,F,1997,Tiana,22
CT,F,1997,Bianca,21
CT,F,1997,Gianna,21
CT,F,1997,Julianna,21
CT,F,1997,Kristina,21
CT,F,1997,Riley,21
CT,F,1997,Aaliyah,20
CT,F,1997,Kara,20
CT,F,1997,Natalia,20
CT,F,1997,Tessa,20
CT,F,1997,Thalia,20
CT,F,1997,April,19
CT,F,1997,Ariel,19
CT,F,1997,Asia,19
CT,F,1997,Autumn,19
CT,F,1997,Carolyn,19
CT,F,1997,Hope,19
CT,F,1997,Jade,19
CT,F,1997,Jazmine,19
CT,F,1997,Natasha,19
CT,F,1997,Raven,19
CT,F,1997,Amelia,18
CT,F,1997,Brittney,18
CT,F,1997,Eliza,18
CT,F,1997,Gillian,18
CT,F,1997,Kiara,18
CT,F,1997,Kristin,18
CT,F,1997,Lillian,18
CT,F,1997,Phoebe,18
CT,F,1997,Tara,18
CT,F,1997,Alana,17
CT,F,1997,Bethany,17
CT,F,1997,Cynthia,17
CT,F,1997,Desiree,17
CT,F,1997,Elise,17
CT,F,1997,Helen,17
CT,F,1997,Karina,17
CT,F,1997,Kassandra,17
CT,F,1997,Kayleigh,17
CT,F,1997,Kellie,17
CT,F,1997,Meredith,17
CT,F,1997,Theresa,17
CT,F,1997,Adriana,16
CT,F,1997,Cameron,16
CT,F,1997,Cara,16
CT,F,1997,Felicia,16
CT,F,1997,Genesis,16
CT,F,1997,Imani,16
CT,F,1997,Kendall,16
CT,F,1997,Meaghan,16
CT,F,1997,Naomi,16
CT,F,1997,Patricia,16
CT,F,1997,Rebekah,16
CT,F,1997,Serena,16
CT,F,1997,Alissa,15
CT,F,1997,Allyson,15
CT,F,1997,Ana,15
CT,F,1997,Angelina,15
CT,F,1997,Mikaela,15
CT,F,1997,Shakira,15
CT,F,1997,Abby,14
CT,F,1997,Alexia,14
CT,F,1997,Avery,14
CT,F,1997,Destinee,14
CT,F,1997,Jaclyn,14
CT,F,1997,Jordyn,14
CT,F,1997,Justine,14
CT,F,1997,Katharine,14
CT,F,1997,Kirsten,14
CT,F,1997,Kyra,14
CT,F,1997,Lydia,14
CT,F,1997,Mallory,14
CT,F,1997,Marina,14
CT,F,1997,Renee,14
CT,F,1997,Sofia,14
CT,F,1997,Tess,14
CT,F,1997,Adrianna,13
CT,F,1997,Alessandra,13
CT,F,1997,Claudia,13
CT,F,1997,Corinne,13
CT,F,1997,Jailene,13
CT,F,1997,Jazmin,13
CT,F,1997,Karen,13
CT,F,1997,Kasey,13
CT,F,1997,Kate,13
CT,F,1997,Kyla,13
CT,F,1997,Leslie,13
CT,F,1997,Nadia,13
CT,F,1997,Tianna,13
CT,F,1997,Ashleigh,12
CT,F,1997,Aubrey,12
CT,F,1997,Bryanna,12
CT,F,1997,Deja,12
CT,F,1997,Devon,12
CT,F,1997,Eleanor,12
CT,F,1997,Elena,12
CT,F,1997,Katrina,12
CT,F,1997,Krista,12
CT,F,1997,Krystal,12
CT,F,1997,Simone,12
CT,F,1997,Stefanie,12
CT,F,1997,Taryn,12
CT,F,1997,Tatyana,12
CT,F,1997,Alexus,11
CT,F,1997,Alice,11
CT,F,1997,Aliyah,11
CT,F,1997,Alize,11
CT,F,1997,Arielle,11
CT,F,1997,Brenna,11
CT,F,1997,Cristina,11
CT,F,1997,Dakota,11
CT,F,1997,Daniela,11
CT,F,1997,Ellen,11
CT,F,1997,Essence,11
CT,F,1997,Evelyn,11
CT,F,1997,Fiona,11
CT,F,1997,Jane,11
CT,F,1997,Katelynn,11
CT,F,1997,Pamela,11
CT,F,1997,Summer,11
CT,F,1997,Talia,11
CT,F,1997,Toni,11
CT,F,1997,Valerie,11
CT,F,1997,Alisha,10
CT,F,1997,Anastasia,10
CT,F,1997,Brandi,10
CT,F,1997,Carmen,10
CT,F,1997,Daisy,10
CT,F,1997,Delaney,10
CT,F,1997,Devin,10
CT,F,1997,Diamond,10
CT,F,1997,Heidi,10
CT,F,1997,Johanna,10
CT,F,1997,Juliette,10
CT,F,1997,Larissa,10
CT,F,1997,Mckenzie,10
CT,F,1997,Monique,10
CT,F,1997,Nancy,10
CT,F,1997,Paulina,10
CT,F,1997,Rose,10
CT,F,1997,Sasha,10
CT,F,1997,Shanice,10
CT,F,1997,Shayna,10
CT,F,1997,Tori,10
CT,F,1997,Alaina,9
CT,F,1997,Angel,9
CT,F,1997,Antonia,9
CT,F,1997,Barbara,9
CT,F,1997,Brenda,9
CT,F,1997,Carissa,9
CT,F,1997,Chelsey,9
CT,F,1997,Clare,9
CT,F,1997,Hunter,9
CT,F,1997,Jasmin,9
CT,F,1997,Jenny,9
CT,F,1997,Jessie,9
CT,F,1997,Lea,9
CT,F,1997,Mariana,9
CT,F,1997,Michele,9
CT,F,1997,Nyasia,9
CT,F,1997,Peyton,9
CT,F,1997,Regina,9
CT,F,1997,Skylar,9
CT,F,1997,Tiara,9
CT,F,1997,Yasmine,9
CT,F,1997,Adrienne,8
CT,F,1997,Aimee,8
CT,F,1997,Alyson,8
CT,F,1997,Anika,8
CT,F,1997,Ann,8
CT,F,1997,Annika,8
CT,F,1997,Carlie,8
CT,F,1997,Cassie,8
CT,F,1997,Cecilia,8
CT,F,1997,Chyna,8
CT,F,1997,Ciara,8
CT,F,1997,Daniella,8
CT,F,1997,Ebony,8
CT,F,1997,Elaine,8
CT,F,1997,Elisabeth,8
CT,F,1997,Helena,8
CT,F,1997,Janelle,8
CT,F,1997,Jill,8
CT,F,1997,Kali,8
CT,F,1997,Karissa,8
CT,F,1997,Karla,8
CT,F,1997,Kassidy,8
CT,F,1997,Kaylin,8
CT,F,1997,Kelsie,8
CT,F,1997,Kerry,8
CT,F,1997,Kiera,8
CT,F,1997,Miriam,8
CT,F,1997,Nikki,8
CT,F,1997,Noelle,8
CT,F,1997,Sadie,8
CT,F,1997,Sandra,8
CT,F,1997,Shayla,8
CT,F,1997,Skyler,8
CT,F,1997,Sonia,8
CT,F,1997,Whitney,8
CT,F,1997,Abbey,7
CT,F,1997,Alanna,7
CT,F,1997,Alondra,7
CT,F,1997,Alycia,7
CT,F,1997,Ashlyn,7
CT,F,1997,Callie,7
CT,F,1997,Camille,7
CT,F,1997,Celine,7
CT,F,1997,Cindy,7
CT,F,1997,Destiney,7
CT,F,1997,Emilee,7
CT,F,1997,Georgia,7
CT,F,1997,Iris,7
CT,F,1997,Jacquelyn,7
CT,F,1997,Jaime,7
CT,F,1997,Joanna,7
CT,F,1997,Joy,7
CT,F,1997,Kailey,7
CT,F,1997,Kaitlynn,7
CT,F,1997,Kasandra,7
CT,F,1997,Katerina,7
CT,F,1997,Kelley,7
CT,F,1997,Lena,7
CT,F,1997,Linda,7
CT,F,1997,Madelyn,7
CT,F,1997,Maeve,7
CT,F,1997,Makenzie,7
CT,F,1997,Mckayla,7
CT,F,1997,Nia,7
CT,F,1997,Nichole,7
CT,F,1997,Nikita,7
CT,F,1997,Nora,7
CT,F,1997,Payton,7
CT,F,1997,Priscilla,7
CT,F,1997,Raquel,7
CT,F,1997,Reilly,7
CT,F,1997,Ruth,7
CT,F,1997,Sharon,7
CT,F,1997,Shea,7
CT,F,1997,Sheila,7
CT,F,1997,Skye,7
CT,F,1997,Sylvia,7
CT,F,1997,Tina,7
CT,F,1997,Valeria,7
CT,F,1997,Wendy,7
CT,F,1997,Alena,6
CT,F,1997,Annalise,6
CT,F,1997,Annelise,6
CT,F,1997,Breana,6
CT,F,1997,Bria,6
CT,F,1997,Brianne,6
CT,F,1997,Carina,6
CT,F,1997,Carley,6
CT,F,1997,Carolina,6
CT,F,1997,Celeste,6
CT,F,1997,Celina,6
CT,F,1997,Chantel,6
CT,F,1997,Christiana,6
CT,F,1997,Cierra,6
CT,F,1997,Clarissa,6
CT,F,1997,Diane,6
CT,F,1997,Elisa,6
CT,F,1997,Gloria,6
CT,F,1997,Julianne,6
CT,F,1997,Julissa,6
CT,F,1997,Justice,6
CT,F,1997,Kacey,6
CT,F,1997,Kaela,6
CT,F,1997,Kailee,6
CT,F,1997,Kelli,6
CT,F,1997,Kiley,6
CT,F,1997,Kira,6
CT,F,1997,Kristie,6
CT,F,1997,Margot,6
CT,F,1997,Maura,6
CT,F,1997,Melinda,6
CT,F,1997,Nathalie,6
CT,F,1997,Nicolette,6
CT,F,1997,Pauline,6
CT,F,1997,Priya,6
CT,F,1997,Quinn,6
CT,F,1997,Raegan,6
CT,F,1997,Rosemary,6
CT,F,1997,Sage,6
CT,F,1997,Sally,6
CT,F,1997,Savanna,6
CT,F,1997,Shaina,6
CT,F,1997,Shania,6
CT,F,1997,Sidney,6
CT,F,1997,Susan,6
CT,F,1997,Tamara,6
CT,F,1997,Tamia,6
CT,F,1997,Teresa,6
CT,F,1997,Tia,6
CT,F,1997,Unique,6
CT,F,1997,Virginia,6
CT,F,1997,Zaria,6
CT,F,1997,Alejandra,5
CT,F,1997,Alina,5
CT,F,1997,Amani,5
CT,F,1997,Angelique,5
CT,F,1997,Anissa,5
CT,F,1997,Anita,5
CT,F,1997,Annie,5
CT,F,1997,Ashlee,5
CT,F,1997,Athena,5
CT,F,1997,Blair,5
CT,F,1997,Bridgette,5
CT,F,1997,Britney,5
CT,F,1997,Cailin,5
CT,F,1997,Cali,5
CT,F,1997,Candace,5
CT,F,1997,Carla,5
CT,F,1997,Carli,5
CT,F,1997,Carol,5
CT,F,1997,Carrie,5
CT,F,1997,Cayla,5
CT,F,1997,Caylin,5
CT,F,1997,Celia,5
CT,F,1997,Chanel,5
CT,F,1997,Christa,5
CT,F,1997,Christie,5
CT,F,1997,Daija,5
CT,F,1997,Damaris,5
CT,F,1997,Dasia,5
CT,F,1997,Deborah,5
CT,F,1997,Denise,5
CT,F,1997,Domonique,5
CT,F,1997,Elana,5
CT,F,1997,Ella,5
CT,F,1997,Ellie,5
CT,F,1997,Erinn,5
CT,F,1997,Frances,5
CT,F,1997,Halle,5
CT,F,1997,Idalis,5
CT,F,1997,Janessa,5
CT,F,1997,Jessenia,5
CT,F,1997,Josephine,5
CT,F,1997,Justina,5
CT,F,1997,Kaleigh,5
CT,F,1997,Karli,5
CT,F,1997,Kayley,5
CT,F,1997,Keila,5
CT,F,1997,Kennedy,5
CT,F,1997,Kimberley,5
CT,F,1997,Kristine,5
CT,F,1997,Leanne,5
CT,F,1997,Lia,5
CT,F,1997,Liliana,5
CT,F,1997,Lorena,5
CT,F,1997,Macie,5
CT,F,1997,Maia,5
CT,F,1997,Mairead,5
CT,F,1997,Martha,5
CT,F,1997,Mercedes,5
CT,F,1997,Micaela,5
CT,F,1997,Monika,5
CT,F,1997,Regan,5
CT,F,1997,Rhiannon,5
CT,F,1997,Rochelle,5
CT,F,1997,Rosa,5
CT,F,1997,Ryan,5
CT,F,1997,Sarina,5
CT,F,1997,Stephany,5
CT,F,1997,Suzanne,5
CT,F,1997,Sydnee,5
CT,F,1997,Tatiyana,5
CT,F,1997,Vivian,5
CT,F,1997,Yasmin,5
CT,F,1997,Yesenia,5
CT,F,1997,Zhane,5
CT,F,1998,Emily,347
CT,F,1998,Sarah,325
CT,F,1998,Samantha,267
CT,F,1998,Ashley,236
CT,F,1998,Julia,221
CT,F,1998,Jessica,211
CT,F,1998,Olivia,211
CT,F,1998,Nicole,209
CT,F,1998,Alyssa,203
CT,F,1998,Amanda,202
CT,F,1998,Elizabeth,201
CT,F,1998,Hannah,198
CT,F,1998,Taylor,198
CT,F,1998,Alexis,189
CT,F,1998,Rachel,188
CT,F,1998,Brianna,179
CT,F,1998,Megan,175
CT,F,1998,Lauren,174
CT,F,1998,Emma,169
CT,F,1998,Victoria,168
CT,F,1998,Alexandra,164
CT,F,1998,Madison,161
CT,F,1998,Kayla,150
CT,F,1998,Abigail,141
CT,F,1998,Rebecca,141
CT,F,1998,Katherine,135
CT,F,1998,Morgan,125
CT,F,1998,Jennifer,112
CT,F,1998,Allison,102
CT,F,1998,Natalie,102
CT,F,1998,Kaitlyn,101
CT,F,1998,Danielle,100
CT,F,1998,Anna,98
CT,F,1998,Stephanie,98
CT,F,1998,Jenna,95
CT,F,1998,Alexa,92
CT,F,1998,Caroline,92
CT,F,1998,Erin,90
CT,F,1998,Haley,88
CT,F,1998,Kelly,86
CT,F,1998,Brittany,85
CT,F,1998,Sara,85
CT,F,1998,Gabrielle,84
CT,F,1998,Destiny,82
CT,F,1998,Grace,82
CT,F,1998,Madeline,82
CT,F,1998,Melissa,79
CT,F,1998,Brooke,78
CT,F,1998,Christina,78
CT,F,1998,Amber,76
CT,F,1998,Cassandra,75
CT,F,1998,Catherine,75
CT,F,1998,Mackenzie,74
CT,F,1998,Gabriella,73
CT,F,1998,Shannon,72
CT,F,1998,Jasmine,71
CT,F,1998,Courtney,70
CT,F,1998,Mary,68
CT,F,1998,Meghan,67
CT,F,1998,Sophia,67
CT,F,1998,Sydney,66
CT,F,1998,Isabella,65
CT,F,1998,Laura,65
CT,F,1998,Briana,64
CT,F,1998,Jordan,64
CT,F,1998,Kelsey,64
CT,F,1998,Kathryn,63
CT,F,1998,Caitlin,61
CT,F,1998,Paige,60
CT,F,1998,Michelle,59
CT,F,1998,Marissa,58
CT,F,1998,Sabrina,58
CT,F,1998,Molly,57
CT,F,1998,Jillian,56
CT,F,1998,Amy,54
CT,F,1998,Kristen,54
CT,F,1998,Maria,54
CT,F,1998,Claire,52
CT,F,1998,Mariah,52
CT,F,1998,Kimberly,50
CT,F,1998,Leah,50
CT,F,1998,Erica,49
CT,F,1998,Heather,48
CT,F,1998,Katelyn,48
CT,F,1998,Lindsey,47
CT,F,1998,Isabel,45
CT,F,1998,Caitlyn,44
CT,F,1998,Jamie,44
CT,F,1998,Lindsay,44
CT,F,1998,Tiffany,44
CT,F,1998,Angela,42
CT,F,1998,Hailey,41
CT,F,1998,Jacqueline,41
CT,F,1998,Margaret,41
CT,F,1998,Vanessa,40
CT,F,1998,Chelsea,39
CT,F,1998,Melanie,39
CT,F,1998,Sierra,39
CT,F,1998,Alexandria,38
CT,F,1998,Carly,38
CT,F,1998,Isabelle,38
CT,F,1998,Nina,38
CT,F,1998,Chloe,37
CT,F,1998,Erika,37
CT,F,1998,Michaela,37
CT,F,1998,Diana,36
CT,F,1998,Tatiana,36
CT,F,1998,Gianna,35
CT,F,1998,Rachael,35
CT,F,1998,Zoe,35
CT,F,1998,Alicia,34
CT,F,1998,Autumn,34
CT,F,1998,Cheyenne,34
CT,F,1998,Miranda,34
CT,F,1998,Savannah,34
CT,F,1998,Angelica,33
CT,F,1998,Casey,33
CT,F,1998,Jocelyn,33
CT,F,1998,Maya,33
CT,F,1998,Ariana,32
CT,F,1998,Arianna,32
CT,F,1998,Crystal,32
CT,F,1998,Mikayla,32
CT,F,1998,Shelby,32
CT,F,1998,Jada,31
CT,F,1998,Kathleen,31
CT,F,1998,Bianca,30
CT,F,1998,Juliana,30
CT,F,1998,Alison,29
CT,F,1998,Andrea,29
CT,F,1998,Bridget,29
CT,F,1998,Cassidy,29
CT,F,1998,Veronica,29
CT,F,1998,Kaylee,28
CT,F,1998,Lydia,28
CT,F,1998,Cynthia,27
CT,F,1998,Julianna,27
CT,F,1998,Kate,27
CT,F,1998,Bailey,26
CT,F,1998,Charlotte,26
CT,F,1998,Dominique,26
CT,F,1998,Faith,26
CT,F,1998,Hayley,26
CT,F,1998,Kaitlin,26
CT,F,1998,Lily,26
CT,F,1998,Mia,26
CT,F,1998,Katie,25
CT,F,1998,Kylie,25
CT,F,1998,Deanna,24
CT,F,1998,Desiree,24
CT,F,1998,Gabriela,24
CT,F,1998,Kristina,24
CT,F,1998,Marisa,24
CT,F,1998,Monica,24
CT,F,1998,Audrey,23
CT,F,1998,Breanna,23
CT,F,1998,Brenna,23
CT,F,1998,Kiara,23
CT,F,1998,Lillian,23
CT,F,1998,Selena,23
CT,F,1998,Tara,23
CT,F,1998,Alana,22
CT,F,1998,Bethany,22
CT,F,1998,Christine,22
CT,F,1998,Colleen,22
CT,F,1998,Gina,22
CT,F,1998,Valerie,22
CT,F,1998,Amelia,21
CT,F,1998,Angelina,21
CT,F,1998,Ava,21
CT,F,1998,Brittney,21
CT,F,1998,Ciara,21
CT,F,1998,Gillian,21
CT,F,1998,Jade,21
CT,F,1998,Jasmin,21
CT,F,1998,Kara,21
CT,F,1998,Madeleine,21
CT,F,1998,Natasha,21
CT,F,1998,Sophie,21
CT,F,1998,Ariel,20
CT,F,1998,Claudia,20
CT,F,1998,Dana,20
CT,F,1998,Imani,20
CT,F,1998,Tessa,20
CT,F,1998,Carolyn,19
CT,F,1998,Kiana,19
CT,F,1998,Natalia,19
CT,F,1998,Skylar,19
CT,F,1998,Avery,18
CT,F,1998,Francesca,18
CT,F,1998,Kyra,18
CT,F,1998,Mercedes,18
CT,F,1998,Riley,18
CT,F,1998,Serena,18
CT,F,1998,Tatyana,18
CT,F,1998,Adrianna,17
CT,F,1998,Alexia,17
CT,F,1998,Anne,17
CT,F,1998,Cara,17
CT,F,1998,Diamond,17
CT,F,1998,Julianne,17
CT,F,1998,Karen,17
CT,F,1998,Kasey,17
CT,F,1998,Kristin,17
CT,F,1998,Sofia,17
CT,F,1998,Tiana,17
CT,F,1998,Adriana,16
CT,F,1998,Asia,16
CT,F,1998,Elise,16
CT,F,1998,Eliza,16
CT,F,1998,Hope,16
CT,F,1998,Katharine,16
CT,F,1998,Katrina,16
CT,F,1998,Kendra,16
CT,F,1998,Kirsten,16
CT,F,1998,Meagan,16
CT,F,1998,Patricia,16
CT,F,1998,Allyson,15
CT,F,1998,Alyson,15
CT,F,1998,Bryanna,15
CT,F,1998,Elena,15
CT,F,1998,Georgia,15
CT,F,1998,Hanna,15
CT,F,1998,Holly,15
CT,F,1998,Kailey,15
CT,F,1998,Kassandra,15
CT,F,1998,Kendall,15
CT,F,1998,Madelyn,15
CT,F,1998,Makayla,15
CT,F,1998,Renee,15
CT,F,1998,Aaliyah,14
CT,F,1998,Alexus,14
CT,F,1998,Ana,14
CT,F,1998,Cameron,14
CT,F,1998,Devon,14
CT,F,1998,Julie,14
CT,F,1998,Karina,14
CT,F,1998,Kayleigh,14
CT,F,1998,Krystal,14
CT,F,1998,Mallory,14
CT,F,1998,Mikaela,14
CT,F,1998,Mya,14
CT,F,1998,Naomi,14
CT,F,1998,Rebekah,14
CT,F,1998,Rose,14
CT,F,1998,Tabitha,14
CT,F,1998,Talia,14
CT,F,1998,Theresa,14
CT,F,1998,Anastasia,13
CT,F,1998,Callie,13
CT,F,1998,Cristina,13
CT,F,1998,Delaney,13
CT,F,1998,Eleanor,13
CT,F,1998,Essence,13
CT,F,1998,Helen,13
CT,F,1998,Jazmin,13
CT,F,1998,Mckenzie,13
CT,F,1998,Nyasia,13
CT,F,1998,Shayla,13
CT,F,1998,Simone,13
CT,F,1998,Teresa,13
CT,F,1998,Alessandra,12
CT,F,1998,Cierra,12
CT,F,1998,Clare,12
CT,F,1998,Daniella,12
CT,F,1998,Ellen,12
CT,F,1998,Genesis,12
CT,F,1998,Gloria,12
CT,F,1998,Hunter,12
CT,F,1998,Lea,12
CT,F,1998,Leslie,12
CT,F,1998,Lucy,12
CT,F,1998,Meredith,12
CT,F,1998,Nadia,12
CT,F,1998,Summer,12
CT,F,1998,Angelique,11
CT,F,1998,Corinne,11
CT,F,1998,Evelyn,11
CT,F,1998,Felicia,11
CT,F,1998,Helena,11
CT,F,1998,Justine,11
CT,F,1998,Kira,11
CT,F,1998,Lauryn,11
CT,F,1998,Marie,11
CT,F,1998,Monique,11
CT,F,1998,Reilly,11
CT,F,1998,Skyler,11
CT,F,1998,Tianna,11
CT,F,1998,Tori,11
CT,F,1998,Yasmin,11
CT,F,1998,Abbey,10
CT,F,1998,Alanna,10
CT,F,1998,Annie,10
CT,F,1998,Celeste,10
CT,F,1998,Clara,10
CT,F,1998,Daniela,10
CT,F,1998,Destinee,10
CT,F,1998,Elisabeth,10
CT,F,1998,Ella,10
CT,F,1998,Jaclyn,10
CT,F,1998,Jazmine,10
CT,F,1998,Johanna,10
CT,F,1998,Joselyn,10
CT,F,1998,Kaleigh,10
CT,F,1998,Karla,10
CT,F,1998,Katelynn,10
CT,F,1998,Krista,10
CT,F,1998,Kyla,10
CT,F,1998,Laurel,10
CT,F,1998,Lisa,10
CT,F,1998,Maggie,10
CT,F,1998,Meaghan,10
CT,F,1998,Micaela,10
CT,F,1998,Nikki,10
CT,F,1998,Pamela,10
CT,F,1998,Peyton,10
CT,F,1998,Phoebe,10
CT,F,1998,Rhiannon,10
CT,F,1998,Ruth,10
CT,F,1998,Sage,10
CT,F,1998,Tess,10
CT,F,1998,Thalia,10
CT,F,1998,Toni,10
CT,F,1998,Abby,9
CT,F,1998,Angel,9
CT,F,1998,Ashleigh,9
CT,F,1998,Barbara,9
CT,F,1998,Brenda,9
CT,F,1998,Deborah,9
CT,F,1998,Eva,9
CT,F,1998,Jailene,9
CT,F,1998,Jane,9
CT,F,1998,Jordyn,9
CT,F,1998,Kaila,9
CT,F,1998,Karissa,9
CT,F,1998,Linda,9
CT,F,1998,Michele,9
CT,F,1998,Nathalie,9
CT,F,1998,Noelle,9
CT,F,1998,Raven,9
CT,F,1998,Sadie,9
CT,F,1998,Sandra,9
CT,F,1998,Shania,9
CT,F,1998,Alaina,8
CT,F,1998,Alissa,8
CT,F,1998,Aliyah,8
CT,F,1998,Aubrey,8
CT,F,1998,Camryn,8
CT,F,1998,Carley,8
CT,F,1998,Cecilia,8
CT,F,1998,Cindy,8
CT,F,1998,Daisy,8
CT,F,1998,Daria,8
CT,F,1998,Devin,8
CT,F,1998,Elisa,8
CT,F,1998,Giselle,8
CT,F,1998,Haylee,8
CT,F,1998,Heidi,8
CT,F,1998,Jessie,8
CT,F,1998,Joanna,8
CT,F,1998,Josephine,8
CT,F,1998,Juliette,8
CT,F,1998,Kaitlynn,8
CT,F,1998,Lexi,8
CT,F,1998,Maia,8
CT,F,1998,Mckenna,8
CT,F,1998,Melody,8
CT,F,1998,Paulina,8
CT,F,1998,Stefanie,8
CT,F,1998,Susan,8
CT,F,1998,Tamara,8
CT,F,1998,Tyler,8
CT,F,1998,April,7
CT,F,1998,Armani,7
CT,F,1998,Athena,7
CT,F,1998,Ayanna,7
CT,F,1998,Brianne,7
CT,F,1998,Camille,7
CT,F,1998,Carli,7
CT,F,1998,Celina,7
CT,F,1998,Celine,7
CT,F,1998,Chyna,7
CT,F,1998,Clarissa,7
CT,F,1998,Deja,7
CT,F,1998,Elaine,7
CT,F,1998,Fiona,7
CT,F,1998,India,7
CT,F,1998,Jacquelyn,7
CT,F,1998,Janae,7
CT,F,1998,Katarina,7
CT,F,1998,Kellie,7
CT,F,1998,Kelsie,7
CT,F,1998,Larissa,7
CT,F,1998,Leanne,7
CT,F,1998,Liliana,7
CT,F,1998,Mariana,7
CT,F,1998,Maura,7
CT,F,1998,Monika,7
CT,F,1998,Nora,7
CT,F,1998,Paris,7
CT,F,1998,Priscilla,7
CT,F,1998,Sharon,7
CT,F,1998,Shea,7
CT,F,1998,Sonia,7
CT,F,1998,Tyra,7
CT,F,1998,Valentina,7
CT,F,1998,Aimee,6
CT,F,1998,Alice,6
CT,F,1998,Alisha,6
CT,F,1998,Allie,6
CT,F,1998,Ally,6
CT,F,1998,Amani,6
CT,F,1998,Ann,6
CT,F,1998,Anneliese,6
CT,F,1998,Ashanti,6
CT,F,1998,Ashlee,6
CT,F,1998,Brandy,6
CT,F,1998,Bridgette,6
CT,F,1998,Brigid,6
CT,F,1998,Caleigh,6
CT,F,1998,Carina,6
CT,F,1998,Chanelle,6
CT,F,1998,Christiana,6
CT,F,1998,Dejah,6
CT,F,1998,Donna,6
CT,F,1998,Eileen,6
CT,F,1998,Elyse,6
CT,F,1998,Emilie,6
CT,F,1998,Esther,6
CT,F,1998,Genevieve,6
CT,F,1998,Giovanna,6
CT,F,1998,Gwendolyn,6
CT,F,1998,Halle,6
CT,F,1998,Janet,6
CT,F,1998,Jessenia,6
CT,F,1998,Juliet,6
CT,F,1998,Kailyn,6
CT,F,1998,Kali,6
CT,F,1998,Katerina,6
CT,F,1998,Kennedy,6
CT,F,1998,Kiley,6
CT,F,1998,Kristine,6
CT,F,1998,Leann,6
CT,F,1998,Leila,6
CT,F,1998,Madisyn,6
CT,F,1998,Maegan,6
CT,F,1998,Mahogany,6
CT,F,1998,Marilyn,6
CT,F,1998,Mollie,6
CT,F,1998,Nicolette,6
CT,F,1998,Payton,6
CT,F,1998,Regan,6
CT,F,1998,Sasha,6
CT,F,1998,Selina,6
CT,F,1998,Shaina,6
CT,F,1998,Shawna,6
CT,F,1998,Shayna,6
CT,F,1998,Sidney,6
CT,F,1998,Tamia,6
CT,F,1998,Tatyanna,6
CT,F,1998,Yesenia,6
CT,F,1998,Abbie,5
CT,F,1998,Aida,5
CT,F,1998,Alia,5
CT,F,1998,Alize,5
CT,F,1998,Allegra,5
CT,F,1998,Anika,5
CT,F,1998,Annabelle,5
CT,F,1998,Annika,5
CT,F,1998,Antonia,5
CT,F,1998,Ashely,5
CT,F,1998,Ayana,5
CT,F,1998,Cailey,5
CT,F,1998,Cali,5
CT,F,1998,Carla,5
CT,F,1998,Carlie,5
CT,F,1998,Carmen,5
CT,F,1998,Casandra,5
CT,F,1998,Cassie,5
CT,F,1998,Chelsey,5
CT,F,1998,Christa,5
CT,F,1998,Connie,5
CT,F,1998,Denise,5
CT,F,1998,Eliana,5
CT,F,1998,Emely,5
CT,F,1998,Emilia,5
CT,F,1998,Eryn,5
CT,F,1998,Esmeralda,5
CT,F,1998,Haleigh,5
CT,F,1998,Hana,5
CT,F,1998,Iliana,5
CT,F,1998,Iman,5
CT,F,1998,Irene,5
CT,F,1998,Iris,5
CT,F,1998,Ivy,5
CT,F,1998,Janelle,5
CT,F,1998,Jenny,5
CT,F,1998,Joyce,5
CT,F,1998,Kailee,5
CT,F,1998,Kaley,5
CT,F,1998,Karli,5
CT,F,1998,Kassidy,5
CT,F,1998,Katlyn,5
CT,F,1998,Kaylie,5
CT,F,1998,Keishla,5
CT,F,1998,Kelley,5
CT,F,1998,Kenya,5
CT,F,1998,Kiera,5
CT,F,1998,Kiersten,5
CT,F,1998,Krysta,5
CT,F,1998,Madelynn,5
CT,F,1998,Marianna,5
CT,F,1998,Melinda,5
CT,F,1998,Nancy,5
CT,F,1998,Nia,5
CT,F,1998,Rosa,5
CT,F,1998,Samara,5
CT,F,1998,Samaria,5
CT,F,1998,Shyanne,5
CT,F,1998,Sylvia,5
CT,F,1998,Tanya,5
CT,F,1998,Tia,5
CT,F,1998,Tracy,5
CT,F,1998,Trisha,5
CT,F,1998,Vivian,5
CT,F,1998,Yasmine,5
CT,F,1998,Zaria,5
CT,F,1999,Emily,400
CT,F,1999,Sarah,296
CT,F,1999,Samantha,288
CT,F,1999,Julia,224
CT,F,1999,Emma,223
CT,F,1999,Ashley,222
CT,F,1999,Olivia,222
CT,F,1999,Jessica,221
CT,F,1999,Hannah,210
CT,F,1999,Alyssa,181
CT,F,1999,Elizabeth,180
CT,F,1999,Taylor,176
CT,F,1999,Brianna,174
CT,F,1999,Alexandra,173
CT,F,1999,Kayla,170
CT,F,1999,Lauren,170
CT,F,1999,Megan,167
CT,F,1999,Amanda,163
CT,F,1999,Nicole,159
CT,F,1999,Victoria,159
CT,F,1999,Madison,158
CT,F,1999,Rachel,156
CT,F,1999,Abigail,150
CT,F,1999,Alexis,143
CT,F,1999,Katherine,141
CT,F,1999,Grace,140
CT,F,1999,Rebecca,131
CT,F,1999,Morgan,109
CT,F,1999,Jennifer,101
CT,F,1999,Anna,100
CT,F,1999,Kaitlyn,97
CT,F,1999,Natalie,97
CT,F,1999,Sydney,97
CT,F,1999,Jenna,96
CT,F,1999,Danielle,95
CT,F,1999,Allison,89
CT,F,1999,Erin,89
CT,F,1999,Isabella,89
CT,F,1999,Stephanie,87
CT,F,1999,Caroline,85
CT,F,1999,Destiny,84
CT,F,1999,Gabrielle,83
CT,F,1999,Sara,83
CT,F,1999,Courtney,79
CT,F,1999,Alexa,77
CT,F,1999,Jordan,75
CT,F,1999,Gabriella,72
CT,F,1999,Haley,71
CT,F,1999,Shannon,71
CT,F,1999,Brittany,69
CT,F,1999,Catherine,69
CT,F,1999,Kelly,69
CT,F,1999,Amber,68
CT,F,1999,Mary,68
CT,F,1999,Molly,68
CT,F,1999,Kiara,67
CT,F,1999,Mackenzie,67
CT,F,1999,Christina,65
CT,F,1999,Jasmine,65
CT,F,1999,Marissa,64
CT,F,1999,Jillian,63
CT,F,1999,Briana,62
CT,F,1999,Michelle,62
CT,F,1999,Sophia,62
CT,F,1999,Margaret,59
CT,F,1999,Madeline,57
CT,F,1999,Meghan,56
CT,F,1999,Lindsey,54
CT,F,1999,Kimberly,53
CT,F,1999,Cassandra,51
CT,F,1999,Melissa,51
CT,F,1999,Chloe,50
CT,F,1999,Sabrina,49
CT,F,1999,Kelsey,48
CT,F,1999,Melanie,48
CT,F,1999,Brooke,47
CT,F,1999,Katelyn,47
CT,F,1999,Lily,47
CT,F,1999,Kathryn,46
CT,F,1999,Lindsay,46
CT,F,1999,Paige,46
CT,F,1999,Mariah,45
CT,F,1999,Mia,45
CT,F,1999,Caitlin,43
CT,F,1999,Jacqueline,43
CT,F,1999,Maya,43
CT,F,1999,Vanessa,43
CT,F,1999,Maria,42
CT,F,1999,Tatiana,41
CT,F,1999,Zoe,41
CT,F,1999,Casey,40
CT,F,1999,Cassidy,40
CT,F,1999,Isabel,40
CT,F,1999,Angela,39
CT,F,1999,Claire,39
CT,F,1999,Jamie,39
CT,F,1999,Laura,39
CT,F,1999,Mikayla,39
CT,F,1999,Sophie,38
CT,F,1999,Charlotte,37
CT,F,1999,Heather,37
CT,F,1999,Caitlyn,36
CT,F,1999,Erica,36
CT,F,1999,Shelby,36
CT,F,1999,Tiffany,36
CT,F,1999,Andrea,35
CT,F,1999,Michaela,35
CT,F,1999,Veronica,35
CT,F,1999,Ariana,34
CT,F,1999,Carly,34
CT,F,1999,Hailey,34
CT,F,1999,Juliana,34
CT,F,1999,Kaylee,34
CT,F,1999,Kristen,34
CT,F,1999,Leah,34
CT,F,1999,Makayla,34
CT,F,1999,Erika,33
CT,F,1999,Nina,33
CT,F,1999,Skylar,33
CT,F,1999,Amy,32
CT,F,1999,Crystal,32
CT,F,1999,Hayley,32
CT,F,1999,Kylie,32
CT,F,1999,Sierra,32
CT,F,1999,Alicia,31
CT,F,1999,Bianca,31
CT,F,1999,Bridget,31
CT,F,1999,Katie,31
CT,F,1999,Arianna,30
CT,F,1999,Savannah,30
CT,F,1999,Alexandria,28
CT,F,1999,Autumn,28
CT,F,1999,Camryn,27
CT,F,1999,Faith,27
CT,F,1999,Gillian,27
CT,F,1999,Jada,27
CT,F,1999,Kate,27
CT,F,1999,Chelsea,26
CT,F,1999,Isabelle,26
CT,F,1999,Jocelyn,26
CT,F,1999,Riley,26
CT,F,1999,Amelia,25
CT,F,1999,Cheyenne,25
CT,F,1999,Desiree,25
CT,F,1999,Julie,25
CT,F,1999,Miranda,25
CT,F,1999,Naomi,25
CT,F,1999,Sofia,25
CT,F,1999,Audrey,24
CT,F,1999,Christine,24
CT,F,1999,Gabriela,24
CT,F,1999,Kathleen,23
CT,F,1999,Natalia,23
CT,F,1999,Natasha,23
CT,F,1999,Shania,23
CT,F,1999,Angelica,22
CT,F,1999,Bailey,22
CT,F,1999,Brittney,22
CT,F,1999,Claudia,22
CT,F,1999,Diana,22
CT,F,1999,Elena,22
CT,F,1999,Gianna,22
CT,F,1999,Lydia,22
CT,F,1999,Madeleine,22
CT,F,1999,Monique,22
CT,F,1999,Rachael,22
CT,F,1999,Alison,21
CT,F,1999,Ava,21
CT,F,1999,Cara,21
CT,F,1999,Colleen,21
CT,F,1999,Francesca,21
CT,F,1999,Genesis,21
CT,F,1999,Kaitlin,21
CT,F,1999,Kristina,21
CT,F,1999,Lillian,21
CT,F,1999,Monica,21
CT,F,1999,Rebekah,21
CT,F,1999,Breanna,20
CT,F,1999,Karina,20
CT,F,1999,Tiana,20
CT,F,1999,Adriana,19
CT,F,1999,Bryanna,19
CT,F,1999,Deanna,19
CT,F,1999,Diamond,19
CT,F,1999,Elise,19
CT,F,1999,Georgia,19
CT,F,1999,Gina,19
CT,F,1999,Jordyn,19
CT,F,1999,Kara,19
CT,F,1999,Kendra,19
CT,F,1999,Kiana,19
CT,F,1999,Madelyn,19
CT,F,1999,Marisa,19
CT,F,1999,Mya,19
CT,F,1999,Selena,19
CT,F,1999,Tatyana,19
CT,F,1999,Hanna,18
CT,F,1999,Hope,18
CT,F,1999,Julianna,18
CT,F,1999,Kayleigh,18
CT,F,1999,Lisa,18
CT,F,1999,Marina,18
CT,F,1999,Rose,18
CT,F,1999,Valerie,18
CT,F,1999,Allyson,17
CT,F,1999,Angelina,17
CT,F,1999,Avery,17
CT,F,1999,Jade,17
CT,F,1999,Kristin,17
CT,F,1999,Kyra,17
CT,F,1999,Maggie,17
CT,F,1999,Anne,16
CT,F,1999,Cynthia,16
CT,F,1999,Delaney,16
CT,F,1999,Evelyn,16
CT,F,1999,Karen,16
CT,F,1999,Katrina,16
CT,F,1999,Lucy,16
CT,F,1999,Meredith,16
CT,F,1999,Renee,16
CT,F,1999,Alexia,15
CT,F,1999,Anastasia,15
CT,F,1999,Camille,15
CT,F,1999,Ciara,15
CT,F,1999,Daisy,15
CT,F,1999,Felicia,15
CT,F,1999,Jane,15
CT,F,1999,Justine,15
CT,F,1999,Kailey,15
CT,F,1999,Maeve,15
CT,F,1999,Skyler,15
CT,F,1999,Alessandra,14
CT,F,1999,Ana,14
CT,F,1999,Asia,14
CT,F,1999,Brenna,14
CT,F,1999,Britney,14
CT,F,1999,Callie,14
CT,F,1999,Cameron,14
CT,F,1999,Carolyn,14
CT,F,1999,Dana,14
CT,F,1999,Dominique,14
CT,F,1999,Eleanor,14
CT,F,1999,Fiona,14
CT,F,1999,Holly,14
CT,F,1999,Lauryn,14
CT,F,1999,Tara,14
CT,F,1999,Tessa,14
CT,F,1999,Abby,13
CT,F,1999,Alana,13
CT,F,1999,Alissa,13
CT,F,1999,Angel,13
CT,F,1999,April,13
CT,F,1999,Barbara,13
CT,F,1999,Bethany,13
CT,F,1999,Carissa,13
CT,F,1999,Kyla,13
CT,F,1999,Mallory,13
CT,F,1999,Mckenna,13
CT,F,1999,Mckenzie,13
CT,F,1999,Talia,13
CT,F,1999,Clare,12
CT,F,1999,Esther,12
CT,F,1999,Eva,12
CT,F,1999,Jazmin,12
CT,F,1999,Kirsten,12
CT,F,1999,Leslie,12
CT,F,1999,Shayna,12
CT,F,1999,Thalia,12
CT,F,1999,Tia,12
CT,F,1999,Aliyah,11
CT,F,1999,Ally,11
CT,F,1999,Angelique,11
CT,F,1999,Ariel,11
CT,F,1999,Arielle,11
CT,F,1999,Caleigh,11
CT,F,1999,Cayla,11
CT,F,1999,Celeste,11
CT,F,1999,Elisabeth,11
CT,F,1999,Imani,11
CT,F,1999,Jasmin,11
CT,F,1999,Joanna,11
CT,F,1999,Kassandra,11
CT,F,1999,Krystal,11
CT,F,1999,Maia,11
CT,F,1999,Mariana,11
CT,F,1999,Mikaela,11
CT,F,1999,Nadia,11
CT,F,1999,Noelle,11
CT,F,1999,Patricia,11
CT,F,1999,Peyton,11
CT,F,1999,Phoebe,11
CT,F,1999,Sage,11
CT,F,1999,Skye,11
CT,F,1999,Tianna,11
CT,F,1999,Virginia,11
CT,F,1999,Adrianna,10
CT,F,1999,Annie,10
CT,F,1999,Corinne,10
CT,F,1999,Julianne,10
CT,F,1999,Kaitlynn,10
CT,F,1999,Katharine,10
CT,F,1999,Kendall,10
CT,F,1999,Kiley,10
CT,F,1999,Krista,10
CT,F,1999,Lexi,10
CT,F,1999,Meaghan,10
CT,F,1999,Miriam,10
CT,F,1999,Serena,10
CT,F,1999,Sharon,10
CT,F,1999,Summer,10
CT,F,1999,Tamia,10
CT,F,1999,Aaliyah,9
CT,F,1999,Abbey,9
CT,F,1999,Alivia,9
CT,F,1999,Aliza,9
CT,F,1999,Ashlee,9
CT,F,1999,Carina,9
CT,F,1999,Carley,9
CT,F,1999,Clara,9
CT,F,1999,Cristina,9
CT,F,1999,Deja,9
CT,F,1999,Destinee,9
CT,F,1999,Devin,9
CT,F,1999,Eve,9
CT,F,1999,Hallie,9
CT,F,1999,Irene,9
CT,F,1999,Jaclyn,9
CT,F,1999,Juliet,9
CT,F,1999,Julissa,9
CT,F,1999,Kaleigh,9
CT,F,1999,Karla,9
CT,F,1999,Kellie,9
CT,F,1999,Kerry,9
CT,F,1999,Kylee,9
CT,F,1999,Lyndsey,9
CT,F,1999,Melina,9
CT,F,1999,Precious,9
CT,F,1999,Ryan,9
CT,F,1999,Shanice,9
CT,F,1999,Susan,9
CT,F,1999,Theresa,9
CT,F,1999,Trinity,9
CT,F,1999,Tyra,9
CT,F,1999,Whitney,9
CT,F,1999,Alaina,8
CT,F,1999,Alexus,8
CT,F,1999,Allie,8
CT,F,1999,Alyson,8
CT,F,1999,Ashleigh,8
CT,F,1999,Celine,8
CT,F,1999,Chyna,8
CT,F,1999,Dakota,8
CT,F,1999,Daniela,8
CT,F,1999,Daniella,8
CT,F,1999,Devon,8
CT,F,1999,Essence,8
CT,F,1999,Heidi,8
CT,F,1999,India,8
CT,F,1999,Isis,8
CT,F,1999,Jailene,8
CT,F,1999,Jaime,8
CT,F,1999,Janessa,8
CT,F,1999,Jenny,8
CT,F,1999,Kasey,8
CT,F,1999,Katelynn,8
CT,F,1999,Kaylie,8
CT,F,1999,Kierra,8
CT,F,1999,Lesly,8
CT,F,1999,Liana,8
CT,F,1999,Lila,8
CT,F,1999,Liliana,8
CT,F,1999,Lilly,8
CT,F,1999,Logan,8
CT,F,1999,Marie,8
CT,F,1999,Nicolette,8
CT,F,1999,Nora,8
CT,F,1999,Nyasia,8
CT,F,1999,Savanna,8
CT,F,1999,Tabitha,8
CT,F,1999,Tyler,8
CT,F,1999,Aimee,7
CT,F,1999,Ann,7
CT,F,1999,Brandi,7
CT,F,1999,Carlie,7
CT,F,1999,Celia,7
CT,F,1999,Cindy,7
CT,F,1999,Elaine,7
CT,F,1999,Elyssa,7
CT,F,1999,Emilee,7
CT,F,1999,Felicity,7
CT,F,1999,Giuliana,7
CT,F,1999,Helen,7
CT,F,1999,Iris,7
CT,F,1999,Ivy,7
CT,F,1999,Jazmine,7
CT,F,1999,Jeanette,7
CT,F,1999,Joelle,7
CT,F,1999,Johanna,7
CT,F,1999,Kailee,7
CT,F,1999,Kali,7
CT,F,1999,Kamryn,7
CT,F,1999,Kassidy,7
CT,F,1999,Kiera,7
CT,F,1999,Kira,7
CT,F,1999,Lena,7
CT,F,1999,Lexie,7
CT,F,1999,Lia,7
CT,F,1999,Linda,7
CT,F,1999,Micaela,7
CT,F,1999,Rhiannon,7
CT,F,1999,Rylee,7
CT,F,1999,Sadie,7
CT,F,1999,Sarina,7
CT,F,1999,Selina,7
CT,F,1999,Sonia,7
CT,F,1999,Tamara,7
CT,F,1999,Taryn,7
CT,F,1999,Tatianna,7
CT,F,1999,Tori,7
CT,F,1999,Valeria,7
CT,F,1999,Adrienne,6
CT,F,1999,Alize,6
CT,F,1999,Alysha,6
CT,F,1999,Amani,6
CT,F,1999,Amaya,6
CT,F,1999,Amina,6
CT,F,1999,Annika,6
CT,F,1999,Antonia,6
CT,F,1999,Anya,6
CT,F,1999,Ayanna,6
CT,F,1999,Brenda,6
CT,F,1999,Calista,6
CT,F,1999,Cheryl,6
CT,F,1999,Chyanne,6
CT,F,1999,Colby,6
CT,F,1999,Damaris,6
CT,F,1999,Deborah,6
CT,F,1999,Delilah,6
CT,F,1999,Eden,6
CT,F,1999,Ellen,6
CT,F,1999,Emani,6
CT,F,1999,Emely,6
CT,F,1999,Frances,6
CT,F,1999,Giana,6
CT,F,1999,Gloria,6
CT,F,1999,Haylee,6
CT,F,1999,Hunter,6
CT,F,1999,Jacquelyn,6
CT,F,1999,Jazlyn,6
CT,F,1999,Josie,6
CT,F,1999,Katerina,6
CT,F,1999,Kaylah,6
CT,F,1999,Keara,6
CT,F,1999,Kelsie,6
CT,F,1999,Kennedy,6
CT,F,1999,Lacey,6
CT,F,1999,Lea,6
CT,F,1999,Makenna,6
CT,F,1999,Makenzie,6
CT,F,1999,Maura,6
CT,F,1999,Melinda,6
CT,F,1999,Melody,6
CT,F,1999,Nancy,6
CT,F,1999,Nikki,6
CT,F,1999,Pamela,6
CT,F,1999,Paris,6
CT,F,1999,Paulina,6
CT,F,1999,Payton,6
CT,F,1999,Raven,6
CT,F,1999,Regina,6
CT,F,1999,Rosa,6
CT,F,1999,Ruby,6
CT,F,1999,Ruth,6
CT,F,1999,Shayla,6
CT,F,1999,Sheila,6
CT,F,1999,Suzanne,6
CT,F,1999,Unique,6
CT,F,1999,Aisha,5
CT,F,1999,Alejandra,5
CT,F,1999,Aleksandra,5
CT,F,1999,Angie,5
CT,F,1999,Anika,5
CT,F,1999,Anjali,5
CT,F,1999,Annalise,5
CT,F,1999,Ashlyn,5
CT,F,1999,Aubrey,5
CT,F,1999,Audra,5
CT,F,1999,Breana,5
CT,F,1999,Bria,5
CT,F,1999,Brynn,5
CT,F,1999,Campbell,5
CT,F,1999,Candace,5
CT,F,1999,Carla,5
CT,F,1999,Carmen,5
CT,F,1999,Carol,5
CT,F,1999,Carolina,5
CT,F,1999,Cassie,5
CT,F,1999,Celina,5
CT,F,1999,Christiana,5
CT,F,1999,Cierra,5
CT,F,1999,Colette,5
CT,F,1999,Daria,5
CT,F,1999,Delia,5
CT,F,1999,Dina,5
CT,F,1999,Eleni,5
CT,F,1999,Elisa,5
CT,F,1999,Elissa,5
CT,F,1999,Eliza,5
CT,F,1999,Ella,5
CT,F,1999,Fatima,5
CT,F,1999,Genevieve,5
CT,F,1999,Giselle,5
CT,F,1999,Gwyneth,5
CT,F,1999,Heaven,5
CT,F,1999,Jaida,5
CT,F,1999,Janae,5
CT,F,1999,Janaya,5
CT,F,1999,Janet,5
CT,F,1999,Jayda,5
CT,F,1999,Jaylene,5
CT,F,1999,Jewel,5
CT,F,1999,Karissa,5
CT,F,1999,Katarina,5
CT,F,1999,Kaya,5
CT,F,1999,Kaylin,5
CT,F,1999,Kelli,5
CT,F,1999,Keri,5
CT,F,1999,Kiersten,5
CT,F,1999,Larissa,5
CT,F,1999,Leann,5
CT,F,1999,Loren,5
CT,F,1999,Lucia,5
CT,F,1999,Lucie,5
CT,F,1999,Luz,5
CT,F,1999,Marielle,5
CT,F,1999,Marlene,5
CT,F,1999,Melisa,5
CT,F,1999,Mickayla,5
CT,F,1999,Nathalie,5
CT,F,1999,Priscilla,5
CT,F,1999,Rachelle,5
CT,F,1999,Raina,5
CT,F,1999,Reilly,5
CT,F,1999,Rosemary,5
CT,F,1999,Shaina,5
CT,F,1999,Shanelle,5
CT,F,1999,Shauna,5
CT,F,1999,Sidney,5
CT,F,1999,Siena,5
CT,F,1999,Simone,5
CT,F,1999,Taina,5
CT,F,1999,Teagan,5
CT,F,1999,Tiara,5
CT,F,1999,Valentina,5
CT,F,1999,Vivian,5
CT,F,1999,Xiomara,5
CT,F,1999,Zaria,5
CT,F,2000,Emily,335
CT,F,2000,Sarah,258
CT,F,2000,Samantha,254
CT,F,2000,Olivia,252
CT,F,2000,Hannah,241
CT,F,2000,Julia,219
CT,F,2000,Ashley,203
CT,F,2000,Madison,199
CT,F,2000,Jessica,197
CT,F,2000,Emma,193
CT,F,2000,Elizabeth,190
CT,F,2000,Lauren,183
CT,F,2000,Alyssa,178
CT,F,2000,Grace,173
CT,F,2000,Kayla,171
CT,F,2000,Amanda,168
CT,F,2000,Victoria,165
CT,F,2000,Brianna,164
CT,F,2000,Abigail,162
CT,F,2000,Alexandra,158
CT,F,2000,Nicole,155
CT,F,2000,Katherine,151
CT,F,2000,Taylor,149
CT,F,2000,Alexis,143
CT,F,2000,Megan,140
CT,F,2000,Rachel,135
CT,F,2000,Caroline,125
CT,F,2000,Sydney,124
CT,F,2000,Sophia,112
CT,F,2000,Anna,111
CT,F,2000,Rebecca,111
CT,F,2000,Isabella,108
CT,F,2000,Erin,100
CT,F,2000,Destiny,99
CT,F,2000,Morgan,98
CT,F,2000,Gabrielle,92
CT,F,2000,Kaitlyn,90
CT,F,2000,Jennifer,87
CT,F,2000,Natalie,87
CT,F,2000,Jenna,83
CT,F,2000,Stephanie,83
CT,F,2000,Alexa,81
CT,F,2000,Allison,81
CT,F,2000,Haley,80
CT,F,2000,Caitlin,75
CT,F,2000,Molly,74
CT,F,2000,Danielle,73
CT,F,2000,Christina,72
CT,F,2000,Madeline,72
CT,F,2000,Kelly,71
CT,F,2000,Gabriella,70
CT,F,2000,Brooke,68
CT,F,2000,Sara,67
CT,F,2000,Mary,66
CT,F,2000,Catherine,65
CT,F,2000,Jasmine,61
CT,F,2000,Jillian,61
CT,F,2000,Mackenzie,61
CT,F,2000,Marissa,61
CT,F,2000,Lily,60
CT,F,2000,Margaret,59
CT,F,2000,Chloe,58
CT,F,2000,Maria,58
CT,F,2000,Paige,56
CT,F,2000,Ariana,55
CT,F,2000,Hailey,55
CT,F,2000,Amber,54
CT,F,2000,Kathryn,53
CT,F,2000,Michelle,53
CT,F,2000,Sierra,53
CT,F,2000,Cassandra,52
CT,F,2000,Sophie,52
CT,F,2000,Claire,51
CT,F,2000,Carly,50
CT,F,2000,Shannon,50
CT,F,2000,Courtney,49
CT,F,2000,Erica,49
CT,F,2000,Katelyn,48
CT,F,2000,Meghan,48
CT,F,2000,Vanessa,47
CT,F,2000,Heather,46
CT,F,2000,Isabel,46
CT,F,2000,Leah,45
CT,F,2000,Melissa,45
CT,F,2000,Isabelle,43
CT,F,2000,Jacqueline,43
CT,F,2000,Laura,43
CT,F,2000,Maya,43
CT,F,2000,Ava,42
CT,F,2000,Jordan,42
CT,F,2000,Briana,41
CT,F,2000,Kelsey,41
CT,F,2000,Lindsey,41
CT,F,2000,Savannah,41
CT,F,2000,Zoe,41
CT,F,2000,Hayley,40
CT,F,2000,Sabrina,40
CT,F,2000,Angela,39
CT,F,2000,Melanie,39
CT,F,2000,Kaylee,38
CT,F,2000,Mia,38
CT,F,2000,Arianna,37
CT,F,2000,Jada,37
CT,F,2000,Kimberly,37
CT,F,2000,Kristen,37
CT,F,2000,Mariah,37
CT,F,2000,Kiara,36
CT,F,2000,Tatiana,36
CT,F,2000,Cassidy,35
CT,F,2000,Charlotte,35
CT,F,2000,Madelyn,35
CT,F,2000,Amy,34
CT,F,2000,Lindsay,34
CT,F,2000,Angelina,33
CT,F,2000,Brittany,33
CT,F,2000,Juliana,33
CT,F,2000,Michaela,33
CT,F,2000,Autumn,32
CT,F,2000,Gabriela,32
CT,F,2000,Makayla,32
CT,F,2000,Amelia,31
CT,F,2000,Faith,31
CT,F,2000,Kate,31
CT,F,2000,Nina,31
CT,F,2000,Veronica,30
CT,F,2000,Chelsea,29
CT,F,2000,Gianna,29
CT,F,2000,Jamie,29
CT,F,2000,Kathleen,29
CT,F,2000,Mikayla,29
CT,F,2000,Sofia,29
CT,F,2000,Tiffany,29
CT,F,2000,Cheyenne,28
CT,F,2000,Natalia,28
CT,F,2000,Alexandria,27
CT,F,2000,Alison,27
CT,F,2000,Jocelyn,27
CT,F,2000,Kendall,27
CT,F,2000,Lillian,27
CT,F,2000,Skylar,27
CT,F,2000,Audrey,26
CT,F,2000,Bridget,26
CT,F,2000,Cameron,26
CT,F,2000,Erika,26
CT,F,2000,Kaitlin,26
CT,F,2000,Trinity,26
CT,F,2000,Caitlyn,25
CT,F,2000,Carolyn,25
CT,F,2000,Christine,25
CT,F,2000,Naomi,25
CT,F,2000,Riley,25
CT,F,2000,Adriana,24
CT,F,2000,Alana,24
CT,F,2000,Andrea,24
CT,F,2000,Colleen,24
CT,F,2000,Julianna,24
CT,F,2000,Alexia,23
CT,F,2000,Angelica,23
CT,F,2000,Britney,23
CT,F,2000,Camryn,23
CT,F,2000,Casey,23
CT,F,2000,Elena,23
CT,F,2000,Kayleigh,23
CT,F,2000,Tessa,23
CT,F,2000,Avery,22
CT,F,2000,Bianca,22
CT,F,2000,Eliza,22
CT,F,2000,Maeve,22
CT,F,2000,Alicia,21
CT,F,2000,Desiree,21
CT,F,2000,Gillian,21
CT,F,2000,Hope,21
CT,F,2000,Katie,21
CT,F,2000,Rachael,21
CT,F,2000,Serena,21
CT,F,2000,Shelby,21
CT,F,2000,Imani,20
CT,F,2000,Amaya,19
CT,F,2000,Breanna,19
CT,F,2000,Ella,19
CT,F,2000,Gina,19
CT,F,2000,Holly,19
CT,F,2000,Jade,19
CT,F,2000,Julie,19
CT,F,2000,Kiana,19
CT,F,2000,Kristina,19
CT,F,2000,Miranda,19
CT,F,2000,Selena,19
CT,F,2000,Valerie,19
CT,F,2000,Anne,18
CT,F,2000,Brittney,18
CT,F,2000,Kara,18
CT,F,2000,Katrina,18
CT,F,2000,Kendra,18
CT,F,2000,Madeleine,18
CT,F,2000,Maggie,18
CT,F,2000,Mallory,18
CT,F,2000,Marisa,18
CT,F,2000,Mya,18
CT,F,2000,Phoebe,18
CT,F,2000,Aliyah,17
CT,F,2000,Brenna,17
CT,F,2000,Clare,17
CT,F,2000,Delaney,17
CT,F,2000,Eleanor,17
CT,F,2000,Elise,17
CT,F,2000,Hanna,17
CT,F,2000,Leslie,17
CT,F,2000,Patricia,17
CT,F,2000,Asia,16
CT,F,2000,Ayanna,16
CT,F,2000,Bailey,16
CT,F,2000,Eva,16
CT,F,2000,Genesis,16
CT,F,2000,Kassandra,16
CT,F,2000,Krystal,16
CT,F,2000,Nia,16
CT,F,2000,Anastasia,15
CT,F,2000,Bethany,15
CT,F,2000,Cara,15
CT,F,2000,Monica,15
CT,F,2000,Nadia,15
CT,F,2000,Payton,15
CT,F,2000,Raven,15
CT,F,2000,Summer,15
CT,F,2000,Tara,15
CT,F,2000,Aaliyah,14
CT,F,2000,Alessandra,14
CT,F,2000,Carmen,14
CT,F,2000,Ciara,14
CT,F,2000,Claudia,14
CT,F,2000,Daniela,14
CT,F,2000,Diana,14
CT,F,2000,Francesca,14
CT,F,2000,Kaleigh,14
CT,F,2000,Lauryn,14
CT,F,2000,Lydia,14
CT,F,2000,Mckenzie,14
CT,F,2000,Natasha,14
CT,F,2000,Nora,14
CT,F,2000,Thalia,14
CT,F,2000,Tiana,14
CT,F,2000,Adrianna,13
CT,F,2000,Annie,13
CT,F,2000,Elisabeth,13
CT,F,2000,Emilia,13
CT,F,2000,Evelyn,13
CT,F,2000,Fiona,13
CT,F,2000,Jane,13
CT,F,2000,Jayda,13
CT,F,2000,Kyla,13
CT,F,2000,Kylie,13
CT,F,2000,Marie,13
CT,F,2000,Meredith,13
CT,F,2000,Rose,13
CT,F,2000,Shea,13
CT,F,2000,Abby,12
CT,F,2000,Allyson,12
CT,F,2000,Ana,12
CT,F,2000,Annabel,12
CT,F,2000,Ariel,12
CT,F,2000,Daisy,12
CT,F,2000,Dakota,12
CT,F,2000,Georgia,12
CT,F,2000,Jordyn,12
CT,F,2000,Lucy,12
CT,F,2000,Marina,12
CT,F,2000,Nyasia,12
CT,F,2000,Renee,12
CT,F,2000,Tabitha,12
CT,F,2000,Tess,12
CT,F,2000,Cynthia,11
CT,F,2000,Dana,11
CT,F,2000,Diamond,11
CT,F,2000,Dominique,11
CT,F,2000,Halle,11
CT,F,2000,Karen,11
CT,F,2000,Maura,11
CT,F,2000,Mikaela,11
CT,F,2000,Skyler,11
CT,F,2000,Alissa,10
CT,F,2000,Aryanna,10
CT,F,2000,Cassie,10
CT,F,2000,Cristina,10
CT,F,2000,Deanna,10
CT,F,2000,Devin,10
CT,F,2000,Felicia,10
CT,F,2000,Heidi,10
CT,F,2000,Jacquelyn,10
CT,F,2000,Jazmine,10
CT,F,2000,Kailey,10
CT,F,2000,Karina,10
CT,F,2000,Kaylin,10
CT,F,2000,Krista,10
CT,F,2000,Lexi,10
CT,F,2000,Rebekah,10
CT,F,2000,Rhiannon,10
CT,F,2000,Ryan,10
CT,F,2000,Sadie,10
CT,F,2000,Shania,10
CT,F,2000,Teresa,10
CT,F,2000,Tianna,10
CT,F,2000,Camille,9
CT,F,2000,Cindy,9
CT,F,2000,Corinne,9
CT,F,2000,Crystal,9
CT,F,2000,Eileen,9
CT,F,2000,Ellen,9
CT,F,2000,Ellie,9
CT,F,2000,Greta,9
CT,F,2000,Ivy,9
CT,F,2000,Jaida,9
CT,F,2000,Jessie,9
CT,F,2000,Joanna,9
CT,F,2000,Josephine,9
CT,F,2000,Kasey,9
CT,F,2000,Katerina,9
CT,F,2000,Lia,9
CT,F,2000,Lisa,9
CT,F,2000,Mckayla,9
CT,F,2000,Meagan,9
CT,F,2000,Monique,9
CT,F,2000,Ruby,9
CT,F,2000,Ruth,9
CT,F,2000,Sandra,9
CT,F,2000,Shayla,9
CT,F,2000,Shayna,9
CT,F,2000,Tamara,9
CT,F,2000,Tatyana,9
CT,F,2000,Alaina,8
CT,F,2000,Angel,8
CT,F,2000,Annabelle,8
CT,F,2000,Annalise,8
CT,F,2000,April,8
CT,F,2000,Ashlee,8
CT,F,2000,Barbara,8
CT,F,2000,Cora,8
CT,F,2000,Daniella,8
CT,F,2000,Deja,8
CT,F,2000,Emilie,8
CT,F,2000,Essence,8
CT,F,2000,Jazmin,8
CT,F,2000,Juliette,8
CT,F,2000,Katelynn,8
CT,F,2000,Kira,8
CT,F,2000,Kirsten,8
CT,F,2000,Kylee,8
CT,F,2000,Larissa,8
CT,F,2000,Leilani,8
CT,F,2000,Liliana,8
CT,F,2000,Mahogany,8
CT,F,2000,Mariana,8
CT,F,2000,Mckenna,8
CT,F,2000,Savanna,8
CT,F,2000,Talia,8
CT,F,2000,Theresa,8
CT,F,2000,Unique,8
CT,F,2000,Whitney,8
CT,F,2000,Aisha,7
CT,F,2000,Alysha,7
CT,F,2000,Ashleigh,7
CT,F,2000,Brenda,7
CT,F,2000,Brynn,7
CT,F,2000,Carina,7
CT,F,2000,Cecilia,7
CT,F,2000,Christiana,7
CT,F,2000,Clara,7
CT,F,2000,Dayana,7
CT,F,2000,Devon,7
CT,F,2000,Hallie,7
CT,F,2000,Hana,7
CT,F,2000,Heaven,7
CT,F,2000,Helen,7
CT,F,2000,India,7
CT,F,2000,Jailene,7
CT,F,2000,Julianne,7
CT,F,2000,Juliet,7
CT,F,2000,Kamryn,7
CT,F,2000,Karla,7
CT,F,2000,Kaylie,7
CT,F,2000,Kellie,7
CT,F,2000,Kiera,7
CT,F,2000,Kiley,7
CT,F,2000,Kyra,7
CT,F,2000,Layla,7
CT,F,2000,Leila,7
CT,F,2000,Lila,7
CT,F,2000,Linda,7
CT,F,2000,Makenna,7
CT,F,2000,Marley,7
CT,F,2000,Martha,7
CT,F,2000,Meaghan,7
CT,F,2000,Nathalie,7
CT,F,2000,Nikki,7
CT,F,2000,Raquel,7
CT,F,2000,Regina,7
CT,F,2000,Reilly,7
CT,F,2000,Sage,7
CT,F,2000,Sally,7
CT,F,2000,Skye,7
CT,F,2000,Tia,7
CT,F,2000,Tyanna,7
CT,F,2000,Vivian,7
CT,F,2000,Willow,7
CT,F,2000,Aileen,6
CT,F,2000,Aimee,6
CT,F,2000,Alanna,6
CT,F,2000,Alejandra,6
CT,F,2000,Alice,6
CT,F,2000,Alisha,6
CT,F,2000,Alycia,6
CT,F,2000,Ashlyn,6
CT,F,2000,Aubrey,6
CT,F,2000,Brielle,6
CT,F,2000,Carla,6
CT,F,2000,Carley,6
CT,F,2000,Carlie,6
CT,F,2000,Celia,6
CT,F,2000,Chasity,6
CT,F,2000,Deborah,6
CT,F,2000,Elisa,6
CT,F,2000,Eve,6
CT,F,2000,Fatima,6
CT,F,2000,Felicity,6
CT,F,2000,Haleigh,6
CT,F,2000,Harley,6
CT,F,2000,Hunter,6
CT,F,2000,Jana,6
CT,F,2000,Jasmin,6
CT,F,2000,Jessenia,6
CT,F,2000,Kaitlynn,6
CT,F,2000,Karissa,6
CT,F,2000,Kassidy,6
CT,F,2000,Katarina,6
CT,F,2000,Kelley,6
CT,F,2000,Kristin,6
CT,F,2000,Lena,6
CT,F,2000,Leticia,6
CT,F,2000,Lilian,6
CT,F,2000,Lilly,6
CT,F,2000,Logan,6
CT,F,2000,Makenzie,6
CT,F,2000,Melina,6
CT,F,2000,Moriah,6
CT,F,2000,Nicolle,6
CT,F,2000,Nikita,6
CT,F,2000,Paris,6
CT,F,2000,Paulina,6
CT,F,2000,Piper,6
CT,F,2000,Rylee,6
CT,F,2000,Sharon,6
CT,F,2000,Shealyn,6
CT,F,2000,Siobhan,6
CT,F,2000,Stella,6
CT,F,2000,Tamia,6
CT,F,2000,Tatianna,6
CT,F,2000,Taya,6
CT,F,2000,Teagan,6
CT,F,2000,Tiara,6
CT,F,2000,Tori,6
CT,F,2000,Valentina,6
CT,F,2000,Yamilet,6
CT,F,2000,Yasmine,6
CT,F,2000,Abbey,5
CT,F,2000,Adelina,5
CT,F,2000,Adrienne,5
CT,F,2000,Alexus,5
CT,F,2000,Alina,5
CT,F,2000,Alisa,5
CT,F,2000,Allie,5
CT,F,2000,Allyssa,5
CT,F,2000,Alyson,5
CT,F,2000,Amina,5
CT,F,2000,Amiya,5
CT,F,2000,Anaya,5
CT,F,2000,Angelique,5
CT,F,2000,Anika,5
CT,F,2000,Annemarie,5
CT,F,2000,Armani,5
CT,F,2000,Aryana,5
CT,F,2000,Athena,5
CT,F,2000,Audra,5
CT,F,2000,Bailee,5
CT,F,2000,Blair,5
CT,F,2000,Brionna,5
CT,F,2000,Bryanna,5
CT,F,2000,Carrie,5
CT,F,2000,Chelsey,5
CT,F,2000,Cheyanne,5
CT,F,2000,Chyna,5
CT,F,2000,Colby,5
CT,F,2000,Corrine,5
CT,F,2000,Cristal,5
CT,F,2000,Daphne,5
CT,F,2000,Delia,5
CT,F,2000,Destinee,5
CT,F,2000,Eden,5
CT,F,2000,Elaine,5
CT,F,2000,Emani,5
CT,F,2000,Emilee,5
CT,F,2000,Frances,5
CT,F,2000,Gabriele,5
CT,F,2000,Gisselle,5
CT,F,2000,Gloria,5
CT,F,2000,Hailee,5
CT,F,2000,Haylee,5
CT,F,2000,Helena,5
CT,F,2000,Iyana,5
CT,F,2000,Izabella,5
CT,F,2000,Jaclyn,5
CT,F,2000,Jaime,5
CT,F,2000,Jesenia,5
CT,F,2000,Johanna,5
CT,F,2000,Kaelyn,5
CT,F,2000,Karly,5
CT,F,2000,Karolina,5
CT,F,2000,Katharine,5
CT,F,2000,Kayle,5
CT,F,2000,Keara,5
CT,F,2000,Kelli,5
CT,F,2000,Kerry,5
CT,F,2000,Lacey,5
CT,F,2000,Laurel,5
CT,F,2000,Lea,5
CT,F,2000,Leanna,5
CT,F,2000,Liana,5
CT,F,2000,Lianna,5
CT,F,2000,Lilliana,5
CT,F,2000,Lyndsey,5
CT,F,2000,Macy,5
CT,F,2000,Madisen,5
CT,F,2000,Maia,5
CT,F,2000,Margarita,5
CT,F,2000,Margot,5
CT,F,2000,Miriam,5
CT,F,2000,Mollie,5
CT,F,2000,Nancy,5
CT,F,2000,Odalys,5
CT,F,2000,Precious,5
CT,F,2000,Priscilla,5
CT,F,2000,Rachelle,5
CT,F,2000,Reagan,5
CT,F,2000,Rene,5
CT,F,2000,Rochelle,5
CT,F,2000,Rosa,5
CT,F,2000,Ryann,5
CT,F,2000,Sade,5
CT,F,2000,Sandy,5
CT,F,2000,Sarina,5
CT,F,2000,Sasha,5
CT,F,2000,Shaina,5
CT,F,2000,Shauna,5
CT,F,2000,Sheila,5
CT,F,2000,Susan,5
CT,F,2000,Taryn,5
CT,F,2000,Toni,5
CT,F,2000,Tyra,5
CT,F,2000,Valeria,5
CT,F,2000,Wendy,5
CT,F,2000,Xiomara,5
CT,F,2001,Emily,327
CT,F,2001,Julia,273
CT,F,2001,Olivia,249
CT,F,2001,Hannah,237
CT,F,2001,Sarah,232
CT,F,2001,Samantha,229
CT,F,2001,Abigail,202
CT,F,2001,Madison,201
CT,F,2001,Emma,198
CT,F,2001,Isabella,187
CT,F,2001,Jessica,186
CT,F,2001,Grace,175
CT,F,2001,Ashley,169
CT,F,2001,Elizabeth,168
CT,F,2001,Lauren,161
CT,F,2001,Brianna,159
CT,F,2001,Kayla,158
CT,F,2001,Victoria,158
CT,F,2001,Alyssa,148
CT,F,2001,Nicole,146
CT,F,2001,Megan,141
CT,F,2001,Alexandra,135
CT,F,2001,Katherine,129
CT,F,2001,Amanda,128
CT,F,2001,Caroline,128
CT,F,2001,Taylor,121
CT,F,2001,Sydney,120
CT,F,2001,Rachel,119
CT,F,2001,Alexis,117
CT,F,2001,Anna,106
CT,F,2001,Morgan,99
CT,F,2001,Erin,97
CT,F,2001,Kaitlyn,95
CT,F,2001,Jenna,93
CT,F,2001,Sophia,91
CT,F,2001,Stephanie,91
CT,F,2001,Hailey,83
CT,F,2001,Alexa,82
CT,F,2001,Mackenzie,81
CT,F,2001,Rebecca,81
CT,F,2001,Madeline,80
CT,F,2001,Gabriella,79
CT,F,2001,Jennifer,76
CT,F,2001,Molly,75
CT,F,2001,Jasmine,73
CT,F,2001,Catherine,72
CT,F,2001,Michelle,72
CT,F,2001,Natalie,69
CT,F,2001,Chloe,68
CT,F,2001,Danielle,68
CT,F,2001,Destiny,66
CT,F,2001,Gabrielle,65
CT,F,2001,Jillian,65
CT,F,2001,Paige,65
CT,F,2001,Allison,63
CT,F,2001,Ariana,60
CT,F,2001,Caitlin,59
CT,F,2001,Sophie,59
CT,F,2001,Zoe,59
CT,F,2001,Margaret,57
CT,F,2001,Kelly,56
CT,F,2001,Meghan,56
CT,F,2001,Jordan,55
CT,F,2001,Briana,54
CT,F,2001,Brooke,54
CT,F,2001,Christina,54
CT,F,2001,Marissa,54
CT,F,2001,Ava,53
CT,F,2001,Maya,53
CT,F,2001,Mia,53
CT,F,2001,Arianna,52
CT,F,2001,Cassandra,52
CT,F,2001,Claire,52
CT,F,2001,Leah,52
CT,F,2001,Sara,52
CT,F,2001,Faith,51
CT,F,2001,Shannon,51
CT,F,2001,Gianna,50
CT,F,2001,Haley,50
CT,F,2001,Lily,49
CT,F,2001,Mary,49
CT,F,2001,Sabrina,49
CT,F,2001,Savannah,49
CT,F,2001,Riley,48
CT,F,2001,Amber,47
CT,F,2001,Juliana,47
CT,F,2001,Maria,47
CT,F,2001,Katelyn,46
CT,F,2001,Angela,45
CT,F,2001,Laura,45
CT,F,2001,Melissa,45
CT,F,2001,Charlotte,44
CT,F,2001,Jacqueline,44
CT,F,2001,Mikayla,43
CT,F,2001,Sierra,42
CT,F,2001,Angelina,41
CT,F,2001,Aaliyah,40
CT,F,2001,Amelia,40
CT,F,2001,Autumn,40
CT,F,2001,Courtney,40
CT,F,2001,Isabelle,40
CT,F,2001,Julianna,39
CT,F,2001,Kathryn,39
CT,F,2001,Kelsey,38
CT,F,2001,Makayla,38
CT,F,2001,Sofia,38
CT,F,2001,Carly,36
CT,F,2001,Cassidy,36
CT,F,2001,Kimberly,36
CT,F,2001,Vanessa,36
CT,F,2001,Caitlyn,35
CT,F,2001,Erica,35
CT,F,2001,Kaylee,35
CT,F,2001,Michaela,34
CT,F,2001,Audrey,33
CT,F,2001,Avery,33
CT,F,2001,Jada,33
CT,F,2001,Lindsey,33
CT,F,2001,Chelsea,32
CT,F,2001,Isabel,32
CT,F,2001,Kylie,32
CT,F,2001,Lillian,32
CT,F,2001,Jade,31
CT,F,2001,Lindsay,31
CT,F,2001,Alexia,30
CT,F,2001,Tatiana,30
CT,F,2001,Bridget,29
CT,F,2001,Gabriela,29
CT,F,2001,Mariah,29
CT,F,2001,Heather,28
CT,F,2001,Natalia,28
CT,F,2001,Skylar,28
CT,F,2001,Amy,27
CT,F,2001,Brittany,27
CT,F,2001,Trinity,27
CT,F,2001,Andrea,26
CT,F,2001,Carolyn,26
CT,F,2001,Francesca,26
CT,F,2001,Katie,26
CT,F,2001,Mya,26
CT,F,2001,Casey,25
CT,F,2001,Kiara,25
CT,F,2001,Madelyn,25
CT,F,2001,Melanie,25
CT,F,2001,Alana,24
CT,F,2001,Genesis,24
CT,F,2001,Gillian,24
CT,F,2001,Kathleen,24
CT,F,2001,Lydia,24
CT,F,2001,Jocelyn,23
CT,F,2001,Jordyn,23
CT,F,2001,Miranda,23
CT,F,2001,Alexandria,22
CT,F,2001,Breanna,22
CT,F,2001,Tiana,22
CT,F,2001,Bailey,21
CT,F,2001,Camryn,21
CT,F,2001,Kate,21
CT,F,2001,Katrina,21
CT,F,2001,Veronica,21
CT,F,2001,Adriana,20
CT,F,2001,Alison,20
CT,F,2001,Anne,20
CT,F,2001,Bianca,20
CT,F,2001,Cheyenne,20
CT,F,2001,Clare,20
CT,F,2001,Jamie,20
CT,F,2001,Kaitlin,20
CT,F,2001,Kristina,20
CT,F,2001,Meredith,20
CT,F,2001,Shelby,20
CT,F,2001,Diana,19
CT,F,2001,Elena,19
CT,F,2001,Erika,19
CT,F,2001,Hayley,19
CT,F,2001,Kara,19
CT,F,2001,Madeleine,19
CT,F,2001,Nina,19
CT,F,2001,Aliyah,18
CT,F,2001,Allyson,18
CT,F,2001,Angelica,18
CT,F,2001,Britney,18
CT,F,2001,Delaney,18
CT,F,2001,Desiree,18
CT,F,2001,Hanna,18
CT,F,2001,Holly,18
CT,F,2001,Hope,18
CT,F,2001,Nayeli,18
CT,F,2001,Sadie,18
CT,F,2001,Abby,17
CT,F,2001,Alicia,17
CT,F,2001,Claudia,17
CT,F,2001,Julie,17
CT,F,2001,Maggie,17
CT,F,2001,Mariana,17
CT,F,2001,Naomi,17
CT,F,2001,Rachael,17
CT,F,2001,Summer,17
CT,F,2001,Tiffany,17
CT,F,2001,Valerie,17
CT,F,2001,Ana,16
CT,F,2001,Cameron,16
CT,F,2001,Camille,16
CT,F,2001,Christine,16
CT,F,2001,Eleanor,16
CT,F,2001,Fiona,16
CT,F,2001,Kyra,16
CT,F,2001,Mckenzie,16
CT,F,2001,Natasha,16
CT,F,2001,Nia,16
CT,F,2001,Sage,16
CT,F,2001,Anastasia,15
CT,F,2001,Carissa,15
CT,F,2001,Daniela,15
CT,F,2001,Daniella,15
CT,F,2001,Ella,15
CT,F,2001,Jane,15
CT,F,2001,Jazmin,15
CT,F,2001,Jazmine,15
CT,F,2001,Kiana,15
CT,F,2001,Meagan,15
CT,F,2001,Nadia,15
CT,F,2001,Phoebe,15
CT,F,2001,Renee,15
CT,F,2001,Rose,15
CT,F,2001,Sasha,15
CT,F,2001,Serena,15
CT,F,2001,Adrianna,14
CT,F,2001,Alessandra,14
CT,F,2001,Amaya,14
CT,F,2001,Asia,14
CT,F,2001,Cynthia,14
CT,F,2001,Diamond,14
CT,F,2001,Evelyn,14
CT,F,2001,Helen,14
CT,F,2001,Imani,14
CT,F,2001,Jacquelyn,14
CT,F,2001,Joanna,14
CT,F,2001,Juliette,14
CT,F,2001,Kailey,14
CT,F,2001,Kristen,14
CT,F,2001,Lucy,14
CT,F,2001,Marina,14
CT,F,2001,Tori,14
CT,F,2001,Colleen,13
CT,F,2001,Dana,13
CT,F,2001,Deanna,13
CT,F,2001,Elisabeth,13
CT,F,2001,Ellie,13
CT,F,2001,Gina,13
CT,F,2001,Marisa,13
CT,F,2001,Taina,13
CT,F,2001,Alice,12
CT,F,2001,Alyson,12
CT,F,2001,Cara,12
CT,F,2001,Ciara,12
CT,F,2001,Clara,12
CT,F,2001,Cristina,12
CT,F,2001,Daisy,12
CT,F,2001,Denise,12
CT,F,2001,Elise,12
CT,F,2001,Eva,12
CT,F,2001,Karla,12
CT,F,2001,Kayleigh,12
CT,F,2001,Krystal,12
CT,F,2001,Melody,12
CT,F,2001,Nevaeh,12
CT,F,2001,Patricia,12
CT,F,2001,Valentina,12
CT,F,2001,Annabel,11
CT,F,2001,Annika,11
CT,F,2001,Bethany,11
CT,F,2001,Bryanna,11
CT,F,2001,Crystal,11
CT,F,2001,Eliza,11
CT,F,2001,Georgia,11
CT,F,2001,Heaven,11
CT,F,2001,Janelle,11
CT,F,2001,Juliet,11
CT,F,2001,Karina,11
CT,F,2001,Kasey,11
CT,F,2001,Linda,11
CT,F,2001,Lisa,11
CT,F,2001,Maeve,11
CT,F,2001,Selena,11
CT,F,2001,Shayla,11
CT,F,2001,Tara,11
CT,F,2001,Tessa,11
CT,F,2001,Alanna,10
CT,F,2001,Alexus,10
CT,F,2001,Alissa,10
CT,F,2001,Aubrey,10
CT,F,2001,Brenna,10
CT,F,2001,Carolina,10
CT,F,2001,Cierra,10
CT,F,2001,Cindy,10
CT,F,2001,Emely,10
CT,F,2001,Eve,10
CT,F,2001,Fatima,10
CT,F,2001,Genevieve,10
CT,F,2001,Isis,10
CT,F,2001,Jayda,10
CT,F,2001,Jayla,10
CT,F,2001,Josephine,10
CT,F,2001,Kiera,10
CT,F,2001,Kira,10
CT,F,2001,Madalyn,10
CT,F,2001,Maura,10
CT,F,2001,Mckenna,10
CT,F,2001,Mikaela,10
CT,F,2001,Monica,10
CT,F,2001,Nyla,10
CT,F,2001,Paola,10
CT,F,2001,Payton,10
CT,F,2001,Sandra,10
CT,F,2001,Talia,10
CT,F,2001,Alondra,9
CT,F,2001,Ann,9
CT,F,2001,Annie,9
CT,F,2001,Brenda,9
CT,F,2001,Christiana,9
CT,F,2001,Destinee,9
CT,F,2001,Dominique,9
CT,F,2001,Heidi,9
CT,F,2001,Krista,9
CT,F,2001,Leslie,9
CT,F,2001,Lilly,9
CT,F,2001,Nathalie,9
CT,F,2001,Rebekah,9
CT,F,2001,Ruth,9
CT,F,2001,Taryn,9
CT,F,2001,Tatyana,9
CT,F,2001,Theresa,9
CT,F,2001,Tianna,9
CT,F,2001,Valeria,9
CT,F,2001,Violet,9
CT,F,2001,Angel,8
CT,F,2001,Annabelle,8
CT,F,2001,Armani,8
CT,F,2001,Ayanna,8
CT,F,2001,Brittney,8
CT,F,2001,Carla,8
CT,F,2001,Dakota,8
CT,F,2001,Dynasty,8
CT,F,2001,Eileen,8
CT,F,2001,Eliana,8
CT,F,2001,India,8
CT,F,2001,Iris,8
CT,F,2001,Izabella,8
CT,F,2001,Jenny,8
CT,F,2001,Karissa,8
CT,F,2001,Kassandra,8
CT,F,2001,Kassidy,8
CT,F,2001,Katharine,8
CT,F,2001,Kellie,8
CT,F,2001,Kendall,8
CT,F,2001,Layla,8
CT,F,2001,Leila,8
CT,F,2001,Lucia,8
CT,F,2001,Marie,8
CT,F,2001,Meadow,8
CT,F,2001,Micaela,8
CT,F,2001,Priscilla,8
CT,F,2001,Reagan,8
CT,F,2001,Savanna,8
CT,F,2001,Skye,8
CT,F,2001,Tabitha,8
CT,F,2001,Tess,8
CT,F,2001,Whitney,8
CT,F,2001,Willow,8
CT,F,2001,Yasmin,8
CT,F,2001,Alisa,7
CT,F,2001,Alisha,7
CT,F,2001,Annabella,7
CT,F,2001,April,7
CT,F,2001,Ashlyn,7
CT,F,2001,Celia,7
CT,F,2001,Devin,7
CT,F,2001,Elaine,7
CT,F,2001,Elissa,7
CT,F,2001,Ellen,7
CT,F,2001,Giovanna,7
CT,F,2001,Greta,7
CT,F,2001,Jaden,7
CT,F,2001,Jayna,7
CT,F,2001,Jolie,7
CT,F,2001,Kaleigh,7
CT,F,2001,Katelynn,7
CT,F,2001,Kylee,7
CT,F,2001,Larissa,7
CT,F,2001,Lena,7
CT,F,2001,Lilah,7
CT,F,2001,Mallory,7
CT,F,2001,Mara,7
CT,F,2001,Mckayla,7
CT,F,2001,Melina,7
CT,F,2001,Nora,7
CT,F,2001,Nyasia,7
CT,F,2001,Regan,7
CT,F,2001,Ruby,7
CT,F,2001,Ryleigh,7
CT,F,2001,Shea,7
CT,F,2001,Simone,7
CT,F,2001,Sonia,7
CT,F,2001,Yasmine,7
CT,F,2001,Alize,6
CT,F,2001,Allie,6
CT,F,2001,Anijah,6
CT,F,2001,Anisa,6
CT,F,2001,Aniya,6
CT,F,2001,Anjali,6
CT,F,2001,Annmarie,6
CT,F,2001,Ashlee,6
CT,F,2001,Ashleigh,6
CT,F,2001,Athena,6
CT,F,2001,Cailin,6
CT,F,2001,Caleigh,6
CT,F,2001,Callie,6
CT,F,2001,Carley,6
CT,F,2001,Carlie,6
CT,F,2001,Carrie,6
CT,F,2001,Catalina,6
CT,F,2001,Cheyanne,6
CT,F,2001,Cora,6
CT,F,2001,Devon,6
CT,F,2001,Ebony,6
CT,F,2001,Elaina,6
CT,F,2001,Felicia,6
CT,F,2001,Gretchen,6
CT,F,2001,Guadalupe,6
CT,F,2001,Irene,6
CT,F,2001,Isabela,6
CT,F,2001,Jaelyn,6
CT,F,2001,Jailyn,6
CT,F,2001,Jaime,6
CT,F,2001,Jasmin,6
CT,F,2001,Jessie,6
CT,F,2001,Joelle,6
CT,F,2001,Johanna,6
CT,F,2001,Justine,6
CT,F,2001,Kacey,6
CT,F,2001,Kaila,6
CT,F,2001,Kaitlynn,6
CT,F,2001,Karli,6
CT,F,2001,Kayley,6
CT,F,2001,Kirsten,6
CT,F,2001,Kristin,6
CT,F,2001,Kyla,6
CT,F,2001,Laila,6
CT,F,2001,Laurel,6
CT,F,2001,Lauryn,6
CT,F,2001,Lea,6
CT,F,2001,Lexie,6
CT,F,2001,Lila,6
CT,F,2001,Lilian,6
CT,F,2001,Madyson,6
CT,F,2001,Maia,6
CT,F,2001,Makenzie,6
CT,F,2001,Maureen,6
CT,F,2001,Melinda,6
CT,F,2001,Mercedes,6
CT,F,2001,Mikaila,6
CT,F,2001,Pamela,6
CT,F,2001,Paula,6
CT,F,2001,Peyton,6
CT,F,2001,Precious,6
CT,F,2001,Rosemary,6
CT,F,2001,Saige,6
CT,F,2001,Shania,6
CT,F,2001,Sharon,6
CT,F,2001,Sheila,6
CT,F,2001,Siobhan,6
CT,F,2001,Skyler,6
CT,F,2001,Susan,6
CT,F,2001,Tamara,6
CT,F,2001,Tamia,6
CT,F,2001,Tanya,6
CT,F,2001,Toni,6
CT,F,2001,Vivian,6
CT,F,2001,Yesenia,6
CT,F,2001,Zoey,6
CT,F,2001,Abbey,5
CT,F,2001,Aileen,5
CT,F,2001,Aisha,5
CT,F,2001,Alaina,5
CT,F,2001,Alejandra,5
CT,F,2001,Alina,5
CT,F,2001,Amya,5
CT,F,2001,Annalise,5
CT,F,2001,Anya,5
CT,F,2001,Ariel,5
CT,F,2001,Aryana,5
CT,F,2001,Ashlynn,5
CT,F,2001,Aurora,5
CT,F,2001,Ayana,5
CT,F,2001,Camilla,5
CT,F,2001,Carmen,5
CT,F,2001,Cassie,5
CT,F,2001,Cecilia,5
CT,F,2001,Celina,5
CT,F,2001,Chelsey,5
CT,F,2001,Dayanara,5
CT,F,2001,Deborah,5
CT,F,2001,Deja,5
CT,F,2001,Delia,5
CT,F,2001,Elsa,5
CT,F,2001,Emilee,5
CT,F,2001,Fernanda,5
CT,F,2001,Frances,5
CT,F,2001,Giselle,5
CT,F,2001,Gloria,5
CT,F,2001,Hailee,5
CT,F,2001,Halle,5
CT,F,2001,Hallie,5
CT,F,2001,Hana,5
CT,F,2001,Hunter,5
CT,F,2001,Jacklyn,5
CT,F,2001,Jaclyn,5
CT,F,2001,Jaida,5
CT,F,2001,Jaiden,5
CT,F,2001,Janaya,5
CT,F,2001,Jaylene,5
CT,F,2001,Jayne,5
CT,F,2001,Josie,5
CT,F,2001,Joy,5
CT,F,2001,Julianne,5
CT,F,2001,Kailyn,5
CT,F,2001,Kali,5
CT,F,2001,Kamryn,5
CT,F,2001,Katerina,5
CT,F,2001,Kaylie,5
CT,F,2001,Kaylyn,5
CT,F,2001,Kianna,5
CT,F,2001,Kiarra,5
CT,F,2001,Kiley,5
CT,F,2001,Leilani,5
CT,F,2001,Lejla,5
CT,F,2001,Lexi,5
CT,F,2001,Lexus,5
CT,F,2001,Liliana,5
CT,F,2001,Mairead,5
CT,F,2001,Malia,5
CT,F,2001,Monique,5
CT,F,2001,Monserrat,5
CT,F,2001,Nancy,5
CT,F,2001,Nya,5
CT,F,2001,Paulina,5
CT,F,2001,Princess,5
CT,F,2001,Quinn,5
CT,F,2001,Raquel,5
CT,F,2001,Raven,5
CT,F,2001,Reina,5
CT,F,2001,Rosa,5
CT,F,2001,Ryan,5
CT,F,2001,Salma,5
CT,F,2001,Sanaa,5
CT,F,2001,Saniya,5
CT,F,2001,Sarai,5
CT,F,2001,Shayna,5
CT,F,2001,Sidney,5
CT,F,2001,Silvia,5
CT,F,2001,Stefanie,5
CT,F,2001,Tania,5
CT,F,2001,Tatum,5
CT,F,2001,Teagan,5
CT,F,2001,Thalia,5
CT,F,2001,Tiara,5
CT,F,2001,Virginia,5
CT,F,2002,Emily,307
CT,F,2002,Olivia,257
CT,F,2002,Emma,244
CT,F,2002,Samantha,230
CT,F,2002,Julia,229
CT,F,2002,Madison,209
CT,F,2002,Sarah,195
CT,F,2002,Abigail,193
CT,F,2002,Isabella,188
CT,F,2002,Elizabeth,171
CT,F,2002,Grace,165
CT,F,2002,Hannah,164
CT,F,2002,Victoria,162
CT,F,2002,Ashley,161
CT,F,2002,Lauren,161
CT,F,2002,Kayla,153
CT,F,2002,Rachel,149
CT,F,2002,Nicole,142
CT,F,2002,Jessica,137
CT,F,2002,Alexandra,136
CT,F,2002,Alyssa,135
CT,F,2002,Brianna,133
CT,F,2002,Alexis,130
CT,F,2002,Anna,130
CT,F,2002,Sophia,130
CT,F,2002,Katherine,119
CT,F,2002,Amanda,115
CT,F,2002,Jenna,106
CT,F,2002,Morgan,105
CT,F,2002,Caroline,103
CT,F,2002,Megan,103
CT,F,2002,Sydney,96
CT,F,2002,Taylor,94
CT,F,2002,Kaitlyn,92
CT,F,2002,Natalie,91
CT,F,2002,Mackenzie,85
CT,F,2002,Rebecca,85
CT,F,2002,Ava,81
CT,F,2002,Chloe,76
CT,F,2002,Paige,76
CT,F,2002,Sara,73
CT,F,2002,Lily,72
CT,F,2002,Allison,71
CT,F,2002,Hailey,70
CT,F,2002,Molly,70
CT,F,2002,Jennifer,69
CT,F,2002,Madeline,68
CT,F,2002,Mia,68
CT,F,2002,Brooke,67
CT,F,2002,Alexa,66
CT,F,2002,Erin,66
CT,F,2002,Kelly,65
CT,F,2002,Jillian,64
CT,F,2002,Gabriella,62
CT,F,2002,Jasmine,62
CT,F,2002,Sophie,62
CT,F,2002,Gabrielle,61
CT,F,2002,Jordan,61
CT,F,2002,Stephanie,61
CT,F,2002,Angelina,60
CT,F,2002,Christina,60
CT,F,2002,Destiny,59
CT,F,2002,Mary,59
CT,F,2002,Ariana,57
CT,F,2002,Claire,57
CT,F,2002,Amber,55
CT,F,2002,Charlotte,54
CT,F,2002,Maya,54
CT,F,2002,Riley,54
CT,F,2002,Danielle,53
CT,F,2002,Gianna,53
CT,F,2002,Caitlin,52
CT,F,2002,Aaliyah,50
CT,F,2002,Isabelle,50
CT,F,2002,Katelyn,50
CT,F,2002,Faith,49
CT,F,2002,Margaret,49
CT,F,2002,Sofia,49
CT,F,2002,Zoe,48
CT,F,2002,Briana,47
CT,F,2002,Kathryn,47
CT,F,2002,Catherine,46
CT,F,2002,Haley,46
CT,F,2002,Makayla,46
CT,F,2002,Melissa,46
CT,F,2002,Juliana,45
CT,F,2002,Maria,45
CT,F,2002,Cassandra,44
CT,F,2002,Leah,44
CT,F,2002,Sierra,44
CT,F,2002,Vanessa,44
CT,F,2002,Kylie,43
CT,F,2002,Ella,42
CT,F,2002,Mikayla,42
CT,F,2002,Jacqueline,41
CT,F,2002,Jada,41
CT,F,2002,Melanie,41
CT,F,2002,Sabrina,41
CT,F,2002,Angela,40
CT,F,2002,Lindsey,40
CT,F,2002,Shannon,40
CT,F,2002,Kaylee,39
CT,F,2002,Lillian,39
CT,F,2002,Ashanti,38
CT,F,2002,Amy,37
CT,F,2002,Arianna,37
CT,F,2002,Bianca,37
CT,F,2002,Gabriela,37
CT,F,2002,Jade,37
CT,F,2002,Michelle,37
CT,F,2002,Marissa,36
CT,F,2002,Savannah,36
CT,F,2002,Julianna,35
CT,F,2002,Kiara,35
CT,F,2002,Meghan,35
CT,F,2002,Natalia,34
CT,F,2002,Laura,33
CT,F,2002,Autumn,32
CT,F,2002,Isabel,32
CT,F,2002,Kelsey,32
CT,F,2002,Alexia,31
CT,F,2002,Andrea,31
CT,F,2002,Cassidy,31
CT,F,2002,Trinity,31
CT,F,2002,Jocelyn,30
CT,F,2002,Kimberly,30
CT,F,2002,Mariah,30
CT,F,2002,Erica,29
CT,F,2002,Heather,29
CT,F,2002,Madelyn,29
CT,F,2002,Audrey,28
CT,F,2002,Caitlyn,27
CT,F,2002,Courtney,26
CT,F,2002,Lindsay,26
CT,F,2002,Skylar,26
CT,F,2002,Alicia,25
CT,F,2002,Bridget,25
CT,F,2002,Chelsea,25
CT,F,2002,Hope,25
CT,F,2002,Julie,25
CT,F,2002,Kaitlin,25
CT,F,2002,Valerie,25
CT,F,2002,Amelia,24
CT,F,2002,Avery,24
CT,F,2002,Carly,24
CT,F,2002,Lydia,24
CT,F,2002,Maeve,24
CT,F,2002,Adrianna,23
CT,F,2002,Daniela,23
CT,F,2002,Elena,23
CT,F,2002,Erika,23
CT,F,2002,Katie,23
CT,F,2002,Michaela,23
CT,F,2002,Tatiana,23
CT,F,2002,Veronica,23
CT,F,2002,Adriana,22
CT,F,2002,Delaney,22
CT,F,2002,Hanna,22
CT,F,2002,Jamie,22
CT,F,2002,Kate,22
CT,F,2002,Kathleen,22
CT,F,2002,Naomi,22
CT,F,2002,Alexandria,21
CT,F,2002,Angelica,21
CT,F,2002,Clara,21
CT,F,2002,Diana,21
CT,F,2002,Eva,21
CT,F,2002,Gillian,21
CT,F,2002,Hayley,21
CT,F,2002,Kristina,20
CT,F,2002,Alison,19
CT,F,2002,Ashleigh,19
CT,F,2002,Francesca,19
CT,F,2002,Lucy,19
CT,F,2002,Nayeli,19
CT,F,2002,Nina,19
CT,F,2002,Crystal,18
CT,F,2002,Nevaeh,18
CT,F,2002,Summer,18
CT,F,2002,Bailey,17
CT,F,2002,Cheyenne,17
CT,F,2002,Dakota,17
CT,F,2002,Jayda,17
CT,F,2002,Jordyn,17
CT,F,2002,Marisa,17
CT,F,2002,Miranda,17
CT,F,2002,Nadia,17
CT,F,2002,Rachael,17
CT,F,2002,Claudia,16
CT,F,2002,Evelyn,16
CT,F,2002,Imani,16
CT,F,2002,Joanna,16
CT,F,2002,Karen,16
CT,F,2002,Kristen,16
CT,F,2002,Kyla,16
CT,F,2002,Natasha,16
CT,F,2002,Phoebe,16
CT,F,2002,Sadie,16
CT,F,2002,Talia,16
CT,F,2002,Alana,15
CT,F,2002,Ana,15
CT,F,2002,Christine,15
CT,F,2002,Desiree,15
CT,F,2002,Diamond,15
CT,F,2002,Georgia,15
CT,F,2002,Kara,15
CT,F,2002,Katrina,15
CT,F,2002,Kayleigh,15
CT,F,2002,Krystal,15
CT,F,2002,Leslie,15
CT,F,2002,Lexi,15
CT,F,2002,Noelle,15
CT,F,2002,Selena,15
CT,F,2002,Shelby,15
CT,F,2002,Anastasia,14
CT,F,2002,Casey,14
CT,F,2002,Daniella,14
CT,F,2002,Eliza,14
CT,F,2002,Emilia,14
CT,F,2002,Holly,14
CT,F,2002,Maggie,14
CT,F,2002,Marina,14
CT,F,2002,Mya,14
CT,F,2002,Payton,14
CT,F,2002,Rylee,14
CT,F,2002,Serena,14
CT,F,2002,Tessa,14
CT,F,2002,Ainsley,13
CT,F,2002,Aliyah,13
CT,F,2002,Amaya,13
CT,F,2002,Anne,13
CT,F,2002,Breanna,13
CT,F,2002,Cristina,13
CT,F,2002,Deanna,13
CT,F,2002,Eleanor,13
CT,F,2002,Elisabeth,13
CT,F,2002,Elise,13
CT,F,2002,Fiona,13
CT,F,2002,Genevieve,13
CT,F,2002,Haylee,13
CT,F,2002,Helen,13
CT,F,2002,Jazmin,13
CT,F,2002,Madeleine,13
CT,F,2002,Monica,13
CT,F,2002,Nancy,13
CT,F,2002,Reagan,13
CT,F,2002,Teresa,13
CT,F,2002,Tiffany,13
CT,F,2002,Allyson,12
CT,F,2002,Annie,12
CT,F,2002,Annika,12
CT,F,2002,Ashlyn,12
CT,F,2002,Camryn,12
CT,F,2002,Carolyn,12
CT,F,2002,Elisa,12
CT,F,2002,Ellie,12
CT,F,2002,Genesis,12
CT,F,2002,Jane,12
CT,F,2002,Jasmin,12
CT,F,2002,Kailey,12
CT,F,2002,Karina,12
CT,F,2002,Kiana,12
CT,F,2002,Leilani,12
CT,F,2002,Lisa,12
CT,F,2002,Maia,12
CT,F,2002,Sidney,12
CT,F,2002,Alissa,11
CT,F,2002,Aubrey,11
CT,F,2002,Ayanna,11
CT,F,2002,Bryanna,11
CT,F,2002,Callie,11
CT,F,2002,Cameron,11
CT,F,2002,Cindy,11
CT,F,2002,Clare,11
CT,F,2002,Dana,11
CT,F,2002,Ellen,11
CT,F,2002,Janelle,11
CT,F,2002,Jazmine,11
CT,F,2002,Juliette,11
CT,F,2002,Katharine,11
CT,F,2002,Lena,11
CT,F,2002,Lia,11
CT,F,2002,Lila,11
CT,F,2002,Liliana,11
CT,F,2002,Mckenna,11
CT,F,2002,Meredith,11
CT,F,2002,Nora,11
CT,F,2002,Nyasia,11
CT,F,2002,Peyton,11
CT,F,2002,Priscilla,11
CT,F,2002,Abby,10
CT,F,2002,Alice,10
CT,F,2002,Alina,10
CT,F,2002,Alisha,10
CT,F,2002,Bethany,10
CT,F,2002,Britney,10
CT,F,2002,Carolina,10
CT,F,2002,Cora,10
CT,F,2002,Devon,10
CT,F,2002,Eden,10
CT,F,2002,Gina,10
CT,F,2002,Izabella,10
CT,F,2002,Josephine,10
CT,F,2002,Julianne,10
CT,F,2002,Juliet,10
CT,F,2002,Kaylie,10
CT,F,2002,Kendra,10
CT,F,2002,Kiera,10
CT,F,2002,Kiley,10
CT,F,2002,Linda,10
CT,F,2002,Logan,10
CT,F,2002,Mariana,10
CT,F,2002,Renee,10
CT,F,2002,Rose,10
CT,F,2002,Sage,10
CT,F,2002,Shayla,10
CT,F,2002,Susan,10
CT,F,2002,Theresa,10
CT,F,2002,Tiana,10
CT,F,2002,Tianna,10
CT,F,2002,Tori,10
CT,F,2002,Alessandra,9
CT,F,2002,Alivia,9
CT,F,2002,Alyson,9
CT,F,2002,Angel,9
CT,F,2002,Aniyah,9
CT,F,2002,Annabelle,9
CT,F,2002,Ariel,9
CT,F,2002,Bella,9
CT,F,2002,Brenda,9
CT,F,2002,Brittany,9
CT,F,2002,Brynn,9
CT,F,2002,Carissa,9
CT,F,2002,Cecilia,9
CT,F,2002,Celia,9
CT,F,2002,Cheyanne,9
CT,F,2002,Eve,9
CT,F,2002,India,9
CT,F,2002,Jaime,9
CT,F,2002,Karissa,9
CT,F,2002,Kyra,9
CT,F,2002,Lara,9
CT,F,2002,Lizbeth,9
CT,F,2002,Madisyn,9
CT,F,2002,Makenna,9
CT,F,2002,Maura,9
CT,F,2002,Mckayla,9
CT,F,2002,Mckenzie,9
CT,F,2002,Nia,9
CT,F,2002,Nyah,9
CT,F,2002,Nyla,9
CT,F,2002,Patricia,9
CT,F,2002,Sandra,9
CT,F,2002,Skyler,9
CT,F,2002,Tabitha,9
CT,F,2002,Tamia,9
CT,F,2002,Tara,9
CT,F,2002,Tatyana,9
CT,F,2002,Thalia,9
CT,F,2002,Valeria,9
CT,F,2002,Abbey,8
CT,F,2002,Addison,8
CT,F,2002,Alanna,8
CT,F,2002,Athena,8
CT,F,2002,Brenna,8
CT,F,2002,Cierra,8
CT,F,2002,Colleen,8
CT,F,2002,Devyn,8
CT,F,2002,Emilee,8
CT,F,2002,Giana,8
CT,F,2002,Iris,8
CT,F,2002,Jacquelyn,8
CT,F,2002,Jayden,8
CT,F,2002,Jayla,8
CT,F,2002,Kylee,8
CT,F,2002,Lana,8
CT,F,2002,Lilly,8
CT,F,2002,Micaela,8
CT,F,2002,Mikaela,8
CT,F,2002,Nya,8
CT,F,2002,Rebekah,8
CT,F,2002,Ruby,8
CT,F,2002,Simone,8
CT,F,2002,Teagan,8
CT,F,2002,Tess,8
CT,F,2002,Tiara,8
CT,F,2002,Alaina,7
CT,F,2002,Amari,7
CT,F,2002,Annabella,7
CT,F,2002,Antonia,7
CT,F,2002,Asia,7
CT,F,2002,Aurora,7
CT,F,2002,Camille,7
CT,F,2002,Carley,7
CT,F,2002,Ciara,7
CT,F,2002,Deborah,7
CT,F,2002,Devin,7
CT,F,2002,Fatima,7
CT,F,2002,Gwendolyn,7
CT,F,2002,Ivy,7
CT,F,2002,Jaden,7
CT,F,2002,Jadyn,7
CT,F,2002,Jenny,7
CT,F,2002,Jolie,7
CT,F,2002,Justine,7
CT,F,2002,Kaitlynn,7
CT,F,2002,Kendall,7
CT,F,2002,Kerry,7
CT,F,2002,Kira,7
CT,F,2002,Lea,7
CT,F,2002,Macy,7
CT,F,2002,Marley,7
CT,F,2002,Meagan,7
CT,F,2002,Melody,7
CT,F,2002,Penelope,7
CT,F,2002,Raven,7
CT,F,2002,Reese,7
CT,F,2002,Rianna,7
CT,F,2002,Ruth,7
CT,F,2002,Sasha,7
CT,F,2002,Serenity,7
CT,F,2002,Taryn,7
CT,F,2002,Yasmin,7
CT,F,2002,Adrienne,6
CT,F,2002,Aisha,6
CT,F,2002,Alejandra,6
CT,F,2002,Alize,6
CT,F,2002,Ally,6
CT,F,2002,Alysha,6
CT,F,2002,Anissa,6
CT,F,2002,Beatrice,6
CT,F,2002,Breana,6
CT,F,2002,Celine,6
CT,F,2002,Chelsey,6
CT,F,2002,Daisy,6
CT,F,2002,Daria,6
CT,F,2002,Dominique,6
CT,F,2002,Elaina,6
CT,F,2002,Eliana,6
CT,F,2002,Esmeralda,6
CT,F,2002,Gia,6
CT,F,2002,Giselle,6
CT,F,2002,Hailee,6
CT,F,2002,Haleigh,6
CT,F,2002,Halle,6
CT,F,2002,Heidi,6
CT,F,2002,Isabela,6
CT,F,2002,Jaclyn,6
CT,F,2002,Jaiden,6
CT,F,2002,Jailyn,6
CT,F,2002,Josie,6
CT,F,2002,Julissa,6
CT,F,2002,Karli,6
CT,F,2002,Karly,6
CT,F,2002,Kasey,6
CT,F,2002,Kassandra,6
CT,F,2002,Katarina,6
CT,F,2002,Kennedy,6
CT,F,2002,Kiersten,6
CT,F,2002,Lola,6
CT,F,2002,Lorena,6
CT,F,2002,Lucia,6
CT,F,2002,Lyndsey,6
CT,F,2002,Marie,6
CT,F,2002,Maureen,6
CT,F,2002,Mercedes,6
CT,F,2002,Pamela,6
CT,F,2002,Piper,6
CT,F,2002,Regan,6
CT,F,2002,Reilly,6
CT,F,2002,Sarina,6
CT,F,2002,Savanna,6
CT,F,2002,Shania,6
CT,F,2002,Shayna,6
CT,F,2002,Shea,6
CT,F,2002,Skye,6
CT,F,2002,Sonia,6
CT,F,2002,Sylvia,6
CT,F,2002,Taina,6
CT,F,2002,Tamara,6
CT,F,2002,Tatum,6
CT,F,2002,Tyler,6
CT,F,2002,Vivian,6
CT,F,2002,Adeline,5
CT,F,2002,Aileen,5
CT,F,2002,Aiyana,5
CT,F,2002,Alayna,5
CT,F,2002,Allie,5
CT,F,2002,Alondra,5
CT,F,2002,Amani,5
CT,F,2002,Amira,5
CT,F,2002,Aneesa,5
CT,F,2002,Anika,5
CT,F,2002,Ann,5
CT,F,2002,Annabel,5
CT,F,2002,Annalise,5
CT,F,2002,Anya,5
CT,F,2002,April,5
CT,F,2002,Aracely,5
CT,F,2002,Arielle,5
CT,F,2002,Armani,5
CT,F,2002,Ashlee,5
CT,F,2002,Ashlynn,5
CT,F,2002,Brandy,5
CT,F,2002,Carina,5
CT,F,2002,Carla,5
CT,F,2002,Carmen,5
CT,F,2002,Cate,5
CT,F,2002,Chanel,5
CT,F,2002,Christa,5
CT,F,2002,Cynthia,5
CT,F,2002,Danae,5
CT,F,2002,Dayanara,5
CT,F,2002,Dayna,5
CT,F,2002,Deja,5
CT,F,2002,Denise,5
CT,F,2002,Dina,5
CT,F,2002,Elissa,5
CT,F,2002,Elyse,5
CT,F,2002,Emani,5
CT,F,2002,Emilie,5
CT,F,2002,Ericka,5
CT,F,2002,Felicity,5
CT,F,2002,Giovanna,5
CT,F,2002,Giuliana,5
CT,F,2002,Gloria,5
CT,F,2002,Hayden,5
CT,F,2002,Hazel,5
CT,F,2002,Isha,5
CT,F,2002,Iyanna,5
CT,F,2002,Jaida,5
CT,F,2002,Janessa,5
CT,F,2002,Janet,5
CT,F,2002,Jazmyn,5
CT,F,2002,Jesse,5
CT,F,2002,Jessie,5
CT,F,2002,Joy,5
CT,F,2002,Justice,5
CT,F,2002,Kaila,5
CT,F,2002,Kailyn,5
CT,F,2002,Kaley,5
CT,F,2002,Kamryn,5
CT,F,2002,Kianna,5
CT,F,2002,Kirsten,5
CT,F,2002,Kristin,5
CT,F,2002,Kyah,5
CT,F,2002,Laurel,5
CT,F,2002,Leila,5
CT,F,2002,Liana,5
CT,F,2002,Lilah,5
CT,F,2002,Linnea,5
CT,F,2002,Litzy,5
CT,F,2002,Mae,5
CT,F,2002,Mairead,5
CT,F,2002,Mara,5
CT,F,2002,Meaghan,5
CT,F,2002,Mollie,5
CT,F,2002,Monique,5
CT,F,2002,Nayelie,5
CT,F,2002,Nayelis,5
CT,F,2002,Neha,5
CT,F,2002,Paris,5
CT,F,2002,Paulina,5
CT,F,2002,Precious,5
CT,F,2002,Riya,5
CT,F,2002,Rosa,5
CT,F,2002,Rosalie,5
CT,F,2002,Ryley,5
CT,F,2002,Samara,5
CT,F,2002,Scarlett,5
CT,F,2002,Shirley,5
CT,F,2002,Stella,5
CT,F,2002,Wendy,5
CT,F,2002,Willow,5
CT,F,2002,Yesenia,5
CT,F,2003,Emma,334
CT,F,2003,Emily,296
CT,F,2003,Olivia,278
CT,F,2003,Madison,226
CT,F,2003,Julia,212
CT,F,2003,Grace,204
CT,F,2003,Samantha,202
CT,F,2003,Abigail,198
CT,F,2003,Sarah,196
CT,F,2003,Isabella,194
CT,F,2003,Hannah,170
CT,F,2003,Ashley,169
CT,F,2003,Elizabeth,153
CT,F,2003,Lauren,153
CT,F,2003,Brianna,151
CT,F,2003,Jessica,151
CT,F,2003,Sophia,150
CT,F,2003,Alexandra,143
CT,F,2003,Alyssa,132
CT,F,2003,Katherine,129
CT,F,2003,Victoria,125
CT,F,2003,Ava,124
CT,F,2003,Alexis,119
CT,F,2003,Kayla,117
CT,F,2003,Megan,114
CT,F,2003,Nicole,112
CT,F,2003,Natalie,110
CT,F,2003,Sydney,107
CT,F,2003,Rachel,102
CT,F,2003,Amanda,100
CT,F,2003,Mia,100
CT,F,2003,Caroline,99
CT,F,2003,Anna,98
CT,F,2003,Kaitlyn,91
CT,F,2003,Morgan,91
CT,F,2003,Brooke,89
CT,F,2003,Taylor,86
CT,F,2003,Hailey,84
CT,F,2003,Chloe,82
CT,F,2003,Jenna,80
CT,F,2003,Madeline,79
CT,F,2003,Rebecca,79
CT,F,2003,Gabriella,78
CT,F,2003,Mackenzie,77
CT,F,2003,Destiny,68
CT,F,2003,Erin,68
CT,F,2003,Paige,68
CT,F,2003,Alexa,67
CT,F,2003,Catherine,66
CT,F,2003,Ariana,65
CT,F,2003,Ella,65
CT,F,2003,Jennifer,64
CT,F,2003,Kylie,62
CT,F,2003,Zoe,61
CT,F,2003,Allison,60
CT,F,2003,Charlotte,60
CT,F,2003,Claire,60
CT,F,2003,Lily,60
CT,F,2003,Maya,60
CT,F,2003,Molly,60
CT,F,2003,Sara,60
CT,F,2003,Riley,58
CT,F,2003,Gianna,57
CT,F,2003,Isabelle,57
CT,F,2003,Jillian,57
CT,F,2003,Haley,54
CT,F,2003,Jordan,54
CT,F,2003,Meghan,54
CT,F,2003,Arianna,52
CT,F,2003,Kelly,52
CT,F,2003,Stephanie,52
CT,F,2003,Margaret,51
CT,F,2003,Avery,50
CT,F,2003,Christina,50
CT,F,2003,Gabrielle,50
CT,F,2003,Makayla,50
CT,F,2003,Mary,50
CT,F,2003,Sophie,50
CT,F,2003,Kathryn,48
CT,F,2003,Angelina,47
CT,F,2003,Jada,47
CT,F,2003,Juliana,45
CT,F,2003,Leah,45
CT,F,2003,Sofia,45
CT,F,2003,Amelia,44
CT,F,2003,Caitlin,44
CT,F,2003,Danielle,43
CT,F,2003,Jasmine,43
CT,F,2003,Faith,42
CT,F,2003,Lillian,42
CT,F,2003,Aaliyah,39
CT,F,2003,Amy,39
CT,F,2003,Audrey,39
CT,F,2003,Kaylee,39
CT,F,2003,Marissa,39
CT,F,2003,Shannon,39
CT,F,2003,Trinity,39
CT,F,2003,Caitlyn,38
CT,F,2003,Jocelyn,38
CT,F,2003,Maria,38
CT,F,2003,Amber,37
CT,F,2003,Isabel,37
CT,F,2003,Kate,37
CT,F,2003,Michelle,37
CT,F,2003,Katelyn,36
CT,F,2003,Sabrina,36
CT,F,2003,Savannah,36
CT,F,2003,Briana,35
CT,F,2003,Kimberly,35
CT,F,2003,Adriana,33
CT,F,2003,Carly,32
CT,F,2003,Jade,32
CT,F,2003,Kathleen,32
CT,F,2003,Melissa,32
CT,F,2003,Angela,31
CT,F,2003,Courtney,31
CT,F,2003,Lindsay,31
CT,F,2003,Mya,31
CT,F,2003,Natalia,31
CT,F,2003,Nina,31
CT,F,2003,Alexia,30
CT,F,2003,Alison,30
CT,F,2003,Madelyn,30
CT,F,2003,Vanessa,30
CT,F,2003,Jacqueline,29
CT,F,2003,Jamie,29
CT,F,2003,Melanie,29
CT,F,2003,Michaela,29
CT,F,2003,Gabriela,28
CT,F,2003,Sierra,28
CT,F,2003,Autumn,27
CT,F,2003,Hayley,27
CT,F,2003,Laura,27
CT,F,2003,Lindsey,27
CT,F,2003,Julianna,26
CT,F,2003,Lucy,26
CT,F,2003,Veronica,26
CT,F,2003,Alexandria,25
CT,F,2003,Amaya,25
CT,F,2003,Jordyn,25
CT,F,2003,Madeleine,25
CT,F,2003,Mikayla,25
CT,F,2003,Alicia,24
CT,F,2003,Chelsea,24
CT,F,2003,Eva,24
CT,F,2003,Leslie,24
CT,F,2003,Andrea,23
CT,F,2003,Bailey,23
CT,F,2003,Kiara,23
CT,F,2003,Tatiana,23
CT,F,2003,Cassandra,22
CT,F,2003,Diana,22
CT,F,2003,Elena,22
CT,F,2003,Eliza,22
CT,F,2003,Erica,22
CT,F,2003,Tiffany,22
CT,F,2003,Alana,21
CT,F,2003,Ana,21
CT,F,2003,Bianca,21
CT,F,2003,Bridget,21
CT,F,2003,Erika,21
CT,F,2003,Genesis,21
CT,F,2003,Heather,21
CT,F,2003,Karina,21
CT,F,2003,Kayleigh,21
CT,F,2003,Delaney,20
CT,F,2003,Fiona,20
CT,F,2003,Kaitlin,20
CT,F,2003,Kendall,20
CT,F,2003,Lydia,20
CT,F,2003,Mariana,20
CT,F,2003,Abby,19
CT,F,2003,Anastasia,19
CT,F,2003,Angelica,19
CT,F,2003,Casey,19
CT,F,2003,Cassidy,19
CT,F,2003,Natasha,19
CT,F,2003,Noelle,19
CT,F,2003,Sage,19
CT,F,2003,Skylar,19
CT,F,2003,Tessa,19
CT,F,2003,Adrianna,18
CT,F,2003,Francesca,18
CT,F,2003,Gillian,18
CT,F,2003,Julie,18
CT,F,2003,Kelsey,18
CT,F,2003,Nevaeh,18
CT,F,2003,Nora,18
CT,F,2003,Shelby,18
CT,F,2003,Allyson,17
CT,F,2003,Annabelle,17
CT,F,2003,Clara,17
CT,F,2003,Diamond,17
CT,F,2003,Evelyn,17
CT,F,2003,Kristina,17
CT,F,2003,Naomi,17
CT,F,2003,Rose,17
CT,F,2003,Tiana,17
CT,F,2003,Valerie,17
CT,F,2003,Brenna,16
CT,F,2003,Brittany,16
CT,F,2003,Eleanor,16
CT,F,2003,Kailey,16
CT,F,2003,Maeve,16
CT,F,2003,Nadia,16
CT,F,2003,Serena,16
CT,F,2003,Talia,16
CT,F,2003,Aliyah,15
CT,F,2003,Bethany,15
CT,F,2003,Hanna,15
CT,F,2003,Katharine,15
CT,F,2003,Kiera,15
CT,F,2003,Makenzie,15
CT,F,2003,Mariah,15
CT,F,2003,Mckenzie,15
CT,F,2003,Peyton,15
CT,F,2003,Rachael,15
CT,F,2003,Summer,15
CT,F,2003,Alanna,14
CT,F,2003,Brynn,14
CT,F,2003,Carolyn,14
CT,F,2003,Daniella,14
CT,F,2003,Gina,14
CT,F,2003,Gracie,14
CT,F,2003,Holly,14
CT,F,2003,Kara,14
CT,F,2003,Karen,14
CT,F,2003,Katie,14
CT,F,2003,Kyla,14
CT,F,2003,Miranda,14
CT,F,2003,Phoebe,14
CT,F,2003,Sadie,14
CT,F,2003,Stella,14
CT,F,2003,Alisha,13
CT,F,2003,Anne,13
CT,F,2003,Ayanna,13
CT,F,2003,Breanna,13
CT,F,2003,Cheyenne,13
CT,F,2003,Daisy,13
CT,F,2003,Daniela,13
CT,F,2003,Eliana,13
CT,F,2003,Elisabeth,13
CT,F,2003,Ellie,13
CT,F,2003,Janelle,13
CT,F,2003,Kiley,13
CT,F,2003,Kyra,13
CT,F,2003,Layla,13
CT,F,2003,Maggie,13
CT,F,2003,Mallory,13
CT,F,2003,Marisa,13
CT,F,2003,Monica,13
CT,F,2003,Piper,13
CT,F,2003,Savanna,13
CT,F,2003,Skyler,13
CT,F,2003,Alice,12
CT,F,2003,Allie,12
CT,F,2003,Bryanna,12
CT,F,2003,Christine,12
CT,F,2003,Ciara,12
CT,F,2003,Elise,12
CT,F,2003,Hope,12
CT,F,2003,Imani,12
CT,F,2003,Jaime,12
CT,F,2003,Jane,12
CT,F,2003,Jayda,12
CT,F,2003,Kassandra,12
CT,F,2003,Kassidy,12
CT,F,2003,Kiana,12
CT,F,2003,Leila,12
CT,F,2003,Lia,12
CT,F,2003,Lila,12
CT,F,2003,Liliana,12
CT,F,2003,Meredith,12
CT,F,2003,Renee,12
CT,F,2003,Tara,12
CT,F,2003,Thalia,12
CT,F,2003,Tori,12
CT,F,2003,Vivian,12
CT,F,2003,Aisha,11
CT,F,2003,Alivia,11
CT,F,2003,Camille,11
CT,F,2003,Cecilia,11
CT,F,2003,Colleen,11
CT,F,2003,Crystal,11
CT,F,2003,Cynthia,11
CT,F,2003,Desiree,11
CT,F,2003,Emilia,11
CT,F,2003,Giovanna,11
CT,F,2003,Jessie,11
CT,F,2003,Josephine,11
CT,F,2003,Katrina,11
CT,F,2003,Kristen,11
CT,F,2003,Lucia,11
CT,F,2003,Mckenna,11
CT,F,2003,Nia,11
CT,F,2003,Rylee,11
CT,F,2003,Shayla,11
CT,F,2003,Alaina,10
CT,F,2003,Alissa,10
CT,F,2003,Angel,10
CT,F,2003,Aniya,10
CT,F,2003,Ashleigh,10
CT,F,2003,Aubrey,10
CT,F,2003,Carissa,10
CT,F,2003,Claudia,10
CT,F,2003,Cristina,10
CT,F,2003,Dana,10
CT,F,2003,Georgia,10
CT,F,2003,Heaven,10
CT,F,2003,Ingrid,10
CT,F,2003,Jailyn,10
CT,F,2003,Jasmin,10
CT,F,2003,Jayden,10
CT,F,2003,Jazmine,10
CT,F,2003,Karla,10
CT,F,2003,Kaylie,10
CT,F,2003,Krystal,10
CT,F,2003,Lilly,10
CT,F,2003,Patricia,10
CT,F,2003,Payton,10
CT,F,2003,Ruby,10
CT,F,2003,Sasha,10
CT,F,2003,Shea,10
CT,F,2003,Teresa,10
CT,F,2003,Valentina,10
CT,F,2003,Alayna,9
CT,F,2003,Anika,9
CT,F,2003,Aniyah,9
CT,F,2003,Annika,9
CT,F,2003,Ashanti,9
CT,F,2003,Aurora,9
CT,F,2003,Baby,9
CT,F,2003,Callie,9
CT,F,2003,Cameron,9
CT,F,2003,Camila,9
CT,F,2003,Cara,9
CT,F,2003,Carley,9
CT,F,2003,Carolina,9
CT,F,2003,Cindy,9
CT,F,2003,Giuliana,9
CT,F,2003,Iris,9
CT,F,2003,Johanna,9
CT,F,2003,Juliet,9
CT,F,2003,Julissa,9
CT,F,2003,Leilani,9
CT,F,2003,Lena,9
CT,F,2003,Lexi,9
CT,F,2003,Lilliana,9
CT,F,2003,Madisyn,9
CT,F,2003,Makenna,9
CT,F,2003,Nyasia,9
CT,F,2003,Raven,9
CT,F,2003,Sandra,9
CT,F,2003,Skyla,9
CT,F,2003,Addison,8
CT,F,2003,Ainsley,8
CT,F,2003,Annie,8
CT,F,2003,Ariel,8
CT,F,2003,Ashlee,8
CT,F,2003,Asia,8
CT,F,2003,Barbara,8
CT,F,2003,Brooklyn,8
CT,F,2003,Denise,8
CT,F,2003,Devon,8
CT,F,2003,Dylan,8
CT,F,2003,Esther,8
CT,F,2003,Giana,8
CT,F,2003,Hailee,8
CT,F,2003,Hayden,8
CT,F,2003,Helen,8
CT,F,2003,Isabela,8
CT,F,2003,Jadyn,8
CT,F,2003,Janae,8
CT,F,2003,Jazmin,8
CT,F,2003,Joanna,8
CT,F,2003,Juliette,8
CT,F,2003,Kaila,8
CT,F,2003,Kaya,8
CT,F,2003,Keira,8
CT,F,2003,Kendra,8
CT,F,2003,Kira,8
CT,F,2003,Krista,8
CT,F,2003,Maia,8
CT,F,2003,Melody,8
CT,F,2003,Mikaela,8
CT,F,2003,Nancy,8
CT,F,2003,Priscilla,8
CT,F,2003,Rebekah,8
CT,F,2003,Rylie,8
CT,F,2003,Selena,8
CT,F,2003,Serenity,8
CT,F,2003,Susan,8
CT,F,2003,Tabitha,8
CT,F,2003,Tatum,8
CT,F,2003,Tatyana,8
CT,F,2003,Tess,8
CT,F,2003,Abbey,7
CT,F,2003,Alessandra,7
CT,F,2003,Amiya,7
CT,F,2003,Annabella,7
CT,F,2003,Brenda,7
CT,F,2003,Cierra,7
CT,F,2003,Clarissa,7
CT,F,2003,Dakota,7
CT,F,2003,Elaina,7
CT,F,2003,Emely,7
CT,F,2003,Emerson,7
CT,F,2003,Giselle,7
CT,F,2003,Hadley,7
CT,F,2003,Haylie,7
CT,F,2003,Helena,7
CT,F,2003,Janiah,7
CT,F,2003,Justine,7
CT,F,2003,Luz,7
CT,F,2003,Mara,7
CT,F,2003,Marguerite,7
CT,F,2003,Marianna,7
CT,F,2003,Marina,7
CT,F,2003,Meaghan,7
CT,F,2003,Phoenix,7
CT,F,2003,Quinn,7
CT,F,2003,Ryleigh,7
CT,F,2003,Sarai,7
CT,F,2003,Taina,7
CT,F,2003,Tania,7
CT,F,2003,Willow,7
CT,F,2003,Abigale,6
CT,F,2003,Aida,6
CT,F,2003,Alejandra,6
CT,F,2003,Alessia,6
CT,F,2003,Alina,6
CT,F,2003,Ally,6
CT,F,2003,Alyson,6
CT,F,2003,Amari,6
CT,F,2003,Anabel,6
CT,F,2003,Anjali,6
CT,F,2003,Antonia,6
CT,F,2003,Armani,6
CT,F,2003,Aryana,6
CT,F,2003,Ashlyn,6
CT,F,2003,Bella,6
CT,F,2003,Britney,6
CT,F,2003,Camryn,6
CT,F,2003,Carmen,6
CT,F,2003,Cassie,6
CT,F,2003,Celia,6
CT,F,2003,Clare,6
CT,F,2003,Deanna,6
CT,F,2003,Deborah,6
CT,F,2003,Devin,6
CT,F,2003,Diane,6
CT,F,2003,Eden,6
CT,F,2003,Elisa,6
CT,F,2003,Ellen,6
CT,F,2003,Eloise,6
CT,F,2003,Ericka,6
CT,F,2003,Eve,6
CT,F,2003,Fatima,6
CT,F,2003,Felicia,6
CT,F,2003,Fernanda,6
CT,F,2003,Genevieve,6
CT,F,2003,Gwendolyn,6
CT,F,2003,Hazel,6
CT,F,2003,India,6
CT,F,2003,Iyanna,6
CT,F,2003,Izabella,6
CT,F,2003,Jaclyn,6
CT,F,2003,Jaden,6
CT,F,2003,Janessa,6
CT,F,2003,Janiyah,6
CT,F,2003,Jayla,6
CT,F,2003,Jaylee,6
CT,F,2003,Jaylyn,6
CT,F,2003,Jenesis,6
CT,F,2003,Joyce,6
CT,F,2003,Julianne,6
CT,F,2003,Kaelyn,6
CT,F,2003,Karleigh,6
CT,F,2003,Katelynn,6
CT,F,2003,Kaylin,6
CT,F,2003,Kennedy,6
CT,F,2003,Kristin,6
CT,F,2003,Kyara,6
CT,F,2003,Kylee,6
CT,F,2003,Laci,6
CT,F,2003,Laila,6
CT,F,2003,Laurel,6
CT,F,2003,Liana,6
CT,F,2003,Lisa,6
CT,F,2003,Logan,6
CT,F,2003,Lola,6
CT,F,2003,Madyson,6
CT,F,2003,Margaux,6
CT,F,2003,Martina,6
CT,F,2003,Maura,6
CT,F,2003,Mckayla,6
CT,F,2003,Melina,6
CT,F,2003,Paula,6
CT,F,2003,Paulina,6
CT,F,2003,Reilly,6
CT,F,2003,Shayna,6
CT,F,2003,Shreya,6
CT,F,2003,Sidney,6
CT,F,2003,Tianna,6
CT,F,2003,Wendy,6
CT,F,2003,Yashira,6
CT,F,2003,Yasmine,6
CT,F,2003,Zoey,6
CT,F,2003,Aimee,5
CT,F,2003,Alecia,5
CT,F,2003,Aleena,5
CT,F,2003,Alena,5
CT,F,2003,Amalia,5
CT,F,2003,Anabelle,5
CT,F,2003,Anaya,5
CT,F,2003,Angelique,5
CT,F,2003,Anisa,5
CT,F,2003,Anneliese,5
CT,F,2003,Annette,5
CT,F,2003,Arden,5
CT,F,2003,Ayesha,5
CT,F,2003,Beverly,5
CT,F,2003,Brianne,5
CT,F,2003,Cailey,5
CT,F,2003,Camilla,5
CT,F,2003,Candace,5
CT,F,2003,Carina,5
CT,F,2003,Chase,5
CT,F,2003,Delia,5
CT,F,2003,Elaine,5
CT,F,2003,Elle,5
CT,F,2003,Elsa,5
CT,F,2003,Elyssa,5
CT,F,2003,Faye,5
CT,F,2003,Guadalupe,5
CT,F,2003,Halle,5
CT,F,2003,Hallie,5
CT,F,2003,Ilana,5
CT,F,2003,Isyss,5
CT,F,2003,Ivy,5
CT,F,2003,Jacquelyn,5
CT,F,2003,Jaida,5
CT,F,2003,Jania,5
CT,F,2003,Jayleen,5
CT,F,2003,Jenny,5
CT,F,2003,Joelle,5
CT,F,2003,Joselyn,5
CT,F,2003,Josie,5
CT,F,2003,Joslyn,5
CT,F,2003,Kaleigh,5
CT,F,2003,Kamryn,5
CT,F,2003,Katarina,5
CT,F,2003,Katerina,5
CT,F,2003,Kaylyn,5
CT,F,2003,Kirsten,5
CT,F,2003,Kristine,5
CT,F,2003,Lauryn,5
CT,F,2003,Lesley,5
CT,F,2003,Lesly,5
CT,F,2003,Lilian,5
CT,F,2003,Lillie,5
CT,F,2003,Linda,5
CT,F,2003,Liv,5
CT,F,2003,Livia,5
CT,F,2003,Lizbeth,5
CT,F,2003,Lorelai,5
CT,F,2003,Lucille,5
CT,F,2003,Lyla,5
CT,F,2003,Macy,5
CT,F,2003,Melany,5
CT,F,2003,Melisa,5
CT,F,2003,Monika,5
CT,F,2003,Monique,5
CT,F,2003,Myra,5
CT,F,2003,Neha,5
CT,F,2003,Nyla,5
CT,F,2003,Paris,5
CT,F,2003,Princess,5
CT,F,2003,Reese,5
CT,F,2003,Rhiannon,5
CT,F,2003,Ria,5
CT,F,2003,Rosemary,5
CT,F,2003,Ryan,5
CT,F,2003,Samira,5
CT,F,2003,Sarina,5
CT,F,2003,Savanah,5
CT,F,2003,Sonia,5
CT,F,2003,Stephany,5
CT,F,2003,Tahlia,5
CT,F,2003,Tamara,5
CT,F,2003,Tatyanna,5
CT,F,2003,Theresa,5
CT,F,2003,Tyler,5
CT,F,2003,Valeria,5
CT,F,2003,Virginia,5
CT,F,2003,Xiomara,5
CT,F,2003,Zaria,5
CT,F,2004,Emily,309
CT,F,2004,Olivia,303
CT,F,2004,Emma,280
CT,F,2004,Isabella,238
CT,F,2004,Samantha,222
CT,F,2004,Madison,210
CT,F,2004,Julia,193
CT,F,2004,Grace,187
CT,F,2004,Sophia,177
CT,F,2004,Sarah,176
CT,F,2004,Abigail,173
CT,F,2004,Ashley,162
CT,F,2004,Ava,153
CT,F,2004,Elizabeth,144
CT,F,2004,Alexandra,134
CT,F,2004,Alyssa,124
CT,F,2004,Brianna,122
CT,F,2004,Kayla,121
CT,F,2004,Lauren,118
CT,F,2004,Anna,117
CT,F,2004,Hannah,115
CT,F,2004,Jessica,108
CT,F,2004,Katherine,107
CT,F,2004,Nicole,103
CT,F,2004,Victoria,101
CT,F,2004,Mia,100
CT,F,2004,Natalie,100
CT,F,2004,Ella,99
CT,F,2004,Lily,99
CT,F,2004,Sydney,98
CT,F,2004,Gabriella,95
CT,F,2004,Alexis,94
CT,F,2004,Caroline,89
CT,F,2004,Morgan,89
CT,F,2004,Amanda,88
CT,F,2004,Brooke,87
CT,F,2004,Rachel,85
CT,F,2004,Kaitlyn,82
CT,F,2004,Taylor,80
CT,F,2004,Hailey,77
CT,F,2004,Megan,77
CT,F,2004,Jenna,76
CT,F,2004,Allison,72
CT,F,2004,Rebecca,72
CT,F,2004,Erin,71
CT,F,2004,Sofia,71
CT,F,2004,Alexa,69
CT,F,2004,Mackenzie,65
CT,F,2004,Gianna,64
CT,F,2004,Paige,64
CT,F,2004,Riley,64
CT,F,2004,Zoe,64
CT,F,2004,Jordan,62
CT,F,2004,Molly,61
CT,F,2004,Catherine,60
CT,F,2004,Jennifer,60
CT,F,2004,Madeline,60
CT,F,2004,Leah,59
CT,F,2004,Amelia,58
CT,F,2004,Maya,57
CT,F,2004,Chloe,56
CT,F,2004,Arianna,54
CT,F,2004,Charlotte,54
CT,F,2004,Michelle,54
CT,F,2004,Stephanie,54
CT,F,2004,Jillian,53
CT,F,2004,Angelina,52
CT,F,2004,Ariana,51
CT,F,2004,Jasmine,51
CT,F,2004,Mary,50
CT,F,2004,Sara,50
CT,F,2004,Trinity,50
CT,F,2004,Gabrielle,49
CT,F,2004,Margaret,49
CT,F,2004,Faith,48
CT,F,2004,Kathryn,48
CT,F,2004,Kylie,48
CT,F,2004,Makayla,48
CT,F,2004,Katelyn,47
CT,F,2004,Destiny,46
CT,F,2004,Juliana,46
CT,F,2004,Maria,46
CT,F,2004,Caitlin,45
CT,F,2004,Jacqueline,45
CT,F,2004,Sophie,44
CT,F,2004,Avery,43
CT,F,2004,Julianna,42
CT,F,2004,Kaylee,42
CT,F,2004,Danielle,41
CT,F,2004,Savannah,41
CT,F,2004,Sabrina,40
CT,F,2004,Gabriela,39
CT,F,2004,Haley,39
CT,F,2004,Isabelle,39
CT,F,2004,Lillian,39
CT,F,2004,Vanessa,39
CT,F,2004,Bridget,38
CT,F,2004,Isabel,38
CT,F,2004,Marissa,38
CT,F,2004,Christina,37
CT,F,2004,Adriana,36
CT,F,2004,Lindsey,36
CT,F,2004,Aaliyah,35
CT,F,2004,Amber,35
CT,F,2004,Amy,35
CT,F,2004,Jocelyn,35
CT,F,2004,Kelly,35
CT,F,2004,Melanie,35
CT,F,2004,Autumn,34
CT,F,2004,Claire,34
CT,F,2004,Jade,34
CT,F,2004,Lindsay,34
CT,F,2004,Madelyn,34
CT,F,2004,Tatiana,33
CT,F,2004,Carly,32
CT,F,2004,Cassandra,32
CT,F,2004,Jada,32
CT,F,2004,Kimberly,32
CT,F,2004,Nina,32
CT,F,2004,Audrey,31
CT,F,2004,Courtney,31
CT,F,2004,Meghan,30
CT,F,2004,Mikayla,30
CT,F,2004,Natalia,30
CT,F,2004,Nevaeh,30
CT,F,2004,Kate,29
CT,F,2004,Andrea,28
CT,F,2004,Bianca,28
CT,F,2004,Jamie,28
CT,F,2004,Angela,27
CT,F,2004,Daniela,27
CT,F,2004,Katie,27
CT,F,2004,Shannon,27
CT,F,2004,Genesis,26
CT,F,2004,Skylar,26
CT,F,2004,Alana,25
CT,F,2004,Erica,25
CT,F,2004,Fiona,25
CT,F,2004,Laura,25
CT,F,2004,Melissa,25
CT,F,2004,Veronica,25
CT,F,2004,Alicia,24
CT,F,2004,Amaya,24
CT,F,2004,Bailey,24
CT,F,2004,Eliza,24
CT,F,2004,Kiara,24
CT,F,2004,Mya,24
CT,F,2004,Sierra,24
CT,F,2004,Lydia,23
CT,F,2004,Michaela,23
CT,F,2004,Nora,23
CT,F,2004,Adrianna,22
CT,F,2004,Alison,22
CT,F,2004,Chelsea,22
CT,F,2004,Eva,22
CT,F,2004,Jordyn,22
CT,F,2004,Kristina,22
CT,F,2004,Lucy,22
CT,F,2004,Madeleine,22
CT,F,2004,Maggie,22
CT,F,2004,Shelby,22
CT,F,2004,Diana,21
CT,F,2004,Elena,21
CT,F,2004,Kayleigh,21
CT,F,2004,Kelsey,21
CT,F,2004,Kyla,21
CT,F,2004,Sadie,21
CT,F,2004,Alexia,20
CT,F,2004,Emilia,20
CT,F,2004,Erika,20
CT,F,2004,Layla,20
CT,F,2004,Ashlyn,19
CT,F,2004,Caitlyn,19
CT,F,2004,Evelyn,19
CT,F,2004,Karina,19
CT,F,2004,Lia,19
CT,F,2004,Mariah,19
CT,F,2004,Naomi,19
CT,F,2004,Peyton,19
CT,F,2004,Sage,19
CT,F,2004,Talia,19
CT,F,2004,Tessa,19
CT,F,2004,Ana,18
CT,F,2004,Camryn,18
CT,F,2004,Eleanor,18
CT,F,2004,Karen,18
CT,F,2004,Abby,17
CT,F,2004,Daniella,17
CT,F,2004,Francesca,17
CT,F,2004,Gillian,17
CT,F,2004,Jayda,17
CT,F,2004,Kailey,17
CT,F,2004,Kendall,17
CT,F,2004,Kyra,17
CT,F,2004,Laila,17
CT,F,2004,Lila,17
CT,F,2004,Lilly,17
CT,F,2004,Piper,17
CT,F,2004,Tiffany,17
CT,F,2004,Alexandria,16
CT,F,2004,Angelica,16
CT,F,2004,Briana,16
CT,F,2004,Cassidy,16
CT,F,2004,Cheyenne,16
CT,F,2004,Claudia,16
CT,F,2004,Ellie,16
CT,F,2004,Katrina,16
CT,F,2004,Tiana,16
CT,F,2004,Zoey,16
CT,F,2004,Anne,15
CT,F,2004,Asia,15
CT,F,2004,Diamond,15
CT,F,2004,Elise,15
CT,F,2004,Jazmin,15
CT,F,2004,Julie,15
CT,F,2004,Keira,15
CT,F,2004,Mallory,15
CT,F,2004,Ruby,15
CT,F,2004,Alissa,14
CT,F,2004,Anastasia,14
CT,F,2004,Cameron,14
CT,F,2004,Camila,14
CT,F,2004,Delaney,14
CT,F,2004,Esther,14
CT,F,2004,Giovanna,14
CT,F,2004,Giselle,14
CT,F,2004,Kiera,14
CT,F,2004,Leila,14
CT,F,2004,Liliana,14
CT,F,2004,Lucia,14
CT,F,2004,Mckenna,14
CT,F,2004,Noelle,14
CT,F,2004,Payton,14
CT,F,2004,Rachael,14
CT,F,2004,Rose,14
CT,F,2004,Serena,14
CT,F,2004,Shayla,14
CT,F,2004,Stella,14
CT,F,2004,Allyson,13
CT,F,2004,Aniya,13
CT,F,2004,Breanna,13
CT,F,2004,Genevieve,13
CT,F,2004,Hanna,13
CT,F,2004,Heather,13
CT,F,2004,Josephine,13
CT,F,2004,Julianne,13
CT,F,2004,Kathleen,13
CT,F,2004,Kristen,13
CT,F,2004,Lizbeth,13
CT,F,2004,Marina,13
CT,F,2004,Miranda,13
CT,F,2004,Phoebe,13
CT,F,2004,Rylee,13
CT,F,2004,Summer,13
CT,F,2004,Valerie,13
CT,F,2004,Aliyah,12
CT,F,2004,Britney,12
CT,F,2004,Cadence,12
CT,F,2004,Clare,12
CT,F,2004,Elisabeth,12
CT,F,2004,Georgia,12
CT,F,2004,Juliette,12
CT,F,2004,Kaitlin,12
CT,F,2004,Katharine,12
CT,F,2004,Mariana,12
CT,F,2004,Meredith,12
CT,F,2004,Norah,12
CT,F,2004,Rebekah,12
CT,F,2004,Shania,12
CT,F,2004,Vivian,12
CT,F,2004,Aiyana,11
CT,F,2004,Aubrey,11
CT,F,2004,Carissa,11
CT,F,2004,Carolina,11
CT,F,2004,Cecilia,11
CT,F,2004,Christine,11
CT,F,2004,Ciara,11
CT,F,2004,Deanna,11
CT,F,2004,Hayley,11
CT,F,2004,Holly,11
CT,F,2004,Jayla,11
CT,F,2004,Kaleigh,11
CT,F,2004,Kara,11
CT,F,2004,Kira,11
CT,F,2004,Lexi,11
CT,F,2004,Lola,11
CT,F,2004,Nia,11
CT,F,2004,Reagan,11
CT,F,2004,Renee,11
CT,F,2004,Tara,11
CT,F,2004,Alanna,10
CT,F,2004,Alyson,10
CT,F,2004,Amari,10
CT,F,2004,Annabelle,10
CT,F,2004,Ashanti,10
CT,F,2004,Ayanna,10
CT,F,2004,Bella,10
CT,F,2004,Carolyn,10
CT,F,2004,Eve,10
CT,F,2004,Gracie,10
CT,F,2004,Helen,10
CT,F,2004,Janessa,10
CT,F,2004,Janiya,10
CT,F,2004,Kaya,10
CT,F,2004,Kendra,10
CT,F,2004,Kiley,10
CT,F,2004,Kylee,10
CT,F,2004,Leilani,10
CT,F,2004,Liana,10
CT,F,2004,Maeve,10
CT,F,2004,Nancy,10
CT,F,2004,Pamela,10
CT,F,2004,Shea,10
CT,F,2004,Tatyana,10
CT,F,2004,Teresa,10
CT,F,2004,Thalia,10
CT,F,2004,Alaina,9
CT,F,2004,Alivia,9
CT,F,2004,Anika,9
CT,F,2004,Ashlee,9
CT,F,2004,Bethany,9
CT,F,2004,Brenda,9
CT,F,2004,Brenna,9
CT,F,2004,Crystal,9
CT,F,2004,Cynthia,9
CT,F,2004,Daisy,9
CT,F,2004,Elle,9
CT,F,2004,Emely,9
CT,F,2004,Felicia,9
CT,F,2004,Giana,9
CT,F,2004,Gina,9
CT,F,2004,Hope,9
CT,F,2004,Imani,9
CT,F,2004,Isabela,9
CT,F,2004,Ivy,9
CT,F,2004,Jaime,9
CT,F,2004,Jane,9
CT,F,2004,Johanna,9
CT,F,2004,Joy,9
CT,F,2004,Juliet,9
CT,F,2004,Kasey,9
CT,F,2004,Katarina,9
CT,F,2004,Katelynn,9
CT,F,2004,Kaylah,9
CT,F,2004,Krystal,9
CT,F,2004,Mckenzie,9
CT,F,2004,Melody,9
CT,F,2004,Monica,9
CT,F,2004,Nadia,9
CT,F,2004,Natasha,9
CT,F,2004,Nyasia,9
CT,F,2004,Paris,9
CT,F,2004,Reilly,9
CT,F,2004,Sandra,9
CT,F,2004,Selena,9
CT,F,2004,Skye,9
CT,F,2004,Tori,9
CT,F,2004,Valentina,9
CT,F,2004,Alejandra,8
CT,F,2004,Alessandra,8
CT,F,2004,Allie,8
CT,F,2004,Angel,8
CT,F,2004,Aniyah,8
CT,F,2004,Annika,8
CT,F,2004,Ariel,8
CT,F,2004,Ashleigh,8
CT,F,2004,Athena,8
CT,F,2004,Ayana,8
CT,F,2004,Baby,8
CT,F,2004,Beatrice,8
CT,F,2004,Callie,8
CT,F,2004,Camille,8
CT,F,2004,Clara,8
CT,F,2004,Dakota,8
CT,F,2004,Destinee,8
CT,F,2004,Drew,8
CT,F,2004,Dylan,8
CT,F,2004,Eliana,8
CT,F,2004,Fatima,8
CT,F,2004,Jaelyn,8
CT,F,2004,Kassandra,8
CT,F,2004,Kirsten,8
CT,F,2004,Macy,8
CT,F,2004,Madisyn,8
CT,F,2004,Maia,8
CT,F,2004,Makenna,8
CT,F,2004,Makenzie,8
CT,F,2004,Marie,8
CT,F,2004,Patricia,8
CT,F,2004,Priscilla,8
CT,F,2004,Scarlett,8
CT,F,2004,Serenity,8
CT,F,2004,Siena,8
CT,F,2004,Tamia,8
CT,F,2004,Teagan,8
CT,F,2004,Theresa,8
CT,F,2004,Tia,8
CT,F,2004,Tianna,8
CT,F,2004,Alayna,7
CT,F,2004,Alisha,7
CT,F,2004,Ally,7
CT,F,2004,Annie,7
CT,F,2004,Anya,7
CT,F,2004,Breana,7
CT,F,2004,Brooklyn,7
CT,F,2004,Casey,7
CT,F,2004,Catalina,7
CT,F,2004,Colleen,7
CT,F,2004,Cora,7
CT,F,2004,Devon,7
CT,F,2004,Elaina,7
CT,F,2004,Ellen,7
CT,F,2004,Essence,7
CT,F,2004,Frances,7
CT,F,2004,Giuliana,7
CT,F,2004,Heidi,7
CT,F,2004,Iris,7
CT,F,2004,Isha,7
CT,F,2004,Jaylee,7
CT,F,2004,Joanna,7
CT,F,2004,Kailyn,7
CT,F,2004,Kiana,7
CT,F,2004,Kiersten,7
CT,F,2004,Lara,7
CT,F,2004,Leslie,7
CT,F,2004,Lesly,7
CT,F,2004,Lilliana,7
CT,F,2004,Livia,7
CT,F,2004,Logan,7
CT,F,2004,Maura,7
CT,F,2004,Meagan,7
CT,F,2004,Nichole,7
CT,F,2004,Nyla,7
CT,F,2004,Paula,7
CT,F,2004,Simone,7
CT,F,2004,Sylvia,7
CT,F,2004,Taina,7
CT,F,2004,Taryn,7
CT,F,2004,Tatum,7
CT,F,2004,Tess,7
CT,F,2004,Tyler,7
CT,F,2004,Virginia,7
CT,F,2004,Aimee,6
CT,F,2004,Aleena,6
CT,F,2004,Alice,6
CT,F,2004,Amelie,6
CT,F,2004,Anabelle,6
CT,F,2004,Anaya,6
CT,F,2004,Aryana,6
CT,F,2004,Ashlynn,6
CT,F,2004,Aurora,6
CT,F,2004,Brynn,6
CT,F,2004,Celeste,6
CT,F,2004,Dayanara,6
CT,F,2004,Diya,6
CT,F,2004,Elisa,6
CT,F,2004,Elsa,6
CT,F,2004,Greta,6
CT,F,2004,Gwyneth,6
CT,F,2004,Halle,6
CT,F,2004,Hallie,6
CT,F,2004,Haylee,6
CT,F,2004,Heaven,6
CT,F,2004,Jaida,6
CT,F,2004,Jaiden,6
CT,F,2004,Janelle,6
CT,F,2004,Jayden,6
CT,F,2004,Joselyn,6
CT,F,2004,Justine,6
CT,F,2004,Kassidy,6
CT,F,2004,Kayley,6
CT,F,2004,Kaylie,6
CT,F,2004,Kennedy,6
CT,F,2004,Kimora,6
CT,F,2004,Kristin,6
CT,F,2004,Lea,6
CT,F,2004,Marcella,6
CT,F,2004,Marianna,6
CT,F,2004,Marisa,6
CT,F,2004,Marley,6
CT,F,2004,Melina,6
CT,F,2004,Mercedes,6
CT,F,2004,Milena,6
CT,F,2004,Rhea,6
CT,F,2004,Rory,6
CT,F,2004,Ruth,6
CT,F,2004,Sasha,6
CT,F,2004,Shreya,6
CT,F,2004,Skyler,6
CT,F,2004,Tania,6
CT,F,2004,Whitney,6
CT,F,2004,Yasmin,6
CT,F,2004,Abigale,5
CT,F,2004,Adalia,5
CT,F,2004,Adeline,5
CT,F,2004,Adrienne,5
CT,F,2004,Ainsley,5
CT,F,2004,Aisha,5
CT,F,2004,Aislinn,5
CT,F,2004,Aliana,5
CT,F,2004,Alisa,5
CT,F,2004,Amya,5
CT,F,2004,Anais,5
CT,F,2004,Angie,5
CT,F,2004,Annabella,5
CT,F,2004,Arielle,5
CT,F,2004,Armani,5
CT,F,2004,Ayla,5
CT,F,2004,Brittney,5
CT,F,2004,Bryanna,5
CT,F,2004,Calista,5
CT,F,2004,Campbell,5
CT,F,2004,Carina,5
CT,F,2004,Celia,5
CT,F,2004,Celine,5
CT,F,2004,Chanel,5
CT,F,2004,Charlize,5
CT,F,2004,Christiana,5
CT,F,2004,Cristina,5
CT,F,2004,Dana,5
CT,F,2004,Dayana,5
CT,F,2004,Desiree,5
CT,F,2004,Eden,5
CT,F,2004,Eloise,5
CT,F,2004,Emani,5
CT,F,2004,Emerson,5
CT,F,2004,Emilee,5
CT,F,2004,Gia,5
CT,F,2004,Haylie,5
CT,F,2004,Helena,5
CT,F,2004,Irene,5
CT,F,2004,Iyanna,5
CT,F,2004,Jaden,5
CT,F,2004,Jadyn,5
CT,F,2004,Janiah,5
CT,F,2004,Jasmin,5
CT,F,2004,Jayleen,5
CT,F,2004,Jazlyn,5
CT,F,2004,Jazlynn,5
CT,F,2004,Jazmine,5
CT,F,2004,Jessie,5
CT,F,2004,Julissa,5
CT,F,2004,Kai,5
CT,F,2004,Kaila,5
CT,F,2004,Kaiya,5
CT,F,2004,Kamryn,5
CT,F,2004,Karla,5
CT,F,2004,Karlee,5
CT,F,2004,Katy,5
CT,F,2004,Kaylin,5
CT,F,2004,Lacey,5
CT,F,2004,Laci,5
CT,F,2004,Laniya,5
CT,F,2004,Linda,5
CT,F,2004,Lisette,5
CT,F,2004,Lucille,5
CT,F,2004,Magdalena,5
CT,F,2004,Marilyn,5
CT,F,2004,Marin,5
CT,F,2004,Maritza,5
CT,F,2004,Mila,5
CT,F,2004,Miracle,5
CT,F,2004,Moira,5
CT,F,2004,Neha,5
CT,F,2004,Paola,5
CT,F,2004,Paulina,5
CT,F,2004,Penelope,5
CT,F,2004,Princess,5
CT,F,2004,Priya,5
CT,F,2004,Raquel,5
CT,F,2004,Raven,5
CT,F,2004,Reese,5
CT,F,2004,Regina,5
CT,F,2004,Rowan,5
CT,F,2004,Rylie,5
CT,F,2004,Saige,5
CT,F,2004,Samara,5
CT,F,2004,Sanaa,5
CT,F,2004,Sanai,5
CT,F,2004,Sheridan,5
CT,F,2004,Sonia,5
CT,F,2004,Susan,5
CT,F,2004,Sydnie,5
CT,F,2004,Tanisha,5
CT,F,2004,Tyana,5
CT,F,2004,Violet,5
CT,F,2004,Yolanda,5
CT,F,2005,Olivia,270
CT,F,2005,Emily,261
CT,F,2005,Ava,237
CT,F,2005,Emma,220
CT,F,2005,Isabella,219
CT,F,2005,Madison,207
CT,F,2005,Abigail,201
CT,F,2005,Grace,200
CT,F,2005,Sophia,197
CT,F,2005,Samantha,195
CT,F,2005,Julia,177
CT,F,2005,Elizabeth,164
CT,F,2005,Sarah,159
CT,F,2005,Katherine,139
CT,F,2005,Hannah,136
CT,F,2005,Mia,135
CT,F,2005,Ashley,126
CT,F,2005,Alexandra,117
CT,F,2005,Lauren,115
CT,F,2005,Anna,114
CT,F,2005,Kayla,113
CT,F,2005,Alyssa,111
CT,F,2005,Ella,109
CT,F,2005,Brianna,107
CT,F,2005,Gabriella,104
CT,F,2005,Natalie,104
CT,F,2005,Hailey,101
CT,F,2005,Victoria,98
CT,F,2005,Alexis,96
CT,F,2005,Sofia,89
CT,F,2005,Lily,88
CT,F,2005,Kaitlyn,86
CT,F,2005,Sydney,86
CT,F,2005,Amanda,84
CT,F,2005,Taylor,83
CT,F,2005,Gianna,82
CT,F,2005,Jessica,78
CT,F,2005,Caroline,77
CT,F,2005,Nicole,73
CT,F,2005,Alexa,72
CT,F,2005,Rachel,72
CT,F,2005,Amelia,71
CT,F,2005,Chloe,70
CT,F,2005,Morgan,68
CT,F,2005,Maya,67
CT,F,2005,Angelina,66
CT,F,2005,Avery,65
CT,F,2005,Charlotte,65
CT,F,2005,Megan,65
CT,F,2005,Riley,63
CT,F,2005,Jenna,62
CT,F,2005,Molly,62
CT,F,2005,Catherine,61
CT,F,2005,Brooke,59
CT,F,2005,Madeline,59
CT,F,2005,Paige,57
CT,F,2005,Sophie,57
CT,F,2005,Mackenzie,56
CT,F,2005,Stephanie,56
CT,F,2005,Destiny,55
CT,F,2005,Jennifer,55
CT,F,2005,Allison,54
CT,F,2005,Zoe,54
CT,F,2005,Ariana,53
CT,F,2005,Sara,52
CT,F,2005,Arianna,50
CT,F,2005,Caitlin,49
CT,F,2005,Gabrielle,49
CT,F,2005,Makayla,48
CT,F,2005,Jada,47
CT,F,2005,Lillian,47
CT,F,2005,Audrey,46
CT,F,2005,Jasmine,46
CT,F,2005,Leah,46
CT,F,2005,Rebecca,46
CT,F,2005,Kiara,44
CT,F,2005,Mary,44
CT,F,2005,Isabelle,43
CT,F,2005,Faith,42
CT,F,2005,Kaylee,42
CT,F,2005,Kelly,42
CT,F,2005,Kylie,42
CT,F,2005,Haley,41
CT,F,2005,Danielle,40
CT,F,2005,Kathryn,40
CT,F,2005,Kate,39
CT,F,2005,Mya,39
CT,F,2005,Erin,38
CT,F,2005,Natalia,38
CT,F,2005,Savannah,38
CT,F,2005,Adrianna,37
CT,F,2005,Claire,37
CT,F,2005,Maria,37
CT,F,2005,Marissa,37
CT,F,2005,Nevaeh,37
CT,F,2005,Christina,36
CT,F,2005,Jordan,36
CT,F,2005,Kimberly,36
CT,F,2005,Vanessa,36
CT,F,2005,Ciara,35
CT,F,2005,Jillian,35
CT,F,2005,Katelyn,35
CT,F,2005,Jacqueline,34
CT,F,2005,Julianna,34
CT,F,2005,Laura,34
CT,F,2005,Trinity,34
CT,F,2005,Adriana,33
CT,F,2005,Evelyn,33
CT,F,2005,Gabriela,33
CT,F,2005,Margaret,33
CT,F,2005,Andrea,32
CT,F,2005,Eva,32
CT,F,2005,Jocelyn,32
CT,F,2005,Juliana,32
CT,F,2005,Meghan,32
CT,F,2005,Aaliyah,31
CT,F,2005,Mariah,31
CT,F,2005,Michelle,31
CT,F,2005,Veronica,31
CT,F,2005,Isabel,30
CT,F,2005,Lindsay,30
CT,F,2005,Lindsey,30
CT,F,2005,Mikayla,30
CT,F,2005,Caitlyn,29
CT,F,2005,Carly,29
CT,F,2005,Cassandra,29
CT,F,2005,Jamie,29
CT,F,2005,Madelyn,29
CT,F,2005,Shannon,29
CT,F,2005,Skylar,29
CT,F,2005,Summer,29
CT,F,2005,Tatiana,29
CT,F,2005,Melissa,28
CT,F,2005,Nina,28
CT,F,2005,Amber,27
CT,F,2005,Amy,27
CT,F,2005,Lucy,27
CT,F,2005,Sabrina,27
CT,F,2005,Sierra,27
CT,F,2005,Stella,27
CT,F,2005,Bianca,26
CT,F,2005,Melanie,26
CT,F,2005,Diana,25
CT,F,2005,Elena,25
CT,F,2005,Katie,25
CT,F,2005,Katrina,25
CT,F,2005,Kelsey,25
CT,F,2005,Kendall,25
CT,F,2005,Sadie,25
CT,F,2005,Alana,24
CT,F,2005,Alicia,23
CT,F,2005,Briana,23
CT,F,2005,Cassidy,23
CT,F,2005,Angela,22
CT,F,2005,Angelica,22
CT,F,2005,Autumn,22
CT,F,2005,Chelsea,22
CT,F,2005,Elise,22
CT,F,2005,Jordyn,22
CT,F,2005,Naomi,22
CT,F,2005,Delaney,21
CT,F,2005,Francesca,21
CT,F,2005,Sienna,21
CT,F,2005,Bridget,20
CT,F,2005,Courtney,20
CT,F,2005,Kathleen,20
CT,F,2005,Michaela,20
CT,F,2005,Payton,20
CT,F,2005,Alexia,19
CT,F,2005,Anne,19
CT,F,2005,Casey,19
CT,F,2005,Clara,19
CT,F,2005,Eliza,19
CT,F,2005,Genesis,19
CT,F,2005,Jade,19
CT,F,2005,Jazmin,19
CT,F,2005,Kristina,19
CT,F,2005,Miranda,19
CT,F,2005,Paris,19
CT,F,2005,Tessa,19
CT,F,2005,Abby,18
CT,F,2005,Aniyah,18
CT,F,2005,Breanna,18
CT,F,2005,Georgia,18
CT,F,2005,Hanna,18
CT,F,2005,Jane,18
CT,F,2005,Kyla,18
CT,F,2005,Layla,18
CT,F,2005,Leila,18
CT,F,2005,Alexandria,17
CT,F,2005,Alivia,17
CT,F,2005,Aliyah,17
CT,F,2005,Camila,17
CT,F,2005,Camille,17
CT,F,2005,Heather,17
CT,F,2005,Jasmin,17
CT,F,2005,Liliana,17
CT,F,2005,Reagan,17
CT,F,2005,Skyler,17
CT,F,2005,Alice,16
CT,F,2005,Amaya,16
CT,F,2005,Bella,16
CT,F,2005,Celia,16
CT,F,2005,Dakota,16
CT,F,2005,Daniela,16
CT,F,2005,Daniella,16
CT,F,2005,Eleanor,16
CT,F,2005,Eliana,16
CT,F,2005,Hayley,16
CT,F,2005,Kaitlin,16
CT,F,2005,Kayleigh,16
CT,F,2005,Kyra,16
CT,F,2005,Nadia,16
CT,F,2005,Nora,16
CT,F,2005,Peyton,16
CT,F,2005,Ruby,16
CT,F,2005,Shelby,16
CT,F,2005,Talia,16
CT,F,2005,Tiffany,16
CT,F,2005,Valerie,16
CT,F,2005,Annabelle,15
CT,F,2005,Ariel,15
CT,F,2005,Aubrey,15
CT,F,2005,Erika,15
CT,F,2005,Heaven,15
CT,F,2005,Keira,15
CT,F,2005,Kiera,15
CT,F,2005,Madeleine,15
CT,F,2005,Marisa,15
CT,F,2005,Natasha,15
CT,F,2005,Sage,15
CT,F,2005,Anastasia,14
CT,F,2005,Angie,14
CT,F,2005,Brooklyn,14
CT,F,2005,Brynn,14
CT,F,2005,Carolina,14
CT,F,2005,Cecelia,14
CT,F,2005,Cecilia,14
CT,F,2005,Genevieve,14
CT,F,2005,Imani,14
CT,F,2005,Lia,14
CT,F,2005,Lilly,14
CT,F,2005,Marina,14
CT,F,2005,Meredith,14
CT,F,2005,Piper,14
CT,F,2005,Sasha,14
CT,F,2005,Skye,14
CT,F,2005,Aniya,13
CT,F,2005,Annika,13
CT,F,2005,Carolyn,13
CT,F,2005,Cynthia,13
CT,F,2005,Daisy,13
CT,F,2005,Erica,13
CT,F,2005,Gina,13
CT,F,2005,Ivy,13
CT,F,2005,Jazmine,13
CT,F,2005,Josephine,13
CT,F,2005,Kamryn,13
CT,F,2005,Karina,13
CT,F,2005,Leslie,13
CT,F,2005,Lila,13
CT,F,2005,Melina,13
CT,F,2005,Rose,13
CT,F,2005,Tess,13
CT,F,2005,Alanna,12
CT,F,2005,Alayna,12
CT,F,2005,Alessandra,12
CT,F,2005,Ana,12
CT,F,2005,Ashlyn,12
CT,F,2005,Bailey,12
CT,F,2005,Camryn,12
CT,F,2005,Cheyenne,12
CT,F,2005,Claudia,12
CT,F,2005,Crystal,12
CT,F,2005,Fiona,12
CT,F,2005,Helena,12
CT,F,2005,Hope,12
CT,F,2005,Jayda,12
CT,F,2005,Jayla,12
CT,F,2005,Juliette,12
CT,F,2005,Katharine,12
CT,F,2005,Kendra,12
CT,F,2005,Phoebe,12
CT,F,2005,Selena,12
CT,F,2005,Brenna,11
CT,F,2005,Callie,11
CT,F,2005,Desiree,11
CT,F,2005,Ellie,11
CT,F,2005,Emilia,11
CT,F,2005,Giana,11
CT,F,2005,Gracie,11
CT,F,2005,India,11
CT,F,2005,Janiya,11
CT,F,2005,Jayleen,11
CT,F,2005,Julissa,11
CT,F,2005,Kaleigh,11
CT,F,2005,Kaylie,11
CT,F,2005,Kylee,11
CT,F,2005,Lydia,11
CT,F,2005,Maeve,11
CT,F,2005,Maggie,11
CT,F,2005,Mariana,11
CT,F,2005,Mckenna,11
CT,F,2005,Rachael,11
CT,F,2005,Reese,11
CT,F,2005,Serenity,11
CT,F,2005,Alaina,10
CT,F,2005,Alina,10
CT,F,2005,Alison,10
CT,F,2005,Allyson,10
CT,F,2005,Amya,10
CT,F,2005,Barbara,10
CT,F,2005,Bethany,10
CT,F,2005,Fatima,10
CT,F,2005,Giselle,10
CT,F,2005,Izabella,10
CT,F,2005,Janelle,10
CT,F,2005,Jaylin,10
CT,F,2005,Julie,10
CT,F,2005,Kailey,10
CT,F,2005,Karen,10
CT,F,2005,Lea,10
CT,F,2005,Maia,10
CT,F,2005,Mallory,10
CT,F,2005,Monica,10
CT,F,2005,Norah,10
CT,F,2005,Quinn,10
CT,F,2005,Renee,10
CT,F,2005,Ryan,10
CT,F,2005,Sanai,10
CT,F,2005,Teagan,10
CT,F,2005,Tiana,10
CT,F,2005,Valentina,10
CT,F,2005,Vivian,10
CT,F,2005,Alisha,9
CT,F,2005,Aryanna,9
CT,F,2005,Aurora,9
CT,F,2005,Cameron,9
CT,F,2005,Carmen,9
CT,F,2005,Christine,9
CT,F,2005,Colleen,9
CT,F,2005,Elle,9
CT,F,2005,Emely,9
CT,F,2005,Emilie,9
CT,F,2005,Gillian,9
CT,F,2005,Holly,9
CT,F,2005,Joy,9
CT,F,2005,Kaylin,9
CT,F,2005,Kiley,9
CT,F,2005,Kira,9
CT,F,2005,Lana,9
CT,F,2005,Larissa,9
CT,F,2005,Lauryn,9
CT,F,2005,Lucia,9
CT,F,2005,Macy,9
CT,F,2005,Madalyn,9
CT,F,2005,Mckenzie,9
CT,F,2005,Melody,9
CT,F,2005,Nyla,9
CT,F,2005,Rylee,9
CT,F,2005,Sandra,9
CT,F,2005,Tori,9
CT,F,2005,Violet,9
CT,F,2005,Aditi,8
CT,F,2005,Ashleigh,8
CT,F,2005,Asia,8
CT,F,2005,Dana,8
CT,F,2005,Diamond,8
CT,F,2005,Dylan,8
CT,F,2005,Gwendolyn,8
CT,F,2005,Isabela,8
CT,F,2005,Kaley,8
CT,F,2005,Karla,8
CT,F,2005,Kennedy,8
CT,F,2005,Lara,8
CT,F,2005,Lena,8
CT,F,2005,Lola,8
CT,F,2005,Nyasia,8
CT,F,2005,Sariah,8
CT,F,2005,Savanna,8
CT,F,2005,Shayla,8
CT,F,2005,Shea,8
CT,F,2005,Skyla,8
CT,F,2005,Stefanie,8
CT,F,2005,Thalia,8
CT,F,2005,Zainab,8
CT,F,2005,Zoey,8
CT,F,2005,Adeline,7
CT,F,2005,Ainsley,7
CT,F,2005,Anya,7
CT,F,2005,Arielle,7
CT,F,2005,Ayla,7
CT,F,2005,Brittany,7
CT,F,2005,Bryanna,7
CT,F,2005,Cadence,7
CT,F,2005,Carla,7
CT,F,2005,Cristina,7
CT,F,2005,Devon,7
CT,F,2005,Devyn,7
CT,F,2005,Dina,7
CT,F,2005,Elaine,7
CT,F,2005,Esther,7
CT,F,2005,Evangeline,7
CT,F,2005,Eve,7
CT,F,2005,Giovanna,7
CT,F,2005,Greta,7
CT,F,2005,Hayden,7
CT,F,2005,Haylee,7
CT,F,2005,Helen,7
CT,F,2005,Jaidyn,7
CT,F,2005,Janae,7
CT,F,2005,Jazmyn,7
CT,F,2005,Johanna,7
CT,F,2005,Juliet,7
CT,F,2005,Kara,7
CT,F,2005,Kassandra,7
CT,F,2005,Katelynn,7
CT,F,2005,Kirsten,7
CT,F,2005,Lacey,7
CT,F,2005,Liana,7
CT,F,2005,Linda,7
CT,F,2005,Luciana,7
CT,F,2005,Makenna,7
CT,F,2005,Marie,7
CT,F,2005,Maura,7
CT,F,2005,Mercedes,7
CT,F,2005,Mikaela,7
CT,F,2005,Noelle,7
CT,F,2005,Paulina,7
CT,F,2005,Rosemary,7
CT,F,2005,Samara,7
CT,F,2005,Shania,7
CT,F,2005,Tara,7
CT,F,2005,Tatianna,7
CT,F,2005,Tatum,7
CT,F,2005,Tatyana,7
CT,F,2005,Tiara,7
CT,F,2005,Virginia,7
CT,F,2005,Viviana,7
CT,F,2005,Addison,6
CT,F,2005,Aisha,6
CT,F,2005,Amani,6
CT,F,2005,Anika,6
CT,F,2005,Anisa,6
CT,F,2005,Ann,6
CT,F,2005,Annabel,6
CT,F,2005,Aria,6
CT,F,2005,Ariella,6
CT,F,2005,Ayanna,6
CT,F,2005,Cassie,6
CT,F,2005,Cindy,6
CT,F,2005,Danna,6
CT,F,2005,Denise,6
CT,F,2005,Diya,6
CT,F,2005,Eden,6
CT,F,2005,Elaina,6
CT,F,2005,Elisa,6
CT,F,2005,Elisabeth,6
CT,F,2005,Eloise,6
CT,F,2005,Elyse,6
CT,F,2005,Emerson,6
CT,F,2005,Gisselle,6
CT,F,2005,Gloria,6
CT,F,2005,Guadalupe,6
CT,F,2005,Iliana,6
CT,F,2005,Iris,6
CT,F,2005,Jadyn,6
CT,F,2005,Jaime,6
CT,F,2005,Janiah,6
CT,F,2005,Jessenia,6
CT,F,2005,Julianne,6
CT,F,2005,Justine,6
CT,F,2005,Kaelyn,6
CT,F,2005,Kaila,6
CT,F,2005,Kailyn,6
CT,F,2005,Kaylani,6
CT,F,2005,Kiarra,6
CT,F,2005,Kimora,6
CT,F,2005,Krystal,6
CT,F,2005,Laila,6
CT,F,2005,Laisha,6
CT,F,2005,Leilani,6
CT,F,2005,Linnea,6
CT,F,2005,Marley,6
CT,F,2005,Melany,6
CT,F,2005,Melisa,6
CT,F,2005,Nancy,6
CT,F,2005,Natalee,6
CT,F,2005,Nathalie,6
CT,F,2005,Nia,6
CT,F,2005,Paula,6
CT,F,2005,Reina,6
CT,F,2005,Rhea,6
CT,F,2005,Rylie,6
CT,F,2005,Sarina,6
CT,F,2005,Serena,6
CT,F,2005,Simone,6
CT,F,2005,Sylvia,6
CT,F,2005,Taina,6
CT,F,2005,Theresa,6
CT,F,2005,Trisha,6
CT,F,2005,Valeria,6
CT,F,2005,Abigayle,5
CT,F,2005,Aiyanna,5
CT,F,2005,Alisa,5
CT,F,2005,Alissa,5
CT,F,2005,Allie,5
CT,F,2005,Alondra,5
CT,F,2005,Amina,5
CT,F,2005,Anastacia,5
CT,F,2005,Anaya,5
CT,F,2005,Angel,5
CT,F,2005,Angeline,5
CT,F,2005,Anisha,5
CT,F,2005,Annelise,5
CT,F,2005,April,5
CT,F,2005,Armani,5
CT,F,2005,Arya,5
CT,F,2005,Ashlee,5
CT,F,2005,Ashlynn,5
CT,F,2005,Baby,5
CT,F,2005,Bria,5
CT,F,2005,Brielle,5
CT,F,2005,Caleigh,5
CT,F,2005,Camilla,5
CT,F,2005,Campbell,5
CT,F,2005,Carley,5
CT,F,2005,Cayla,5
CT,F,2005,Chanel,5
CT,F,2005,Cierra,5
CT,F,2005,Clare,5
CT,F,2005,Damaris,5
CT,F,2005,Daphne,5
CT,F,2005,Dayana,5
CT,F,2005,Dayanara,5
CT,F,2005,Delilah,5
CT,F,2005,Drew,5
CT,F,2005,Eileen,5
CT,F,2005,Elyssa,5
CT,F,2005,Emilee,5
CT,F,2005,Finley,5
CT,F,2005,Hailie,5
CT,F,2005,Halle,5
CT,F,2005,Harley,5
CT,F,2005,Haylie,5
CT,F,2005,Jacquelyn,5
CT,F,2005,Jaelyn,5
CT,F,2005,Janiyah,5
CT,F,2005,Jeanette,5
CT,F,2005,Joselyn,5
CT,F,2005,Judith,5
CT,F,2005,Kacie,5
CT,F,2005,Karissa,5
CT,F,2005,Kasey,5
CT,F,2005,Kassidy,5
CT,F,2005,Katerina,5
CT,F,2005,Kaya,5
CT,F,2005,Kaylyn,5
CT,F,2005,Kerry,5
CT,F,2005,Krista,5
CT,F,2005,Kristen,5
CT,F,2005,Laniyah,5
CT,F,2005,Laurel,5
CT,F,2005,Lesly,5
CT,F,2005,Lexi,5
CT,F,2005,Lilliana,5
CT,F,2005,Maddison,5
CT,F,2005,Madelynn,5
CT,F,2005,Magdalena,5
CT,F,2005,Makenzie,5
CT,F,2005,Marcella,5
CT,F,2005,Mariam,5
CT,F,2005,Marilyn,5
CT,F,2005,Marin,5
CT,F,2005,Mason,5
CT,F,2005,Meaghan,5
CT,F,2005,Micaela,5
CT,F,2005,Monique,5
CT,F,2005,Nayeli,5
CT,F,2005,Neveah,5
CT,F,2005,Nicolle,5
CT,F,2005,Nya,5
CT,F,2005,Pamela,5
CT,F,2005,Penelope,5
CT,F,2005,Raquel,5
CT,F,2005,Regina,5
CT,F,2005,Rhiannon,5
CT,F,2005,Ria,5
CT,F,2005,Rory,5
CT,F,2005,Rosa,5
CT,F,2005,Saige,5
CT,F,2005,Sally,5
CT,F,2005,Sanaa,5
CT,F,2005,Sanjana,5
CT,F,2005,Sheila,5
CT,F,2005,Sidney,5
CT,F,2005,Stacey,5
CT,F,2005,Susan,5
CT,F,2005,Taryn,5
CT,F,2005,Teresa,5
CT,F,2005,Willow,5
CT,F,2005,Yasmin,5
CT,F,2005,Yasmine,5
CT,F,2005,Yesenia,5
CT,F,2006,Isabella,271
CT,F,2006,Emily,264
CT,F,2006,Ava,252
CT,F,2006,Olivia,238
CT,F,2006,Emma,215
CT,F,2006,Madison,194
CT,F,2006,Grace,183
CT,F,2006,Julia,174
CT,F,2006,Abigail,171
CT,F,2006,Sophia,169
CT,F,2006,Samantha,159
CT,F,2006,Hannah,141
CT,F,2006,Mia,141
CT,F,2006,Sarah,141
CT,F,2006,Gabriella,123
CT,F,2006,Elizabeth,122
CT,F,2006,Ashley,121
CT,F,2006,Brianna,111
CT,F,2006,Lauren,108
CT,F,2006,Anna,107
CT,F,2006,Katherine,107
CT,F,2006,Victoria,104
CT,F,2006,Ella,103
CT,F,2006,Kayla,99
CT,F,2006,Alyssa,98
CT,F,2006,Gianna,95
CT,F,2006,Alexandra,93
CT,F,2006,Chloe,88
CT,F,2006,Sofia,85
CT,F,2006,Alexa,84
CT,F,2006,Brooke,83
CT,F,2006,Natalie,83
CT,F,2006,Taylor,83
CT,F,2006,Charlotte,82
CT,F,2006,Hailey,82
CT,F,2006,Alexis,79
CT,F,2006,Lily,79
CT,F,2006,Maya,72
CT,F,2006,Caroline,71
CT,F,2006,Morgan,71
CT,F,2006,Angelina,70
CT,F,2006,Rachel,70
CT,F,2006,Leah,68
CT,F,2006,Nicole,68
CT,F,2006,Sydney,68
CT,F,2006,Molly,67
CT,F,2006,Riley,66
CT,F,2006,Madeline,65
CT,F,2006,Mackenzie,63
CT,F,2006,Amanda,62
CT,F,2006,Lillian,62
CT,F,2006,Megan,61
CT,F,2006,Kaitlyn,58
CT,F,2006,Avery,57
CT,F,2006,Sara,57
CT,F,2006,Amelia,56
CT,F,2006,Ariana,56
CT,F,2006,Allison,54
CT,F,2006,Arianna,54
CT,F,2006,Jessica,54
CT,F,2006,Sophie,54
CT,F,2006,Zoe,54
CT,F,2006,Destiny,53
CT,F,2006,Jenna,53
CT,F,2006,Erin,52
CT,F,2006,Gabrielle,51
CT,F,2006,Natalia,51
CT,F,2006,Isabel,50
CT,F,2006,Jillian,50
CT,F,2006,Rebecca,50
CT,F,2006,Claire,47
CT,F,2006,Paige,47
CT,F,2006,Stephanie,47
CT,F,2006,Catherine,45
CT,F,2006,Isabelle,44
CT,F,2006,Juliana,44
CT,F,2006,Jasmine,43
CT,F,2006,Keira,41
CT,F,2006,Madelyn,41
CT,F,2006,Makayla,41
CT,F,2006,Savannah,41
CT,F,2006,Kaylee,40
CT,F,2006,Nevaeh,40
CT,F,2006,Michelle,39
CT,F,2006,Faith,38
CT,F,2006,Julianna,38
CT,F,2006,Kathryn,38
CT,F,2006,Addison,37
CT,F,2006,Adrianna,37
CT,F,2006,Andrea,36
CT,F,2006,Caitlin,36
CT,F,2006,Jayla,36
CT,F,2006,Jennifer,36
CT,F,2006,Katelyn,36
CT,F,2006,Danielle,35
CT,F,2006,Evelyn,35
CT,F,2006,Kimberly,35
CT,F,2006,Kylie,35
CT,F,2006,Mariah,35
CT,F,2006,Alana,34
CT,F,2006,Audrey,34
CT,F,2006,Lila,34
CT,F,2006,Maria,34
CT,F,2006,Aaliyah,33
CT,F,2006,Adriana,33
CT,F,2006,Gabriela,33
CT,F,2006,Jocelyn,33
CT,F,2006,Jordan,33
CT,F,2006,Mya,33
CT,F,2006,Angela,32
CT,F,2006,Christina,32
CT,F,2006,Haley,32
CT,F,2006,Lindsey,32
CT,F,2006,Margaret,32
CT,F,2006,Skylar,31
CT,F,2006,Mary,30
CT,F,2006,Vanessa,30
CT,F,2006,Jacqueline,29
CT,F,2006,Kelly,29
CT,F,2006,Briana,28
CT,F,2006,Kate,28
CT,F,2006,Peyton,28
CT,F,2006,Sadie,28
CT,F,2006,Serenity,28
CT,F,2006,Trinity,28
CT,F,2006,Kiara,27
CT,F,2006,Mikayla,27
CT,F,2006,Nina,27
CT,F,2006,Sabrina,27
CT,F,2006,Eva,26
CT,F,2006,Lindsay,26
CT,F,2006,Marissa,26
CT,F,2006,Melanie,26
CT,F,2006,Sierra,26
CT,F,2006,Amber,25
CT,F,2006,Autumn,25
CT,F,2006,Cassandra,25
CT,F,2006,Chelsea,25
CT,F,2006,Katie,25
CT,F,2006,Meghan,25
CT,F,2006,Alivia,24
CT,F,2006,Amaya,24
CT,F,2006,Bianca,24
CT,F,2006,Cassidy,24
CT,F,2006,Melissa,24
CT,F,2006,Naomi,24
CT,F,2006,Shannon,24
CT,F,2006,Alexia,23
CT,F,2006,Amy,23
CT,F,2006,Aubrey,23
CT,F,2006,Jade,23
CT,F,2006,Lucy,23
CT,F,2006,Summer,23
CT,F,2006,Camryn,22
CT,F,2006,Ellie,22
CT,F,2006,Jada,22
CT,F,2006,Laura,22
CT,F,2006,Nora,22
CT,F,2006,Sienna,22
CT,F,2006,Valerie,22
CT,F,2006,Anastasia,21
CT,F,2006,Casey,21
CT,F,2006,Julie,21
CT,F,2006,Layla,21
CT,F,2006,Sage,21
CT,F,2006,Cheyenne,20
CT,F,2006,Delaney,20
CT,F,2006,Kyra,20
CT,F,2006,Liliana,20
CT,F,2006,Madeleine,20
CT,F,2006,Phoebe,20
CT,F,2006,Reese,20
CT,F,2006,Tessa,20
CT,F,2006,Alicia,19
CT,F,2006,Elise,19
CT,F,2006,Genesis,19
CT,F,2006,Maggie,19
CT,F,2006,Alison,18
CT,F,2006,Daniella,18
CT,F,2006,Diana,18
CT,F,2006,Elena,18
CT,F,2006,Erica,18
CT,F,2006,Fiona,18
CT,F,2006,Genevieve,18
CT,F,2006,Kelsey,18
CT,F,2006,Kyla,18
CT,F,2006,Lilly,18
CT,F,2006,Lydia,18
CT,F,2006,Michaela,18
CT,F,2006,Payton,18
CT,F,2006,Anne,17
CT,F,2006,Bridget,17
CT,F,2006,Cadence,17
CT,F,2006,Ciara,17
CT,F,2006,Josephine,17
CT,F,2006,Kailey,17
CT,F,2006,Kira,17
CT,F,2006,Stella,17
CT,F,2006,Talia,17
CT,F,2006,Tatiana,17
CT,F,2006,Abby,16
CT,F,2006,Alexandria,16
CT,F,2006,Annika,16
CT,F,2006,Brooklyn,16
CT,F,2006,Carly,16
CT,F,2006,Eleanor,16
CT,F,2006,Hope,16
CT,F,2006,Julissa,16
CT,F,2006,Maeve,16
CT,F,2006,Teagan,16
CT,F,2006,Vivian,16
CT,F,2006,Zoey,16
CT,F,2006,Cameron,15
CT,F,2006,Clara,15
CT,F,2006,Georgia,15
CT,F,2006,Imani,15
CT,F,2006,Jordyn,15
CT,F,2006,Kathleen,15
CT,F,2006,Kaylin,15
CT,F,2006,Kennedy,15
CT,F,2006,Kiera,15
CT,F,2006,Lola,15
CT,F,2006,Mallory,15
CT,F,2006,Natasha,15
CT,F,2006,Noelle,15
CT,F,2006,Rose,15
CT,F,2006,Tiffany,15
CT,F,2006,Valentina,15
CT,F,2006,Valeria,15
CT,F,2006,Veronica,15
CT,F,2006,Ana,14
CT,F,2006,Aniya,14
CT,F,2006,Camila,14
CT,F,2006,Dakota,14
CT,F,2006,Eliza,14
CT,F,2006,Emilia,14
CT,F,2006,Francesca,14
CT,F,2006,Giselle,14
CT,F,2006,Hanna,14
CT,F,2006,Jazmin,14
CT,F,2006,Kara,14
CT,F,2006,Kayleigh,14
CT,F,2006,Kaylie,14
CT,F,2006,Leila,14
CT,F,2006,Nadia,14
CT,F,2006,Penelope,14
CT,F,2006,Ruby,14
CT,F,2006,Aliyah,13
CT,F,2006,Anaya,13
CT,F,2006,Aniyah,13
CT,F,2006,Ashlyn,13
CT,F,2006,Ayla,13
CT,F,2006,Daisy,13
CT,F,2006,Daniela,13
CT,F,2006,Eliana,13
CT,F,2006,Erika,13
CT,F,2006,Giana,13
CT,F,2006,Jayda,13
CT,F,2006,Lilliana,13
CT,F,2006,Marina,13
CT,F,2006,Meredith,13
CT,F,2006,Miranda,13
CT,F,2006,Nyla,13
CT,F,2006,Piper,13
CT,F,2006,Shelby,13
CT,F,2006,Colleen,12
CT,F,2006,Courtney,12
CT,F,2006,Emerson,12
CT,F,2006,Izabella,12
CT,F,2006,Kendall,12
CT,F,2006,Kiersten,12
CT,F,2006,Kylee,12
CT,F,2006,Rachael,12
CT,F,2006,Rihanna,12
CT,F,2006,Scarlett,12
CT,F,2006,Yasmin,12
CT,F,2006,Alanna,11
CT,F,2006,Anika,11
CT,F,2006,Aurora,11
CT,F,2006,Ayanna,11
CT,F,2006,Bella,11
CT,F,2006,Caitlyn,11
CT,F,2006,Danica,11
CT,F,2006,Eve,11
CT,F,2006,Gina,11
CT,F,2006,Hayley,11
CT,F,2006,Mariana,11
CT,F,2006,Melody,11
CT,F,2006,Monica,11
CT,F,2006,Nyasia,11
CT,F,2006,Reagan,11
CT,F,2006,Sanai,11
CT,F,2006,Shayla,11
CT,F,2006,Skye,11
CT,F,2006,Tianna,11
CT,F,2006,Alice,10
CT,F,2006,Bailey,10
CT,F,2006,Bethany,10
CT,F,2006,Camille,10
CT,F,2006,Cecelia,10
CT,F,2006,Cecilia,10
CT,F,2006,Claudia,10
CT,F,2006,Cynthia,10
CT,F,2006,Dana,10
CT,F,2006,Diamond,10
CT,F,2006,Elle,10
CT,F,2006,Holly,10
CT,F,2006,Jamie,10
CT,F,2006,Jasmin,10
CT,F,2006,Karen,10
CT,F,2006,Karina,10
CT,F,2006,Katharine,10
CT,F,2006,Kristina,10
CT,F,2006,Leslie,10
CT,F,2006,Lilah,10
CT,F,2006,Nia,10
CT,F,2006,Norah,10
CT,F,2006,Rebekah,10
CT,F,2006,Sasha,10
CT,F,2006,Serena,10
CT,F,2006,Skyla,10
CT,F,2006,Ainsley,9
CT,F,2006,Allyson,9
CT,F,2006,Alondra,9
CT,F,2006,Angel,9
CT,F,2006,Aryanna,9
CT,F,2006,Carmen,9
CT,F,2006,Carolyn,9
CT,F,2006,Elsa,9
CT,F,2006,Essence,9
CT,F,2006,Gia,9
CT,F,2006,Giovanna,9
CT,F,2006,Heather,9
CT,F,2006,Jane,9
CT,F,2006,Janelle,9
CT,F,2006,Janiya,9
CT,F,2006,Jayden,9
CT,F,2006,Kaelyn,9
CT,F,2006,Kaitlin,9
CT,F,2006,Kaleigh,9
CT,F,2006,Katrina,9
CT,F,2006,Kiana,9
CT,F,2006,Lisa,9
CT,F,2006,Marley,9
CT,F,2006,Melina,9
CT,F,2006,Patricia,9
CT,F,2006,Rylee,9
CT,F,2006,Selena,9
CT,F,2006,Shea,9
CT,F,2006,Sherlyn,9
CT,F,2006,Tiana,9
CT,F,2006,Alina,8
CT,F,2006,Amani,8
CT,F,2006,Angelica,8
CT,F,2006,Angie,8
CT,F,2006,Annabelle,8
CT,F,2006,Ariel,8
CT,F,2006,Arielle,8
CT,F,2006,Breanna,8
CT,F,2006,Brenna,8
CT,F,2006,Brielle,8
CT,F,2006,Callie,8
CT,F,2006,Campbell,8
CT,F,2006,Cindy,8
CT,F,2006,Clare,8
CT,F,2006,Crystal,8
CT,F,2006,Eden,8
CT,F,2006,Irene,8
CT,F,2006,Kailee,8
CT,F,2006,Kiley,8
CT,F,2006,Kyleigh,8
CT,F,2006,Lana,8
CT,F,2006,Lauryn,8
CT,F,2006,London,8
CT,F,2006,Lucia,8
CT,F,2006,Madisyn,8
CT,F,2006,Madyson,8
CT,F,2006,Maia,8
CT,F,2006,Makenzie,8
CT,F,2006,Mckenzie,8
CT,F,2006,Nataly,8
CT,F,2006,Nayeli,8
CT,F,2006,Nya,8
CT,F,2006,Reilly,8
CT,F,2006,Savanna,8
CT,F,2006,Skyler,8
CT,F,2006,Tabitha,8
CT,F,2006,Violet,8
CT,F,2006,Adeline,7
CT,F,2006,Alessandra,7
CT,F,2006,Alisha,7
CT,F,2006,Alissa,7
CT,F,2006,Amaris,7
CT,F,2006,Amya,7
CT,F,2006,Analise,7
CT,F,2006,Annalise,7
CT,F,2006,Anya,7
CT,F,2006,April,7
CT,F,2006,Brenda,7
CT,F,2006,Bryanna,7
CT,F,2006,Brynn,7
CT,F,2006,Camilla,7
CT,F,2006,Christine,7
CT,F,2006,Daphne,7
CT,F,2006,Deborah,7
CT,F,2006,Desiree,7
CT,F,2006,Esther,7
CT,F,2006,Felicia,7
CT,F,2006,Felicity,7
CT,F,2006,Gillian,7
CT,F,2006,Gwyneth,7
CT,F,2006,Haylee,7
CT,F,2006,Hazel,7
CT,F,2006,Heaven,7
CT,F,2006,Ivy,7
CT,F,2006,Iyanna,7
CT,F,2006,Jaden,7
CT,F,2006,Jaelyn,7
CT,F,2006,Janiyah,7
CT,F,2006,Jazmine,7
CT,F,2006,Justice,7
CT,F,2006,Kaila,7
CT,F,2006,Kassandra,7
CT,F,2006,Leilani,7
CT,F,2006,Lia,7
CT,F,2006,Lilyana,7
CT,F,2006,Lorelei,7
CT,F,2006,Marianna,7
CT,F,2006,Marisa,7
CT,F,2006,Martha,7
CT,F,2006,Maura,7
CT,F,2006,Miriam,7
CT,F,2006,Nicolette,7
CT,F,2006,Rayne,7
CT,F,2006,Samara,7
CT,F,2006,Savanah,7
CT,F,2006,Shania,7
CT,F,2006,Sylvia,7
CT,F,2006,Tamia,7
CT,F,2006,Tia,7
CT,F,2006,Tiara,7
CT,F,2006,Virginia,7
CT,F,2006,Alaina,6
CT,F,2006,Alani,6
CT,F,2006,Alejandra,6
CT,F,2006,Aliana,6
CT,F,2006,Alyson,6
CT,F,2006,Amiyah,6
CT,F,2006,Ananya,6
CT,F,2006,Angeline,6
CT,F,2006,Angelique,6
CT,F,2006,Annabella,6
CT,F,2006,Ashlee,6
CT,F,2006,Beatrice,6
CT,F,2006,Brittany,6
CT,F,2006,Cara,6
CT,F,2006,Carolina,6
CT,F,2006,Catalina,6
CT,F,2006,Celeste,6
CT,F,2006,Celine,6
CT,F,2006,Corinne,6
CT,F,2006,Devyn,6
CT,F,2006,Elisa,6
CT,F,2006,Elisabeth,6
CT,F,2006,Emely,6
CT,F,2006,Emilie,6
CT,F,2006,Esmeralda,6
CT,F,2006,Fatima,6
CT,F,2006,Giavanna,6
CT,F,2006,Giuliana,6
CT,F,2006,Gracie,6
CT,F,2006,Heidi,6
CT,F,2006,Helen,6
CT,F,2006,Helena,6
CT,F,2006,Isabela,6
CT,F,2006,Isis,6
CT,F,2006,Ivelisse,6
CT,F,2006,Jacquelyn,6
CT,F,2006,Jaidyn,6
CT,F,2006,Janessa,6
CT,F,2006,Jaylin,6
CT,F,2006,Jazlyn,6
CT,F,2006,Jenny,6
CT,F,2006,Joanna,6
CT,F,2006,Kamryn,6
CT,F,2006,Kassidy,6
CT,F,2006,Kaya,6
CT,F,2006,Kendra,6
CT,F,2006,Lara,6
CT,F,2006,Lena,6
CT,F,2006,Lorelai,6
CT,F,2006,Malia,6
CT,F,2006,Marcella,6
CT,F,2006,Marie,6
CT,F,2006,Mckenna,6
CT,F,2006,Mikaela,6
CT,F,2006,Milena,6
CT,F,2006,Naima,6
CT,F,2006,Nancy,6
CT,F,2006,Renee,6
CT,F,2006,Rhianna,6
CT,F,2006,Rhiannon,6
CT,F,2006,Rowan,6
CT,F,2006,Ryan,6
CT,F,2006,Saniya,6
CT,F,2006,Selina,6
CT,F,2006,Shakira,6
CT,F,2006,Simone,6
CT,F,2006,Susan,6
CT,F,2006,Tania,6
CT,F,2006,Tess,6
CT,F,2006,Addyson,5
CT,F,2006,Alayna,5
CT,F,2006,Alena,5
CT,F,2006,Alessia,5
CT,F,2006,Ally,5
CT,F,2006,Alyvia,5
CT,F,2006,Amalia,5
CT,F,2006,Anabelle,5
CT,F,2006,Annaliese,5
CT,F,2006,Antonia,5
CT,F,2006,Asia,5
CT,F,2006,Aubree,5
CT,F,2006,Britney,5
CT,F,2006,Cameryn,5
CT,F,2006,Catarina,5
CT,F,2006,Chanel,5
CT,F,2006,Cora,5
CT,F,2006,Cristina,5
CT,F,2006,Deanna,5
CT,F,2006,Devon,5
CT,F,2006,Divya,5
CT,F,2006,Ellen,5
CT,F,2006,Elyssa,5
CT,F,2006,Emelia,5
CT,F,2006,Hadley,5
CT,F,2006,Hailee,5
CT,F,2006,Haylie,5
CT,F,2006,India,5
CT,F,2006,Iris,5
CT,F,2006,Jailene,5
CT,F,2006,Janae,5
CT,F,2006,Janiah,5
CT,F,2006,Jaylee,5
CT,F,2006,Jaylene,5
CT,F,2006,Jaylynn,5
CT,F,2006,Jenifer,5
CT,F,2006,Johanna,5
CT,F,2006,Kaia,5
CT,F,2006,Kaitlynn,5
CT,F,2006,Kali,5
CT,F,2006,Kayley,5
CT,F,2006,Kianna,5
CT,F,2006,Kimora,5
CT,F,2006,Kirsten,5
CT,F,2006,Krista,5
CT,F,2006,Kristen,5
CT,F,2006,Kristin,5
CT,F,2006,Krystal,5
CT,F,2006,Laila,5
CT,F,2006,Lexi,5
CT,F,2006,Leyla,5
CT,F,2006,Liana,5
CT,F,2006,Luisa,5
CT,F,2006,Luz,5
CT,F,2006,Madalyn,5
CT,F,2006,Madelynn,5
CT,F,2006,Makenna,5
CT,F,2006,Mara,5
CT,F,2006,Marisol,5
CT,F,2006,Mckayla,5
CT,F,2006,Melany,5
CT,F,2006,Moriah,5
CT,F,2006,Natalya,5
CT,F,2006,Nathalia,5
CT,F,2006,Nathaly,5
CT,F,2006,Niasia,5
CT,F,2006,Paola,5
CT,F,2006,Paris,5
CT,F,2006,Quinn,5
CT,F,2006,Raquel,5
CT,F,2006,Rebeca,5
CT,F,2006,Ruth,5
CT,F,2006,Rylie,5
CT,F,2006,Saige,5
CT,F,2006,Sanaa,5
CT,F,2006,Saniyah,5
CT,F,2006,Sariah,5
CT,F,2006,Sarina,5
CT,F,2006,Siena,5
CT,F,2006,Stacy,5
CT,F,2006,Susana,5
CT,F,2006,Taryn,5
CT,F,2007,Isabella,256
CT,F,2007,Olivia,253
CT,F,2007,Ava,252
CT,F,2007,Emma,234
CT,F,2007,Emily,230
CT,F,2007,Sophia,228
CT,F,2007,Abigail,186
CT,F,2007,Madison,176
CT,F,2007,Julia,155
CT,F,2007,Grace,150
CT,F,2007,Samantha,147
CT,F,2007,Hannah,136
CT,F,2007,Elizabeth,134
CT,F,2007,Sarah,134
CT,F,2007,Mia,130
CT,F,2007,Ella,123
CT,F,2007,Alyssa,115
CT,F,2007,Natalie,114
CT,F,2007,Gabriella,110
CT,F,2007,Kayla,107
CT,F,2007,Brianna,106
CT,F,2007,Alexandra,105
CT,F,2007,Katherine,104
CT,F,2007,Ashley,101
CT,F,2007,Chloe,95
CT,F,2007,Victoria,95
CT,F,2007,Brooke,90
CT,F,2007,Sofia,87
CT,F,2007,Gianna,86
CT,F,2007,Lauren,84
CT,F,2007,Charlotte,81
CT,F,2007,Lily,81
CT,F,2007,Addison,80
CT,F,2007,Hailey,77
CT,F,2007,Angelina,74
CT,F,2007,Avery,74
CT,F,2007,Sydney,73
CT,F,2007,Arianna,72
CT,F,2007,Maya,72
CT,F,2007,Nicole,71
CT,F,2007,Alexa,70
CT,F,2007,Kaitlyn,69
CT,F,2007,Morgan,68
CT,F,2007,Sophie,67
CT,F,2007,Anna,66
CT,F,2007,Jessica,63
CT,F,2007,Lillian,61
CT,F,2007,Mackenzie,61
CT,F,2007,Madeline,59
CT,F,2007,Juliana,58
CT,F,2007,Zoe,58
CT,F,2007,Riley,57
CT,F,2007,Aaliyah,56
CT,F,2007,Alexis,56
CT,F,2007,Allison,55
CT,F,2007,Caroline,55
CT,F,2007,Natalia,55
CT,F,2007,Taylor,55
CT,F,2007,Paige,54
CT,F,2007,Katelyn,53
CT,F,2007,Nevaeh,53
CT,F,2007,Isabel,52
CT,F,2007,Ariana,51
CT,F,2007,Jasmine,51
CT,F,2007,Sadie,50
CT,F,2007,Kylie,49
CT,F,2007,Leah,49
CT,F,2007,Madelyn,49
CT,F,2007,Amanda,48
CT,F,2007,Amelia,48
CT,F,2007,Audrey,48
CT,F,2007,Sara,48
CT,F,2007,Adriana,47
CT,F,2007,Catherine,47
CT,F,2007,Destiny,47
CT,F,2007,Kaylee,47
CT,F,2007,Molly,47
CT,F,2007,Savannah,47
CT,F,2007,Claire,44
CT,F,2007,Makayla,43
CT,F,2007,Rachel,43
CT,F,2007,Jenna,42
CT,F,2007,Gabrielle,41
CT,F,2007,Gabriela,40
CT,F,2007,Kate,40
CT,F,2007,Kathryn,40
CT,F,2007,Megan,39
CT,F,2007,Mary,38
CT,F,2007,Jennifer,37
CT,F,2007,Maria,37
CT,F,2007,Melanie,37
CT,F,2007,Rebecca,37
CT,F,2007,Evelyn,36
CT,F,2007,Lucy,35
CT,F,2007,Mariah,35
CT,F,2007,Trinity,35
CT,F,2007,Christina,34
CT,F,2007,Haley,34
CT,F,2007,Isabelle,34
CT,F,2007,Margaret,34
CT,F,2007,Jillian,33
CT,F,2007,Aubrey,32
CT,F,2007,Fiona,32
CT,F,2007,Jordan,32
CT,F,2007,Keira,32
CT,F,2007,Amber,31
CT,F,2007,Andrea,31
CT,F,2007,Eva,31
CT,F,2007,Tessa,31
CT,F,2007,Alana,30
CT,F,2007,Caitlyn,30
CT,F,2007,Julianna,30
CT,F,2007,Liliana,30
CT,F,2007,Stephanie,30
CT,F,2007,Vanessa,30
CT,F,2007,Amy,29
CT,F,2007,Erin,29
CT,F,2007,Jordyn,29
CT,F,2007,Amaya,28
CT,F,2007,Faith,28
CT,F,2007,Katie,28
CT,F,2007,Kimberly,28
CT,F,2007,Angela,27
CT,F,2007,Layla,27
CT,F,2007,Mikayla,27
CT,F,2007,Sienna,27
CT,F,2007,Briana,26
CT,F,2007,Caitlin,26
CT,F,2007,Alicia,25
CT,F,2007,Jada,25
CT,F,2007,Reese,25
CT,F,2007,Serenity,25
CT,F,2007,Camila,24
CT,F,2007,Danielle,24
CT,F,2007,Genesis,24
CT,F,2007,Lila,24
CT,F,2007,Michelle,24
CT,F,2007,Mya,24
CT,F,2007,Nina,24
CT,F,2007,Tatiana,24
CT,F,2007,Daniela,23
CT,F,2007,Jade,23
CT,F,2007,Laura,23
CT,F,2007,Michaela,23
CT,F,2007,Naomi,23
CT,F,2007,Scarlett,23
CT,F,2007,Skylar,23
CT,F,2007,Bianca,22
CT,F,2007,Cassidy,22
CT,F,2007,Jacqueline,22
CT,F,2007,Kelsey,22
CT,F,2007,Kiara,22
CT,F,2007,Melissa,22
CT,F,2007,Autumn,21
CT,F,2007,Bella,21
CT,F,2007,Clara,21
CT,F,2007,Diana,21
CT,F,2007,Maggie,21
CT,F,2007,Peyton,21
CT,F,2007,Phoebe,21
CT,F,2007,Rylee,21
CT,F,2007,Zoey,21
CT,F,2007,Adrianna,20
CT,F,2007,Elise,20
CT,F,2007,Francesca,20
CT,F,2007,Jocelyn,20
CT,F,2007,Summer,20
CT,F,2007,Tiffany,20
CT,F,2007,Valentina,20
CT,F,2007,Alina,19
CT,F,2007,Aniya,19
CT,F,2007,Georgia,19
CT,F,2007,Kelly,19
CT,F,2007,Marissa,19
CT,F,2007,Nora,19
CT,F,2007,Sabrina,19
CT,F,2007,Annabelle,18
CT,F,2007,Bridget,18
CT,F,2007,Cassandra,18
CT,F,2007,Eliana,18
CT,F,2007,Gracie,18
CT,F,2007,Karina,18
CT,F,2007,Leilani,18
CT,F,2007,Lindsay,18
CT,F,2007,Camryn,17
CT,F,2007,Carly,17
CT,F,2007,Ciara,17
CT,F,2007,Eleanor,17
CT,F,2007,Ellie,17
CT,F,2007,Hayley,17
CT,F,2007,Jayla,17
CT,F,2007,Kyla,17
CT,F,2007,Leila,17
CT,F,2007,Lilliana,17
CT,F,2007,Lola,17
CT,F,2007,Lydia,17
CT,F,2007,Meghan,17
CT,F,2007,Ruby,17
CT,F,2007,Sierra,17
CT,F,2007,Stella,17
CT,F,2007,Veronica,17
CT,F,2007,Alexandria,16
CT,F,2007,Alison,16
CT,F,2007,Ana,16
CT,F,2007,Bailey,16
CT,F,2007,Cheyenne,16
CT,F,2007,Erica,16
CT,F,2007,Jane,16
CT,F,2007,Josephine,16
CT,F,2007,Juliette,16
CT,F,2007,Kailey,16
CT,F,2007,Kendra,16
CT,F,2007,Lilah,16
CT,F,2007,Lucia,16
CT,F,2007,Shannon,16
CT,F,2007,Valeria,16
CT,F,2007,Violet,16
CT,F,2007,Abby,15
CT,F,2007,Cameron,15
CT,F,2007,Courtney,15
CT,F,2007,Elena,15
CT,F,2007,Erika,15
CT,F,2007,Izabella,15
CT,F,2007,Kira,15
CT,F,2007,Liana,15
CT,F,2007,Lilly,15
CT,F,2007,Lindsey,15
CT,F,2007,Reagan,15
CT,F,2007,Sage,15
CT,F,2007,Selena,15
CT,F,2007,Valerie,15
CT,F,2007,Alanna,14
CT,F,2007,Alexia,14
CT,F,2007,Cara,14
CT,F,2007,Cecilia,14
CT,F,2007,Chelsea,14
CT,F,2007,Hayden,14
CT,F,2007,Kathleen,14
CT,F,2007,Madeleine,14
CT,F,2007,Marley,14
CT,F,2007,Nadia,14
CT,F,2007,Angie,13
CT,F,2007,Anne,13
CT,F,2007,Breanna,13
CT,F,2007,Giselle,13
CT,F,2007,Giuliana,13
CT,F,2007,Hope,13
CT,F,2007,Imani,13
CT,F,2007,Kiley,13
CT,F,2007,Maeve,13
CT,F,2007,Rachael,13
CT,F,2007,Rose,13
CT,F,2007,Sarai,13
CT,F,2007,Shelby,13
CT,F,2007,Alaina,12
CT,F,2007,Alivia,12
CT,F,2007,Allie,12
CT,F,2007,Brenna,12
CT,F,2007,Cora,12
CT,F,2007,Delilah,12
CT,F,2007,Giada,12
CT,F,2007,Helena,12
CT,F,2007,Jamie,12
CT,F,2007,Janelle,12
CT,F,2007,Jasmin,12
CT,F,2007,Jayda,12
CT,F,2007,Karla,12
CT,F,2007,Kayleigh,12
CT,F,2007,Kaylin,12
CT,F,2007,Kendall,12
CT,F,2007,Kyleigh,12
CT,F,2007,Kyra,12
CT,F,2007,Laila,12
CT,F,2007,Leslie,12
CT,F,2007,Lia,12
CT,F,2007,Lyla,12
CT,F,2007,Makenzie,12
CT,F,2007,Norah,12
CT,F,2007,Quinn,12
CT,F,2007,Savanna,12
CT,F,2007,Talia,12
CT,F,2007,Alessandra,11
CT,F,2007,Aniyah,11
CT,F,2007,Anya,11
CT,F,2007,Asia,11
CT,F,2007,Ayla,11
CT,F,2007,Brenda,11
CT,F,2007,Eden,11
CT,F,2007,Eliza,11
CT,F,2007,Emilia,11
CT,F,2007,Hazel,11
CT,F,2007,Heaven,11
CT,F,2007,Isabela,11
CT,F,2007,Jadyn,11
CT,F,2007,Jaylene,11
CT,F,2007,Kaelyn,11
CT,F,2007,Kara,11
CT,F,2007,Kasey,11
CT,F,2007,Mallory,11
CT,F,2007,Noelle,11
CT,F,2007,Nyasia,11
CT,F,2007,Serena,11
CT,F,2007,Tatum,11
CT,F,2007,Tess,11
CT,F,2007,Amalia,10
CT,F,2007,Annie,10
CT,F,2007,Ariel,10
CT,F,2007,Cadence,10
CT,F,2007,Callie,10
CT,F,2007,Casey,10
CT,F,2007,Daniella,10
CT,F,2007,Emerson,10
CT,F,2007,Giana,10
CT,F,2007,Jaslene,10
CT,F,2007,Kennedy,10
CT,F,2007,Kimora,10
CT,F,2007,Lara,10
CT,F,2007,Madyson,10
CT,F,2007,Melina,10
CT,F,2007,Mikaela,10
CT,F,2007,Miranda,10
CT,F,2007,Payton,10
CT,F,2007,Penelope,10
CT,F,2007,Rowan,10
CT,F,2007,Sasha,10
CT,F,2007,Siena,10
CT,F,2007,Theresa,10
CT,F,2007,Amari,9
CT,F,2007,Amya,9
CT,F,2007,Anastasia,9
CT,F,2007,Angelique,9
CT,F,2007,Annabel,9
CT,F,2007,Annika,9
CT,F,2007,Ashlee,9
CT,F,2007,Ashlyn,9
CT,F,2007,Brooklyn,9
CT,F,2007,Brynn,9
CT,F,2007,Daphne,9
CT,F,2007,Delaney,9
CT,F,2007,Diamond,9
CT,F,2007,Ellen,9
CT,F,2007,Fatima,9
CT,F,2007,Gemma,9
CT,F,2007,Gia,9
CT,F,2007,Hanna,9
CT,F,2007,Helen,9
CT,F,2007,Jaelyn,9
CT,F,2007,Janiya,9
CT,F,2007,Jazlyn,9
CT,F,2007,Jazmin,9
CT,F,2007,Julie,9
CT,F,2007,Kristina,9
CT,F,2007,Kylee,9
CT,F,2007,Lena,9
CT,F,2007,Mara,9
CT,F,2007,Mariana,9
CT,F,2007,Marina,9
CT,F,2007,Mckayla,9
CT,F,2007,Mckenzie,9
CT,F,2007,Meadow,9
CT,F,2007,Miley,9
CT,F,2007,Rihanna,9
CT,F,2007,Saige,9
CT,F,2007,Shea,9
CT,F,2007,Skye,9
CT,F,2007,Teagan,9
CT,F,2007,Tiana,9
CT,F,2007,Yasmin,9
CT,F,2007,Brielle,8
CT,F,2007,Britney,8
CT,F,2007,Clare,8
CT,F,2007,Cristina,8
CT,F,2007,Dakota,8
CT,F,2007,Danica,8
CT,F,2007,Dayana,8
CT,F,2007,Dylan,8
CT,F,2007,Elaina,8
CT,F,2007,Elisabeth,8
CT,F,2007,Elle,8
CT,F,2007,Esther,8
CT,F,2007,Genevieve,8
CT,F,2007,Giovanna,8
CT,F,2007,Haylie,8
CT,F,2007,Heather,8
CT,F,2007,Jaida,8
CT,F,2007,Janessa,8
CT,F,2007,Joanna,8
CT,F,2007,Kailyn,8
CT,F,2007,Kamryn,8
CT,F,2007,Karen,8
CT,F,2007,Katelynn,8
CT,F,2007,Kayden,8
CT,F,2007,Krystal,8
CT,F,2007,Maia,8
CT,F,2007,Marisa,8
CT,F,2007,Mercedes,8
CT,F,2007,Meredith,8
CT,F,2007,Natasha,8
CT,F,2007,Nia,8
CT,F,2007,Paola,8
CT,F,2007,Patricia,8
CT,F,2007,Piper,8
CT,F,2007,Regan,8
CT,F,2007,Rhianna,8
CT,F,2007,Sandra,8
CT,F,2007,Shayla,8
CT,F,2007,Tara,8
CT,F,2007,Taryn,8
CT,F,2007,Unique,8
CT,F,2007,Virginia,8
CT,F,2007,Adelaide,7
CT,F,2007,Alayna,7
CT,F,2007,Alejandra,7
CT,F,2007,Alice,7
CT,F,2007,Aliyah,7
CT,F,2007,Allyson,7
CT,F,2007,Alondra,7
CT,F,2007,Amani,7
CT,F,2007,Anita,7
CT,F,2007,Annabella,7
CT,F,2007,April,7
CT,F,2007,Aryanna,7
CT,F,2007,Beatrice,7
CT,F,2007,Bethany,7
CT,F,2007,Cecelia,7
CT,F,2007,Crystal,7
CT,F,2007,Dahlia,7
CT,F,2007,Delia,7
CT,F,2007,Elsa,7
CT,F,2007,Evangeline,7
CT,F,2007,Hadley,7
CT,F,2007,Harmony,7
CT,F,2007,Holly,7
CT,F,2007,Ivana,7
CT,F,2007,Jadalee,7
CT,F,2007,Jayden,7
CT,F,2007,Jazmine,7
CT,F,2007,Jessenia,7
CT,F,2007,Juliet,7
CT,F,2007,Kaylie,7
CT,F,2007,Kiera,7
CT,F,2007,Lea,7
CT,F,2007,London,7
CT,F,2007,Luz,7
CT,F,2007,Makenna,7
CT,F,2007,Mckenna,7
CT,F,2007,Miriam,7
CT,F,2007,Nathaly,7
CT,F,2007,Saanvi,7
CT,F,2007,Saniya,7
CT,F,2007,Shayna,7
CT,F,2007,Shirley,7
CT,F,2007,Shreya,7
CT,F,2007,Skyler,7
CT,F,2007,Sylvia,7
CT,F,2007,Taniya,7
CT,F,2007,Tatyana,7
CT,F,2007,Vivian,7
CT,F,2007,Viviana,7
CT,F,2007,Xiomara,7
CT,F,2007,Yaritza,7
CT,F,2007,Zara,7
CT,F,2007,Ada,6
CT,F,2007,Adeline,6
CT,F,2007,Aditi,6
CT,F,2007,Ainsley,6
CT,F,2007,Aisha,6
CT,F,2007,Aiyana,6
CT,F,2007,Alisha,6
CT,F,2007,Alissa,6
CT,F,2007,Alyson,6
CT,F,2007,Anais,6
CT,F,2007,Angelica,6
CT,F,2007,Angeline,6
CT,F,2007,Ashlynn,6
CT,F,2007,Athena,6
CT,F,2007,Barbara,6
CT,F,2007,Bryanna,6
CT,F,2007,Camille,6
CT,F,2007,Campbell,6
CT,F,2007,Carmen,6
CT,F,2007,Chanel,6
CT,F,2007,Charlize,6
CT,F,2007,Cheyanne,6
CT,F,2007,Corinne,6
CT,F,2007,Daisy,6
CT,F,2007,Deborah,6
CT,F,2007,Desiree,6
CT,F,2007,Destinee,6
CT,F,2007,Emilie,6
CT,F,2007,Emilly,6
CT,F,2007,Esmeralda,6
CT,F,2007,Estrella,6
CT,F,2007,Gisselle,6
CT,F,2007,Hallie,6
CT,F,2007,Haylee,6
CT,F,2007,Hillary,6
CT,F,2007,Ivy,6
CT,F,2007,Iyanna,6
CT,F,2007,Jayleen,6
CT,F,2007,Jazmyn,6
CT,F,2007,Joselyn,6
CT,F,2007,Josie,6
CT,F,2007,Joy,6
CT,F,2007,Julissa,6
CT,F,2007,Kailani,6
CT,F,2007,Kaitlin,6
CT,F,2007,Kaley,6
CT,F,2007,Kali,6
CT,F,2007,Kassandra,6
CT,F,2007,Kassidy,6
CT,F,2007,Katharine,6
CT,F,2007,Katrina,6
CT,F,2007,Kaya,6
CT,F,2007,Kristen,6
CT,F,2007,Lana,6
CT,F,2007,Larissa,6
CT,F,2007,Lexi,6
CT,F,2007,Lilyana,6
CT,F,2007,Linda,6
CT,F,2007,Livia,6
CT,F,2007,Logan,6
CT,F,2007,Madalyn,6
CT,F,2007,Madilyn,6
CT,F,2007,Madisen,6
CT,F,2007,Maja,6
CT,F,2007,Marilyn,6
CT,F,2007,Melody,6
CT,F,2007,Monica,6
CT,F,2007,Nataly,6
CT,F,2007,Rhea,6
CT,F,2007,Riya,6
CT,F,2007,Ruth,6
CT,F,2007,Ryleigh,6
CT,F,2007,Samya,6
CT,F,2007,Shaelyn,6
CT,F,2007,Taliyah,6
CT,F,2007,Teresa,6
CT,F,2007,Zaniyah,6
CT,F,2007,Zariah,6
CT,F,2007,Alani,5
CT,F,2007,Aliza,5
CT,F,2007,Anaya,5
CT,F,2007,Angel,5
CT,F,2007,Aria,5
CT,F,2007,Ayanna,5
CT,F,2007,Bailee,5
CT,F,2007,Caelyn,5
CT,F,2007,Cailey,5
CT,F,2007,Cailyn,5
CT,F,2007,Carla,5
CT,F,2007,Carolina,5
CT,F,2007,Carolyn,5
CT,F,2007,Catalina,5
CT,F,2007,Celeste,5
CT,F,2007,Claudia,5
CT,F,2007,Colleen,5
CT,F,2007,Damaris,5
CT,F,2007,Danna,5
CT,F,2007,Deanna,5
CT,F,2007,Denise,5
CT,F,2007,Devyn,5
CT,F,2007,Eloise,5
CT,F,2007,Emani,5
CT,F,2007,Emelia,5
CT,F,2007,Gina,5
CT,F,2007,Giulia,5
CT,F,2007,Gloria,5
CT,F,2007,Greta,5
CT,F,2007,Gwendolyn,5
CT,F,2007,Hailee,5
CT,F,2007,Jaden,5
CT,F,2007,Jaelynn,5
CT,F,2007,Jaidyn,5
CT,F,2007,Jaime,5
CT,F,2007,Janae,5
CT,F,2007,Janiah,5
CT,F,2007,Jaylynn,5
CT,F,2007,Justice,5
CT,F,2007,Kaelin,5
CT,F,2007,Kaleigh,5
CT,F,2007,Karolina,5
CT,F,2007,Kelis,5
CT,F,2007,Lacey,5
CT,F,2007,Lesley,5
CT,F,2007,Lianna,5
CT,F,2007,Lorelei,5
CT,F,2007,Maddison,5
CT,F,2007,Madelynn,5
CT,F,2007,Magdalena,5
CT,F,2007,Makena,5
CT,F,2007,Melany,5
CT,F,2007,Mina,5
CT,F,2007,Mira,5
CT,F,2007,Mollie,5
CT,F,2007,Nathalia,5
CT,F,2007,Nayeli,5
CT,F,2007,Nola,5
CT,F,2007,Paris,5
CT,F,2007,Paula,5
CT,F,2007,Phoenix,5
CT,F,2007,Priscilla,5
CT,F,2007,Raquel,5
CT,F,2007,Rebeca,5
CT,F,2007,Reilly,5
CT,F,2007,Rosa,5
CT,F,2007,Ryan,5
CT,F,2007,Sahana,5
CT,F,2007,Salma,5
CT,F,2007,Samara,5
CT,F,2007,Sari,5
CT,F,2007,Scarlet,5
CT,F,2007,Selina,5
CT,F,2007,Shania,5
CT,F,2007,Shaniya,5
CT,F,2007,Sharon,5
CT,F,2007,Simone,5
CT,F,2007,Skyla,5
CT,F,2007,Susan,5
CT,F,2007,Tamia,5
CT,F,2007,Tanisha,5
CT,F,2007,Tianna,5
CT,F,2007,Tracy,5
CT,F,2007,Willow,5
CT,F,2008,Isabella,260
CT,F,2008,Olivia,237
CT,F,2008,Ava,231
CT,F,2008,Emily,211
CT,F,2008,Emma,202
CT,F,2008,Madison,181
CT,F,2008,Sophia,181
CT,F,2008,Abigail,168
CT,F,2008,Julia,137
CT,F,2008,Grace,136
CT,F,2008,Samantha,132
CT,F,2008,Mia,129
CT,F,2008,Elizabeth,120
CT,F,2008,Ella,119
CT,F,2008,Gabriella,101
CT,F,2008,Lily,99
CT,F,2008,Sofia,97
CT,F,2008,Hailey,95
CT,F,2008,Hannah,93
CT,F,2008,Natalie,93
CT,F,2008,Anna,91
CT,F,2008,Kayla,88
CT,F,2008,Brooke,87
CT,F,2008,Sarah,87
CT,F,2008,Gianna,82
CT,F,2008,Katherine,81
CT,F,2008,Alyssa,80
CT,F,2008,Chloe,80
CT,F,2008,Maya,80
CT,F,2008,Taylor,79
CT,F,2008,Victoria,79
CT,F,2008,Ashley,76
CT,F,2008,Alexandra,74
CT,F,2008,Lillian,74
CT,F,2008,Avery,73
CT,F,2008,Brianna,73
CT,F,2008,Madeline,73
CT,F,2008,Alexis,71
CT,F,2008,Charlotte,69
CT,F,2008,Lauren,69
CT,F,2008,Alexa,68
CT,F,2008,Angelina,68
CT,F,2008,Leah,65
CT,F,2008,Makayla,63
CT,F,2008,Sophie,62
CT,F,2008,Addison,61
CT,F,2008,Riley,61
CT,F,2008,Caroline,60
CT,F,2008,Kylie,57
CT,F,2008,Nicole,57
CT,F,2008,Arianna,56
CT,F,2008,Madelyn,55
CT,F,2008,Nevaeh,55
CT,F,2008,Kaylee,54
CT,F,2008,Mackenzie,53
CT,F,2008,Molly,53
CT,F,2008,Audrey,52
CT,F,2008,Allison,51
CT,F,2008,Amelia,51
CT,F,2008,Eva,51
CT,F,2008,Ariana,49
CT,F,2008,Juliana,49
CT,F,2008,Natalia,49
CT,F,2008,Sydney,48
CT,F,2008,Zoe,47
CT,F,2008,Paige,46
CT,F,2008,Savannah,46
CT,F,2008,Aubrey,44
CT,F,2008,Gabrielle,44
CT,F,2008,Kaitlyn,44
CT,F,2008,Mya,44
CT,F,2008,Isabelle,43
CT,F,2008,Jenna,43
CT,F,2008,Kathryn,43
CT,F,2008,Destiny,42
CT,F,2008,Amanda,41
CT,F,2008,Morgan,41
CT,F,2008,Rebecca,41
CT,F,2008,Sara,41
CT,F,2008,Jessica,40
CT,F,2008,Adriana,39
CT,F,2008,Catherine,39
CT,F,2008,Claire,39
CT,F,2008,Jillian,39
CT,F,2008,Julianna,39
CT,F,2008,Melanie,38
CT,F,2008,Lucy,37
CT,F,2008,Sadie,37
CT,F,2008,Aaliyah,36
CT,F,2008,Peyton,36
CT,F,2008,Adrianna,35
CT,F,2008,Autumn,35
CT,F,2008,Mikayla,35
CT,F,2008,Erin,34
CT,F,2008,Evelyn,34
CT,F,2008,Faith,34
CT,F,2008,Jocelyn,34
CT,F,2008,Margaret,34
CT,F,2008,Jasmine,33
CT,F,2008,Rachel,33
CT,F,2008,Jennifer,31
CT,F,2008,Kate,31
CT,F,2008,Mariah,31
CT,F,2008,Sienna,31
CT,F,2008,Gabriela,30
CT,F,2008,Maria,30
CT,F,2008,Lila,29
CT,F,2008,Megan,29
CT,F,2008,Payton,29
CT,F,2008,Tessa,29
CT,F,2008,Vanessa,29
CT,F,2008,Alana,28
CT,F,2008,Caitlin,28
CT,F,2008,Camila,28
CT,F,2008,Genesis,28
CT,F,2008,Keira,28
CT,F,2008,Stephanie,28
CT,F,2008,Isabel,27
CT,F,2008,Katelyn,27
CT,F,2008,Mary,27
CT,F,2008,Michelle,27
CT,F,2008,Nora,27
CT,F,2008,Ruby,27
CT,F,2008,Chelsea,26
CT,F,2008,Haley,26
CT,F,2008,Jayla,26
CT,F,2008,Laila,26
CT,F,2008,Liliana,26
CT,F,2008,Meghan,26
CT,F,2008,Sabrina,26
CT,F,2008,Tatiana,26
CT,F,2008,Jada,25
CT,F,2008,Kiara,25
CT,F,2008,Layla,25
CT,F,2008,Stella,25
CT,F,2008,Trinity,25
CT,F,2008,Carly,24
CT,F,2008,Danielle,24
CT,F,2008,Jade,24
CT,F,2008,Kimberly,24
CT,F,2008,Melissa,24
CT,F,2008,Bianca,23
CT,F,2008,Kelly,23
CT,F,2008,Marissa,23
CT,F,2008,Nina,23
CT,F,2008,Scarlett,23
CT,F,2008,Zoey,23
CT,F,2008,Aniyah,22
CT,F,2008,Annabelle,22
CT,F,2008,Eliza,22
CT,F,2008,Leila,22
CT,F,2008,Lilly,22
CT,F,2008,Madeleine,22
CT,F,2008,Summer,22
CT,F,2008,Alexia,21
CT,F,2008,Alice,21
CT,F,2008,Amber,21
CT,F,2008,Ciara,21
CT,F,2008,Delilah,21
CT,F,2008,Lilah,21
CT,F,2008,Michaela,21
CT,F,2008,Skylar,21
CT,F,2008,Alanna,20
CT,F,2008,Delaney,20
CT,F,2008,Jacqueline,20
CT,F,2008,Lia,20
CT,F,2008,Reese,20
CT,F,2008,Teagan,20
CT,F,2008,Briana,19
CT,F,2008,Brooklyn,19
CT,F,2008,Hope,19
CT,F,2008,Jamie,19
CT,F,2008,Naomi,19
CT,F,2008,Vivian,19
CT,F,2008,Amy,18
CT,F,2008,Bailey,18
CT,F,2008,Bella,18
CT,F,2008,Caitlyn,18
CT,F,2008,Christina,18
CT,F,2008,Elena,18
CT,F,2008,Ellie,18
CT,F,2008,Fiona,18
CT,F,2008,Jayda,18
CT,F,2008,Juliette,18
CT,F,2008,London,18
CT,F,2008,Valentina,18
CT,F,2008,Alivia,17
CT,F,2008,Aliyah,17
CT,F,2008,Callie,17
CT,F,2008,Camryn,17
CT,F,2008,Cassidy,17
CT,F,2008,Cheyenne,17
CT,F,2008,Giselle,17
CT,F,2008,Jordan,17
CT,F,2008,Lyla,17
CT,F,2008,Maeve,17
CT,F,2008,Marley,17
CT,F,2008,Mckenna,17
CT,F,2008,Miley,17
CT,F,2008,Phoebe,17
CT,F,2008,Sage,17
CT,F,2008,Shannon,17
CT,F,2008,Amaya,16
CT,F,2008,Diana,16
CT,F,2008,Eliana,16
CT,F,2008,Emilia,16
CT,F,2008,Hayden,16
CT,F,2008,Josephine,16
CT,F,2008,Katie,16
CT,F,2008,Kendall,16
CT,F,2008,Kennedy,16
CT,F,2008,Lindsay,16
CT,F,2008,Sasha,16
CT,F,2008,Talia,16
CT,F,2008,Ana,15
CT,F,2008,Andrea,15
CT,F,2008,Clara,15
CT,F,2008,Daniela,15
CT,F,2008,Giana,15
CT,F,2008,Kelsey,15
CT,F,2008,Kyra,15
CT,F,2008,Lucia,15
CT,F,2008,Mckenzie,15
CT,F,2008,Reagan,15
CT,F,2008,Rylee,15
CT,F,2008,Tiffany,15
CT,F,2008,Valeria,15
CT,F,2008,Alaina,14
CT,F,2008,Alessandra,14
CT,F,2008,Angela,14
CT,F,2008,Ashlyn,14
CT,F,2008,Cameron,14
CT,F,2008,Imani,14
CT,F,2008,Jordyn,14
CT,F,2008,Leilani,14
CT,F,2008,Serena,14
CT,F,2008,Sierra,14
CT,F,2008,Tiana,14
CT,F,2008,Violet,14
CT,F,2008,Alina,13
CT,F,2008,Brenna,13
CT,F,2008,Brynn,13
CT,F,2008,Camille,13
CT,F,2008,Gracie,13
CT,F,2008,Izabella,13
CT,F,2008,Kayleigh,13
CT,F,2008,Kiley,13
CT,F,2008,Kylee,13
CT,F,2008,Maia,13
CT,F,2008,Mallory,13
CT,F,2008,Nadia,13
CT,F,2008,Nyasia,13
CT,F,2008,Piper,13
CT,F,2008,Valerie,13
CT,F,2008,Veronica,13
CT,F,2008,Alexandria,12
CT,F,2008,Alicia,12
CT,F,2008,Alison,12
CT,F,2008,Anne,12
CT,F,2008,Bridget,12
CT,F,2008,Cecilia,12
CT,F,2008,Crystal,12
CT,F,2008,Kiera,12
CT,F,2008,Kimora,12
CT,F,2008,Kyla,12
CT,F,2008,Laura,12
CT,F,2008,Makenzie,12
CT,F,2008,Natasha,12
CT,F,2008,Savanna,12
CT,F,2008,Serenity,12
CT,F,2008,Shelby,12
CT,F,2008,Willow,12
CT,F,2008,Angel,11
CT,F,2008,Angelica,11
CT,F,2008,Ariel,11
CT,F,2008,Daisy,11
CT,F,2008,Daniella,11
CT,F,2008,Deanna,11
CT,F,2008,Emerson,11
CT,F,2008,Georgia,11
CT,F,2008,Holly,11
CT,F,2008,Jasmin,11
CT,F,2008,Jazmin,11
CT,F,2008,Kaelyn,11
CT,F,2008,Kailey,11
CT,F,2008,Kaitlin,11
CT,F,2008,Kara,11
CT,F,2008,Karina,11
CT,F,2008,Lilliana,11
CT,F,2008,Maggie,11
CT,F,2008,Makenna,11
CT,F,2008,Meredith,11
CT,F,2008,Penelope,11
CT,F,2008,Shayla,11
CT,F,2008,Shea,11
CT,F,2008,Abby,10
CT,F,2008,Allyson,10
CT,F,2008,Anastasia,10
CT,F,2008,April,10
CT,F,2008,Ayla,10
CT,F,2008,Cassandra,10
CT,F,2008,Cora,10
CT,F,2008,Dylan,10
CT,F,2008,Eleanor,10
CT,F,2008,Elise,10
CT,F,2008,Emely,10
CT,F,2008,Emilie,10
CT,F,2008,Erica,10
CT,F,2008,Eve,10
CT,F,2008,Genevieve,10
CT,F,2008,Hanna,10
CT,F,2008,Heaven,10
CT,F,2008,Helen,10
CT,F,2008,Helena,10
CT,F,2008,Jaida,10
CT,F,2008,Jaslene,10
CT,F,2008,Jayleen,10
CT,F,2008,Karla,10
CT,F,2008,Liana,10
CT,F,2008,Lilyana,10
CT,F,2008,Logan,10
CT,F,2008,Madalyn,10
CT,F,2008,Norah,10
CT,F,2008,Rylie,10
CT,F,2008,Selena,10
CT,F,2008,Adeline,9
CT,F,2008,Alejandra,9
CT,F,2008,Amari,9
CT,F,2008,Bethany,9
CT,F,2008,Carmen,9
CT,F,2008,Carolyn,9
CT,F,2008,Casey,9
CT,F,2008,Clare,9
CT,F,2008,Cristina,9
CT,F,2008,Dakota,9
CT,F,2008,Deborah,9
CT,F,2008,Eden,9
CT,F,2008,Fatima,9
CT,F,2008,Hadley,9
CT,F,2008,Harper,9
CT,F,2008,Haylee,9
CT,F,2008,Jane,9
CT,F,2008,Janiya,9
CT,F,2008,Jazmine,9
CT,F,2008,Juliet,9
CT,F,2008,Karen,9
CT,F,2008,Kaya,9
CT,F,2008,Leslie,9
CT,F,2008,Lydia,9
CT,F,2008,Mariana,9
CT,F,2008,Nayeli,9
CT,F,2008,Rose,9
CT,F,2008,Rowan,9
CT,F,2008,Shania,9
CT,F,2008,Skyla,9
CT,F,2008,Skyler,9
CT,F,2008,Ada,8
CT,F,2008,Alisha,8
CT,F,2008,Amalia,8
CT,F,2008,Aniya,8
CT,F,2008,Ashlynn,8
CT,F,2008,Audrina,8
CT,F,2008,Ayanna,8
CT,F,2008,Breanna,8
CT,F,2008,Brooklynn,8
CT,F,2008,Cadence,8
CT,F,2008,Cara,8
CT,F,2008,Celeste,8
CT,F,2008,Claudia,8
CT,F,2008,Colleen,8
CT,F,2008,Devin,8
CT,F,2008,Elliana,8
CT,F,2008,Emelia,8
CT,F,2008,Esther,8
CT,F,2008,Evangeline,8
CT,F,2008,Francesca,8
CT,F,2008,Gemma,8
CT,F,2008,Gillian,8
CT,F,2008,Gina,8
CT,F,2008,Harmony,8
CT,F,2008,Haylie,8
CT,F,2008,Isabela,8
CT,F,2008,Janessa,8
CT,F,2008,Jaylene,8
CT,F,2008,Jazlyn,8
CT,F,2008,Joanna,8
CT,F,2008,Kamryn,8
CT,F,2008,Kassandra,8
CT,F,2008,Kaydence,8
CT,F,2008,Kaylie,8
CT,F,2008,Kendra,8
CT,F,2008,Kira,8
CT,F,2008,Lindsey,8
CT,F,2008,Madisyn,8
CT,F,2008,Nia,8
CT,F,2008,Nola,8
CT,F,2008,Shriya,8
CT,F,2008,Tara,8
CT,F,2008,Tatum,8
CT,F,2008,Addyson,7
CT,F,2008,Angie,7
CT,F,2008,Annie,7
CT,F,2008,Anya,7
CT,F,2008,Brielle,7
CT,F,2008,Carolina,7
CT,F,2008,Cecelia,7
CT,F,2008,Danica,7
CT,F,2008,Desiree,7
CT,F,2008,Diamond,7
CT,F,2008,Elaina,7
CT,F,2008,Elisa,7
CT,F,2008,Emani,7
CT,F,2008,Erika,7
CT,F,2008,Esmeralda,7
CT,F,2008,Gia,7
CT,F,2008,Giovanna,7
CT,F,2008,Giuliana,7
CT,F,2008,Isla,7
CT,F,2008,Ivy,7
CT,F,2008,Iyanna,7
CT,F,2008,Jaelyn,7
CT,F,2008,Janiah,7
CT,F,2008,Julie,7
CT,F,2008,Kaylani,7
CT,F,2008,Lea,7
CT,F,2008,Leilany,7
CT,F,2008,Lena,7
CT,F,2008,Lola,7
CT,F,2008,Lorelei,7
CT,F,2008,Maddison,7
CT,F,2008,Malia,7
CT,F,2008,Marianna,7
CT,F,2008,Mckayla,7
CT,F,2008,Monica,7
CT,F,2008,Natalya,7
CT,F,2008,Rachael,7
CT,F,2008,Raquel,7
CT,F,2008,Reilly,7
CT,F,2008,Saige,7
CT,F,2008,Sally,7
CT,F,2008,Samara,7
CT,F,2008,Sarai,7
CT,F,2008,Sharon,7
CT,F,2008,Sheyla,7
CT,F,2008,Siena,7
CT,F,2008,Sloane,7
CT,F,2008,Zahra,7
CT,F,2008,Aditi,6
CT,F,2008,Aiyana,6
CT,F,2008,Alannah,6
CT,F,2008,Aleena,6
CT,F,2008,Allisson,6
CT,F,2008,Amira,6
CT,F,2008,Amirah,6
CT,F,2008,Amya,6
CT,F,2008,Anaya,6
CT,F,2008,Aria,6
CT,F,2008,Ariella,6
CT,F,2008,Armani,6
CT,F,2008,Aryanna,6
CT,F,2008,Avani,6
CT,F,2008,Britney,6
CT,F,2008,Camilla,6
CT,F,2008,Catalina,6
CT,F,2008,Cindy,6
CT,F,2008,Corinne,6
CT,F,2008,Courtney,6
CT,F,2008,Cynthia,6
CT,F,2008,Delia,6
CT,F,2008,Diya,6
CT,F,2008,Elle,6
CT,F,2008,Giada,6
CT,F,2008,Gretchen,6
CT,F,2008,Hailee,6
CT,F,2008,Hana,6
CT,F,2008,Hasini,6
CT,F,2008,Hayley,6
CT,F,2008,Hazel,6
CT,F,2008,Heidi,6
CT,F,2008,Jaelynn,6
CT,F,2008,Janiyah,6
CT,F,2008,Jaylynn,6
CT,F,2008,Kasey,6
CT,F,2008,Kassidy,6
CT,F,2008,Khloe,6
CT,F,2008,Kiersten,6
CT,F,2008,Kristen,6
CT,F,2008,Kyleigh,6
CT,F,2008,Livia,6
CT,F,2008,Madilyn,6
CT,F,2008,Mariam,6
CT,F,2008,Marlee,6
CT,F,2008,Martha,6
CT,F,2008,Meadow,6
CT,F,2008,Melody,6
CT,F,2008,Mikaela,6
CT,F,2008,Miriam,6
CT,F,2008,Quinn,6
CT,F,2008,Rhianna,6
CT,F,2008,Ryan,6
CT,F,2008,Ryleigh,6
CT,F,2008,Sahasra,6
CT,F,2008,Salma,6
CT,F,2008,Sariah,6
CT,F,2008,Siobhan,6
CT,F,2008,Skye,6
CT,F,2008,Stephany,6
CT,F,2008,Taina,6
CT,F,2008,Tamia,6
CT,F,2008,Tania,6
CT,F,2008,Teresa,6
CT,F,2008,Thalia,6
CT,F,2008,Yasmin,6
CT,F,2008,Ainsley,5
CT,F,2008,Alisson,5
CT,F,2008,Allie,5
CT,F,2008,Alondra,5
CT,F,2008,Amani,5
CT,F,2008,Amara,5
CT,F,2008,Annabel,5
CT,F,2008,Annabella,5
CT,F,2008,Arielle,5
CT,F,2008,Ashanti,5
CT,F,2008,Ashlee,5
CT,F,2008,Aurora,5
CT,F,2008,Beatrice,5
CT,F,2008,Breana,5
CT,F,2008,Bryanna,5
CT,F,2008,Cali,5
CT,F,2008,Campbell,5
CT,F,2008,Carina,5
CT,F,2008,Celine,5
CT,F,2008,Cherish,5
CT,F,2008,Chiara,5
CT,F,2008,Dana,5
CT,F,2008,Danna,5
CT,F,2008,Dayana,5
CT,F,2008,Destinee,5
CT,F,2008,Eleni,5
CT,F,2008,Elisabeth,5
CT,F,2008,Emery,5
CT,F,2008,Felicity,5
CT,F,2008,Finley,5
CT,F,2008,Gloria,5
CT,F,2008,Jaidyn,5
CT,F,2008,Janelle,5
CT,F,2008,Jayden,5
CT,F,2008,Jaylin,5
CT,F,2008,Johanna,5
CT,F,2008,Julissa,5
CT,F,2008,Justine,5
CT,F,2008,Kailee,5
CT,F,2008,Kaley,5
CT,F,2008,Kali,5
CT,F,2008,Kaliyah,5
CT,F,2008,Katerina,5
CT,F,2008,Kathleen,5
CT,F,2008,Kaylen,5
CT,F,2008,Kaylin,5
CT,F,2008,Kaylynn,5
CT,F,2008,Keily,5
CT,F,2008,Kiana,5
CT,F,2008,Lacey,5
CT,F,2008,Lainey,5
CT,F,2008,Lana,5
CT,F,2008,Laniyah,5
CT,F,2008,Lauryn,5
CT,F,2008,Lillianna,5
CT,F,2008,Linnea,5
CT,F,2008,Lisa,5
CT,F,2008,Luciana,5
CT,F,2008,Luna,5
CT,F,2008,Macy,5
CT,F,2008,Madysen,5
CT,F,2008,Mara,5
CT,F,2008,Maren,5
CT,F,2008,Marilyn,5
CT,F,2008,Marisa,5
CT,F,2008,Maritza,5
CT,F,2008,Mariyah,5
CT,F,2008,Melina,5
CT,F,2008,Mikaila,5
CT,F,2008,Mila,5
CT,F,2008,Mina,5
CT,F,2008,Miranda,5
CT,F,2008,Mollie,5
CT,F,2008,Nancy,5
CT,F,2008,Nathalie,5
CT,F,2008,Noelia,5
CT,F,2008,Noelle,5
CT,F,2008,Parker,5
CT,F,2008,Priscilla,5
CT,F,2008,Regan,5
CT,F,2008,Rihanna,5
CT,F,2008,Riya,5
CT,F,2008,Rory,5
CT,F,2008,Sanaa,5
CT,F,2008,Saniya,5
CT,F,2008,Sarina,5
CT,F,2008,Scarlet,5
CT,F,2008,Shaila,5
CT,F,2008,Shanya,5
CT,F,2008,Shiloh,5
CT,F,2008,Shirley,5
CT,F,2008,Susan,5
CT,F,2008,Taliyah,5
CT,F,2008,Tierra,5
CT,F,2008,Tori,5
CT,F,2008,Vivienne,5
CT,F,2008,Xiomara,5
CT,F,2008,Yadira,5
CT,F,2008,Zara,5
CT,F,2009,Isabella,275
CT,F,2009,Olivia,236
CT,F,2009,Sophia,225
CT,F,2009,Ava,220
CT,F,2009,Emma,190
CT,F,2009,Madison,173
CT,F,2009,Abigail,154
CT,F,2009,Mia,151
CT,F,2009,Samantha,146
CT,F,2009,Emily,144
CT,F,2009,Gabriella,135
CT,F,2009,Chloe,122
CT,F,2009,Sarah,117
CT,F,2009,Elizabeth,115
CT,F,2009,Julia,106
CT,F,2009,Ella,103
CT,F,2009,Grace,100
CT,F,2009,Brianna,95
CT,F,2009,Lily,92
CT,F,2009,Gianna,91
CT,F,2009,Hailey,90
CT,F,2009,Victoria,88
CT,F,2009,Leah,84
CT,F,2009,Natalie,84
CT,F,2009,Charlotte,82
CT,F,2009,Alexandra,81
CT,F,2009,Kayla,81
CT,F,2009,Hannah,78
CT,F,2009,Avery,73
CT,F,2009,Brooke,73
CT,F,2009,Alyssa,72
CT,F,2009,Taylor,70
CT,F,2009,Addison,68
CT,F,2009,Alexa,68
CT,F,2009,Arianna,68
CT,F,2009,Riley,68
CT,F,2009,Ashley,67
CT,F,2009,Alexis,65
CT,F,2009,Anna,65
CT,F,2009,Maya,64
CT,F,2009,Sofia,64
CT,F,2009,Sophie,64
CT,F,2009,Molly,62
CT,F,2009,Madeline,59
CT,F,2009,Katherine,58
CT,F,2009,Lillian,57
CT,F,2009,Nevaeh,57
CT,F,2009,Amelia,56
CT,F,2009,Ariana,56
CT,F,2009,Caroline,56
CT,F,2009,Claire,56
CT,F,2009,Allison,54
CT,F,2009,Mya,54
CT,F,2009,Nicole,54
CT,F,2009,Peyton,54
CT,F,2009,Audrey,53
CT,F,2009,Sara,53
CT,F,2009,Kaitlyn,52
CT,F,2009,Lauren,52
CT,F,2009,Juliana,51
CT,F,2009,Madelyn,51
CT,F,2009,Savannah,51
CT,F,2009,Makayla,50
CT,F,2009,Rachel,50
CT,F,2009,Sydney,50
CT,F,2009,Angelina,48
CT,F,2009,Kaylee,48
CT,F,2009,Lucy,48
CT,F,2009,Natalia,46
CT,F,2009,Zoe,46
CT,F,2009,Mackenzie,43
CT,F,2009,Maria,42
CT,F,2009,Sadie,42
CT,F,2009,Aaliyah,41
CT,F,2009,Amanda,40
CT,F,2009,Julianna,39
CT,F,2009,Destiny,38
CT,F,2009,Rebecca,37
CT,F,2009,Vanessa,37
CT,F,2009,Adriana,36
CT,F,2009,Eva,36
CT,F,2009,Gabrielle,36
CT,F,2009,Morgan,36
CT,F,2009,Paige,36
CT,F,2009,Aubrey,35
CT,F,2009,Autumn,35
CT,F,2009,Jasmine,35
CT,F,2009,Katelyn,35
CT,F,2009,Mariah,35
CT,F,2009,Evelyn,34
CT,F,2009,Margaret,33
CT,F,2009,Serenity,33
CT,F,2009,Stephanie,33
CT,F,2009,Layla,32
CT,F,2009,Isabelle,31
CT,F,2009,Jenna,31
CT,F,2009,Kylie,31
CT,F,2009,Lila,31
CT,F,2009,Genesis,30
CT,F,2009,Haley,30
CT,F,2009,Keira,30
CT,F,2009,Megan,30
CT,F,2009,Stella,30
CT,F,2009,Bella,29
CT,F,2009,Isabel,29
CT,F,2009,Jennifer,28
CT,F,2009,Liliana,28
CT,F,2009,Aniyah,27
CT,F,2009,Camila,27
CT,F,2009,Jillian,27
CT,F,2009,Jocelyn,27
CT,F,2009,Khloe,27
CT,F,2009,Mary,27
CT,F,2009,Brooklyn,26
CT,F,2009,Nora,26
CT,F,2009,Briana,25
CT,F,2009,Emilia,25
CT,F,2009,Jessica,25
CT,F,2009,Sasha,25
CT,F,2009,Amaya,24
CT,F,2009,Annabelle,24
CT,F,2009,Camryn,24
CT,F,2009,Catherine,24
CT,F,2009,Faith,24
CT,F,2009,Laila,24
CT,F,2009,Lilly,24
CT,F,2009,Talia,24
CT,F,2009,Valentina,24
CT,F,2009,Caitlin,23
CT,F,2009,Payton,23
CT,F,2009,Piper,23
CT,F,2009,Ruby,23
CT,F,2009,Scarlett,23
CT,F,2009,Tessa,23
CT,F,2009,Violet,23
CT,F,2009,Andrea,22
CT,F,2009,Bianca,22
CT,F,2009,Caitlyn,22
CT,F,2009,Gabriela,22
CT,F,2009,Jada,22
CT,F,2009,Jade,22
CT,F,2009,Kate,22
CT,F,2009,Kelly,22
CT,F,2009,Melanie,22
CT,F,2009,Phoebe,22
CT,F,2009,Skylar,22
CT,F,2009,Adrianna,21
CT,F,2009,Alana,21
CT,F,2009,Eleanor,21
CT,F,2009,Jordan,21
CT,F,2009,Kimberly,21
CT,F,2009,Leila,21
CT,F,2009,Sabrina,21
CT,F,2009,Alivia,20
CT,F,2009,Haylee,20
CT,F,2009,Kathryn,20
CT,F,2009,London,20
CT,F,2009,Malia,20
CT,F,2009,Michelle,20
CT,F,2009,Naomi,20
CT,F,2009,Penelope,20
CT,F,2009,Reagan,20
CT,F,2009,Daniela,19
CT,F,2009,Francesca,19
CT,F,2009,Jacqueline,19
CT,F,2009,Juliette,19
CT,F,2009,Reese,19
CT,F,2009,Zoey,19
CT,F,2009,Alina,18
CT,F,2009,Alison,18
CT,F,2009,Anastasia,18
CT,F,2009,Ashlyn,18
CT,F,2009,Carly,18
CT,F,2009,Danielle,18
CT,F,2009,Elena,18
CT,F,2009,Erin,18
CT,F,2009,Nina,18
CT,F,2009,Sienna,18
CT,F,2009,Trinity,18
CT,F,2009,Angela,17
CT,F,2009,Anya,17
CT,F,2009,Bailey,17
CT,F,2009,Cassidy,17
CT,F,2009,Diana,17
CT,F,2009,Eliza,17
CT,F,2009,Izabella,17
CT,F,2009,Jayla,17
CT,F,2009,Josephine,17
CT,F,2009,Kelsey,17
CT,F,2009,Lilah,17
CT,F,2009,Mikayla,17
CT,F,2009,Aliyah,16
CT,F,2009,Ana,16
CT,F,2009,Analia,16
CT,F,2009,Cecilia,16
CT,F,2009,Daisy,16
CT,F,2009,Daniella,16
CT,F,2009,Julie,16
CT,F,2009,Lia,16
CT,F,2009,Lilliana,16
CT,F,2009,Lyla,16
CT,F,2009,Marissa,16
CT,F,2009,Marley,16
CT,F,2009,Meghan,16
CT,F,2009,Nyasia,16
CT,F,2009,Sage,16
CT,F,2009,Valeria,16
CT,F,2009,Amber,15
CT,F,2009,Amy,15
CT,F,2009,Aurora,15
CT,F,2009,Cameron,15
CT,F,2009,Clara,15
CT,F,2009,Hayden,15
CT,F,2009,Isla,15
CT,F,2009,Jane,15
CT,F,2009,Jordyn,15
CT,F,2009,Kaelyn,15
CT,F,2009,Kendall,15
CT,F,2009,Madeleine,15
CT,F,2009,Maeve,15
CT,F,2009,Mckenna,15
CT,F,2009,Rose,15
CT,F,2009,Rylee,15
CT,F,2009,Vivian,15
CT,F,2009,Alexia,14
CT,F,2009,Alice,14
CT,F,2009,Alicia,14
CT,F,2009,Brooklynn,14
CT,F,2009,Chelsea,14
CT,F,2009,Eliana,14
CT,F,2009,Fiona,14
CT,F,2009,Gia,14
CT,F,2009,Giselle,14
CT,F,2009,Imani,14
CT,F,2009,Laura,14
CT,F,2009,Lucia,14
CT,F,2009,Miley,14
CT,F,2009,Sierra,14
CT,F,2009,Teagan,14
CT,F,2009,Alexandria,13
CT,F,2009,Breanna,13
CT,F,2009,Cassandra,13
CT,F,2009,Cheyenne,13
CT,F,2009,Genevieve,13
CT,F,2009,Harper,13
CT,F,2009,Jayda,13
CT,F,2009,Kennedy,13
CT,F,2009,Kiara,13
CT,F,2009,Melissa,13
CT,F,2009,Michaela,13
CT,F,2009,Noelle,13
CT,F,2009,Angelica,12
CT,F,2009,Camilla,12
CT,F,2009,Christina,12
CT,F,2009,Delaney,12
CT,F,2009,Delilah,12
CT,F,2009,Gracie,12
CT,F,2009,Hazel,12
CT,F,2009,Janiya,12
CT,F,2009,Katie,12
CT,F,2009,Kylee,12
CT,F,2009,Lena,12
CT,F,2009,Lindsey,12
CT,F,2009,Lydia,12
CT,F,2009,Mariana,12
CT,F,2009,Rihanna,12
CT,F,2009,Shayla,12
CT,F,2009,Tatiana,12
CT,F,2009,Alayna,11
CT,F,2009,Alejandra,11
CT,F,2009,Cadence,11
CT,F,2009,Cara,11
CT,F,2009,Elise,11
CT,F,2009,Hayley,11
CT,F,2009,Janelle,11
CT,F,2009,Jazmine,11
CT,F,2009,Kristen,11
CT,F,2009,Leilani,11
CT,F,2009,Leslie,11
CT,F,2009,Lexi,11
CT,F,2009,Liana,11
CT,F,2009,Mckenzie,11
CT,F,2009,Nyla,11
CT,F,2009,Riya,11
CT,F,2009,Saniya,11
CT,F,2009,Summer,11
CT,F,2009,Tiana,11
CT,F,2009,Valerie,11
CT,F,2009,Veronica,11
CT,F,2009,Abby,10
CT,F,2009,Allyson,10
CT,F,2009,Courtney,10
CT,F,2009,Crystal,10
CT,F,2009,Eden,10
CT,F,2009,Elle,10
CT,F,2009,Ellie,10
CT,F,2009,Giuliana,10
CT,F,2009,Hadley,10
CT,F,2009,Harmony,10
CT,F,2009,Jaelyn,10
CT,F,2009,Kayden,10
CT,F,2009,Logan,10
CT,F,2009,Maia,10
CT,F,2009,Mallory,10
CT,F,2009,Savanna,10
CT,F,2009,Selena,10
CT,F,2009,Tess,10
CT,F,2009,Adeline,9
CT,F,2009,Alani,9
CT,F,2009,Aria,9
CT,F,2009,Beatrice,9
CT,F,2009,Camille,9
CT,F,2009,Dakota,9
CT,F,2009,Daria,9
CT,F,2009,Georgia,9
CT,F,2009,Heaven,9
CT,F,2009,Helena,9
CT,F,2009,Jazmin,9
CT,F,2009,Joselyn,9
CT,F,2009,Juliet,9
CT,F,2009,Kailey,9
CT,F,2009,Kaitlin,9
CT,F,2009,Kara,9
CT,F,2009,Karen,9
CT,F,2009,Kristina,9
CT,F,2009,Kyleigh,9
CT,F,2009,Kyra,9
CT,F,2009,Lola,9
CT,F,2009,Luna,9
CT,F,2009,Madelynn,9
CT,F,2009,Maliyah,9
CT,F,2009,Nadia,9
CT,F,2009,Natasha,9
CT,F,2009,Rachael,9
CT,F,2009,Roselyn,9
CT,F,2009,Rowan,9
CT,F,2009,Sarai,9
CT,F,2009,Shannon,9
CT,F,2009,Willow,9
CT,F,2009,Adelaide,8
CT,F,2009,Alanna,8
CT,F,2009,Alessandra,8
CT,F,2009,Amari,8
CT,F,2009,Amiya,8
CT,F,2009,Angel,8
CT,F,2009,Angie,8
CT,F,2009,Anika,8
CT,F,2009,Annabel,8
CT,F,2009,Annabella,8
CT,F,2009,Anne,8
CT,F,2009,April,8
CT,F,2009,Ariel,8
CT,F,2009,Aryanna,8
CT,F,2009,Ayanna,8
CT,F,2009,Ayla,8
CT,F,2009,Bethany,8
CT,F,2009,Caylee,8
CT,F,2009,Chanel,8
CT,F,2009,Cora,8
CT,F,2009,Daphne,8
CT,F,2009,Emely,8
CT,F,2009,Emerson,8
CT,F,2009,Finley,8
CT,F,2009,Frances,8
CT,F,2009,Gemma,8
CT,F,2009,Giana,8
CT,F,2009,Iris,8
CT,F,2009,Isabela,8
CT,F,2009,Jaida,8
CT,F,2009,Janiah,8
CT,F,2009,Janiyah,8
CT,F,2009,Kailyn,8
CT,F,2009,Londyn,8
CT,F,2009,Maggie,8
CT,F,2009,Makenzie,8
CT,F,2009,Melody,8
CT,F,2009,Monica,8
CT,F,2009,Myra,8
CT,F,2009,Norah,8
CT,F,2009,Nylah,8
CT,F,2009,Parker,8
CT,F,2009,Quinn,8
CT,F,2009,Shelby,8
CT,F,2009,Skye,8
CT,F,2009,Whitney,8
CT,F,2009,Yasmin,8
CT,F,2009,Abbigail,7
CT,F,2009,Addyson,7
CT,F,2009,Ainsley,7
CT,F,2009,Alaina,7
CT,F,2009,Alia,7
CT,F,2009,Amani,7
CT,F,2009,Amina,7
CT,F,2009,Analise,7
CT,F,2009,Anaya,7
CT,F,2009,Anjali,7
CT,F,2009,Annalise,7
CT,F,2009,Arabella,7
CT,F,2009,Armani,7
CT,F,2009,Ashlynn,7
CT,F,2009,Bridget,7
CT,F,2009,Brynn,7
CT,F,2009,Calleigh,7
CT,F,2009,Callie,7
CT,F,2009,Carina,7
CT,F,2009,Catalina,7
CT,F,2009,Cecelia,7
CT,F,2009,Clare,7
CT,F,2009,Cristina,7
CT,F,2009,Giada,7
CT,F,2009,Hailee,7
CT,F,2009,Isis,7
CT,F,2009,Ivy,7
CT,F,2009,Jayleen,7
CT,F,2009,Jazlyn,7
CT,F,2009,Joy,7
CT,F,2009,Kathleen,7
CT,F,2009,Kayleigh,7
CT,F,2009,Keily,7
CT,F,2009,Kendra,7
CT,F,2009,Kiera,7
CT,F,2009,Kiley,7
CT,F,2009,Kira,7
CT,F,2009,Kyla,7
CT,F,2009,Lilyana,7
CT,F,2009,Livia,7
CT,F,2009,Luciana,7
CT,F,2009,Lucille,7
CT,F,2009,Madilyn,7
CT,F,2009,Makenna,7
CT,F,2009,Mariam,7
CT,F,2009,Marina,7
CT,F,2009,Melina,7
CT,F,2009,Nathalia,7
CT,F,2009,Nayeli,7
CT,F,2009,Phoenix,7
CT,F,2009,Sanjana,7
CT,F,2009,Shiloh,7
CT,F,2009,Shriya,7
CT,F,2009,Siena,7
CT,F,2009,Thalia,7
CT,F,2009,Tianna,7
CT,F,2009,Aanya,6
CT,F,2009,Allie,6
CT,F,2009,Amelie,6
CT,F,2009,Amiyah,6
CT,F,2009,Anabella,6
CT,F,2009,Anabelle,6
CT,F,2009,Aniya,6
CT,F,2009,Ashlee,6
CT,F,2009,Aubrie,6
CT,F,2009,Audrina,6
CT,F,2009,Brielle,6
CT,F,2009,Carmen,6
CT,F,2009,Carolina,6
CT,F,2009,Ciara,6
CT,F,2009,Cierra,6
CT,F,2009,Claudia,6
CT,F,2009,Corinne,6
CT,F,2009,Danna,6
CT,F,2009,Elianna,6
CT,F,2009,Eloise,6
CT,F,2009,Emery,6
CT,F,2009,Erica,6
CT,F,2009,Erika,6
CT,F,2009,Fernanda,6
CT,F,2009,Giovanna,6
CT,F,2009,Haleigh,6
CT,F,2009,Helen,6
CT,F,2009,Holly,6
CT,F,2009,Hope,6
CT,F,2009,Jaelynn,6
CT,F,2009,Jamie,6
CT,F,2009,Janessa,6
CT,F,2009,Jayden,6
CT,F,2009,Jazmyn,6
CT,F,2009,Joanna,6
CT,F,2009,Josie,6
CT,F,2009,Julianne,6
CT,F,2009,Julissa,6
CT,F,2009,Kaia,6
CT,F,2009,Kaleigh,6
CT,F,2009,Kamryn,6
CT,F,2009,Karina,6
CT,F,2009,Karla,6
CT,F,2009,Karly,6
CT,F,2009,Kassidy,6
CT,F,2009,Katelynn,6
CT,F,2009,Kaylani,6
CT,F,2009,Kaylie,6
CT,F,2009,Kaylin,6
CT,F,2009,Kirsten,6
CT,F,2009,Lara,6
CT,F,2009,Lea,6
CT,F,2009,Lilian,6
CT,F,2009,Lindsay,6
CT,F,2009,Macy,6
CT,F,2009,Madyson,6
CT,F,2009,Mariella,6
CT,F,2009,Milagros,6
CT,F,2009,Miranda,6
CT,F,2009,Miriam,6
CT,F,2009,Nia,6
CT,F,2009,Patricia,6
CT,F,2009,Rory,6
CT,F,2009,Rosa,6
CT,F,2009,Ryan,6
CT,F,2009,Rylan,6
CT,F,2009,Rylie,6
CT,F,2009,Sahana,6
CT,F,2009,Saige,6
CT,F,2009,Sanaa,6
CT,F,2009,Sanai,6
CT,F,2009,Sariah,6
CT,F,2009,Shania,6
CT,F,2009,Shea,6
CT,F,2009,Skyler,6
CT,F,2009,Taryn,6
CT,F,2009,Tatianna,6
CT,F,2009,Teresa,6
CT,F,2009,Tiffany,6
CT,F,2009,Vivienne,6
CT,F,2009,Yesenia,6
CT,F,2009,Abygail,5
CT,F,2009,Aliana,5
CT,F,2009,Alisa,5
CT,F,2009,Alissa,5
CT,F,2009,Aliza,5
CT,F,2009,Alondra,5
CT,F,2009,Alyana,5
CT,F,2009,Alysia,5
CT,F,2009,Alyson,5
CT,F,2009,Amara,5
CT,F,2009,Angelique,5
CT,F,2009,Anijah,5
CT,F,2009,Ann,5
CT,F,2009,Annaliese,5
CT,F,2009,Anushka,5
CT,F,2009,Brenna,5
CT,F,2009,Carissa,5
CT,F,2009,Carlie,5
CT,F,2009,Casey,5
CT,F,2009,Cayla,5
CT,F,2009,Celia,5
CT,F,2009,Charlize,5
CT,F,2009,Colleen,5
CT,F,2009,Dahlia,5
CT,F,2009,Damaris,5
CT,F,2009,Dasia,5
CT,F,2009,Dayana,5
CT,F,2009,Deanna,5
CT,F,2009,Devin,5
CT,F,2009,Eileen,5
CT,F,2009,Elaina,5
CT,F,2009,Elisa,5
CT,F,2009,Elisabeth,5
CT,F,2009,Elliana,5
CT,F,2009,Elsa,5
CT,F,2009,Elyse,5
CT,F,2009,Emilee,5
CT,F,2009,Emilie,5
CT,F,2009,Esther,5
CT,F,2009,Eve,5
CT,F,2009,Gina,5
CT,F,2009,Giulia,5
CT,F,2009,Heidy,5
CT,F,2009,Iliana,5
CT,F,2009,Jaslyn,5
CT,F,2009,Jasmin,5
CT,F,2009,Jaydah,5
CT,F,2009,Jaylene,5
CT,F,2009,Kamila,5
CT,F,2009,Katerina,5
CT,F,2009,Kaya,5
CT,F,2009,Kaydence,5
CT,F,2009,Kimora,5
CT,F,2009,Larissa,5
CT,F,2009,Laurel,5
CT,F,2009,Leticia,5
CT,F,2009,Lizbeth,5
CT,F,2009,Maddison,5
CT,F,2009,Madisyn,5
CT,F,2009,Mara,5
CT,F,2009,Marin,5
CT,F,2009,Marlie,5
CT,F,2009,Martina,5
CT,F,2009,Maryn,5
CT,F,2009,Matilda,5
CT,F,2009,Maura,5
CT,F,2009,Mckayla,5
CT,F,2009,Melany,5
CT,F,2009,Meredith,5
CT,F,2009,Mihika,5
CT,F,2009,Myah,5
CT,F,2009,Nathalie,5
CT,F,2009,Nayeliz,5
CT,F,2009,Neveah,5
CT,F,2009,Ruth,5
CT,F,2009,Sahasra,5
CT,F,2009,Sawyer,5
CT,F,2009,Scarlet,5
CT,F,2009,Sidney,5
CT,F,2009,Silvia,5
CT,F,2009,Simone,5
CT,F,2009,Sky,5
CT,F,2009,Sonia,5
CT,F,2009,Tahlia,5
CT,F,2009,Taliah,5
CT,F,2009,Taliyah,5
CT,F,2009,Tamia,5
CT,F,2009,Tiara,5
CT,F,2009,Wynter,5
CT,F,2009,Yazmin,5
CT,F,2010,Isabella,278
CT,F,2010,Olivia,234
CT,F,2010,Sophia,231
CT,F,2010,Ava,192
CT,F,2010,Emma,192
CT,F,2010,Abigail,167
CT,F,2010,Madison,164
CT,F,2010,Mia,147
CT,F,2010,Gabriella,142
CT,F,2010,Emily,138
CT,F,2010,Grace,126
CT,F,2010,Ella,124
CT,F,2010,Julia,112
CT,F,2010,Gianna,106
CT,F,2010,Chloe,105
CT,F,2010,Samantha,104
CT,F,2010,Charlotte,99
CT,F,2010,Lily,96
CT,F,2010,Sofia,95
CT,F,2010,Elizabeth,85
CT,F,2010,Zoe,83
CT,F,2010,Avery,81
CT,F,2010,Riley,78
CT,F,2010,Victoria,78
CT,F,2010,Addison,76
CT,F,2010,Arianna,75
CT,F,2010,Amelia,74
CT,F,2010,Maya,74
CT,F,2010,Leah,72
CT,F,2010,Natalie,72
CT,F,2010,Brianna,70
CT,F,2010,Kayla,69
CT,F,2010,Sarah,68
CT,F,2010,Anna,67
CT,F,2010,Hailey,65
CT,F,2010,Hannah,65
CT,F,2010,Brooke,61
CT,F,2010,Katherine,61
CT,F,2010,Layla,60
CT,F,2010,Mackenzie,60
CT,F,2010,Sophie,60
CT,F,2010,Alexandra,59
CT,F,2010,Juliana,58
CT,F,2010,Kylie,57
CT,F,2010,Lillian,56
CT,F,2010,Savannah,56
CT,F,2010,Alexa,55
CT,F,2010,Ariana,55
CT,F,2010,Caroline,55
CT,F,2010,Kaylee,55
CT,F,2010,Lauren,53
CT,F,2010,Taylor,53
CT,F,2010,Alyssa,51
CT,F,2010,Makayla,48
CT,F,2010,Ashley,47
CT,F,2010,Alexis,46
CT,F,2010,Claire,44
CT,F,2010,Natalia,44
CT,F,2010,Allison,43
CT,F,2010,Madeline,43
CT,F,2010,Isabelle,42
CT,F,2010,Kaitlyn,42
CT,F,2010,Peyton,42
CT,F,2010,Adriana,41
CT,F,2010,Stella,41
CT,F,2010,Julianna,40
CT,F,2010,Lucy,40
CT,F,2010,Madelyn,40
CT,F,2010,Aubrey,38
CT,F,2010,Audrey,38
CT,F,2010,Adrianna,37
CT,F,2010,Angelina,37
CT,F,2010,Molly,37
CT,F,2010,Nevaeh,37
CT,F,2010,Brooklyn,36
CT,F,2010,Aaliyah,35
CT,F,2010,Eva,35
CT,F,2010,Melanie,35
CT,F,2010,Mya,35
CT,F,2010,Paige,35
CT,F,2010,Sydney,35
CT,F,2010,Lyla,34
CT,F,2010,Morgan,34
CT,F,2010,Nora,34
CT,F,2010,Giuliana,33
CT,F,2010,Evelyn,32
CT,F,2010,Lila,32
CT,F,2010,Sadie,32
CT,F,2010,Payton,31
CT,F,2010,Rachel,31
CT,F,2010,Zoey,31
CT,F,2010,Jessica,30
CT,F,2010,Khloe,30
CT,F,2010,Naomi,30
CT,F,2010,Bella,29
CT,F,2010,Margaret,29
CT,F,2010,Mary,29
CT,F,2010,Nicole,29
CT,F,2010,Sara,29
CT,F,2010,Gabriela,28
CT,F,2010,Jocelyn,28
CT,F,2010,Megan,28
CT,F,2010,Scarlett,28
CT,F,2010,Eleanor,27
CT,F,2010,Gabrielle,27
CT,F,2010,Jasmine,27
CT,F,2010,Katelyn,27
CT,F,2010,Quinn,27
CT,F,2010,Violet,27
CT,F,2010,Autumn,26
CT,F,2010,Destiny,26
CT,F,2010,Faith,26
CT,F,2010,Fiona,26
CT,F,2010,Jordyn,26
CT,F,2010,Liliana,26
CT,F,2010,Reese,26
CT,F,2010,Alice,25
CT,F,2010,Jillian,25
CT,F,2010,Maria,25
CT,F,2010,Serenity,25
CT,F,2010,Stephanie,25
CT,F,2010,Amber,24
CT,F,2010,Camila,24
CT,F,2010,Jada,24
CT,F,2010,Amanda,23
CT,F,2010,Jayla,23
CT,F,2010,Kate,23
CT,F,2010,Keira,23
CT,F,2010,Kendall,23
CT,F,2010,London,23
CT,F,2010,Michelle,23
CT,F,2010,Skylar,23
CT,F,2010,Vanessa,23
CT,F,2010,Elena,22
CT,F,2010,Jordan,22
CT,F,2010,Nadia,22
CT,F,2010,Sabrina,22
CT,F,2010,Summer,22
CT,F,2010,Amaya,21
CT,F,2010,Brielle,21
CT,F,2010,Kathryn,21
CT,F,2010,Kelsey,21
CT,F,2010,Mikayla,21
CT,F,2010,Ruby,21
CT,F,2010,Tessa,21
CT,F,2010,Valentina,21
CT,F,2010,Aliyah,20
CT,F,2010,Andrea,20
CT,F,2010,Catherine,20
CT,F,2010,Clara,20
CT,F,2010,Jenna,20
CT,F,2010,Lia,20
CT,F,2010,Madeleine,20
CT,F,2010,Reagan,20
CT,F,2010,Trinity,20
CT,F,2010,Alana,19
CT,F,2010,Alivia,19
CT,F,2010,Callie,19
CT,F,2010,Chelsea,19
CT,F,2010,Elise,19
CT,F,2010,Genesis,19
CT,F,2010,Isabel,19
CT,F,2010,Izabella,19
CT,F,2010,Kimberly,19
CT,F,2010,Lucia,19
CT,F,2010,Maeve,19
CT,F,2010,Mariah,19
CT,F,2010,Noelle,19
CT,F,2010,Sienna,19
CT,F,2010,Teagan,19
CT,F,2010,Vivian,19
CT,F,2010,Bridget,18
CT,F,2010,Caitlin,18
CT,F,2010,Casey,18
CT,F,2010,Eliana,18
CT,F,2010,Gia,18
CT,F,2010,Harper,18
CT,F,2010,Jade,18
CT,F,2010,Lilly,18
CT,F,2010,Alexandria,17
CT,F,2010,Cecilia,17
CT,F,2010,Danielle,17
CT,F,2010,Harmony,17
CT,F,2010,Jacqueline,17
CT,F,2010,Kiara,17
CT,F,2010,Leila,17
CT,F,2010,Lilliana,17
CT,F,2010,Penelope,17
CT,F,2010,Phoebe,17
CT,F,2010,Rylee,17
CT,F,2010,Alanna,16
CT,F,2010,Alessandra,16
CT,F,2010,Amy,16
CT,F,2010,Aniyah,16
CT,F,2010,Carly,16
CT,F,2010,Cassidy,16
CT,F,2010,Dakota,16
CT,F,2010,Diana,16
CT,F,2010,Emilia,16
CT,F,2010,Erin,16
CT,F,2010,Genevieve,16
CT,F,2010,Karina,16
CT,F,2010,Laila,16
CT,F,2010,Laura,16
CT,F,2010,Leilani,16
CT,F,2010,Nina,16
CT,F,2010,Norah,16
CT,F,2010,Piper,16
CT,F,2010,Alexia,15
CT,F,2010,Bailey,15
CT,F,2010,Cassandra,15
CT,F,2010,Delaney,15
CT,F,2010,Ellie,15
CT,F,2010,Jennifer,15
CT,F,2010,Kayleigh,15
CT,F,2010,Kyla,15
CT,F,2010,Liana,15
CT,F,2010,Lilah,15
CT,F,2010,Lydia,15
CT,F,2010,Michaela,15
CT,F,2010,Rebecca,15
CT,F,2010,Tatiana,15
CT,F,2010,Valeria,15
CT,F,2010,Annabelle,14
CT,F,2010,Bianca,14
CT,F,2010,Briana,14
CT,F,2010,Caitlyn,14
CT,F,2010,Daniella,14
CT,F,2010,Delilah,14
CT,F,2010,Eliza,14
CT,F,2010,Giana,14
CT,F,2010,Haley,14
CT,F,2010,Janiyah,14
CT,F,2010,Katie,14
CT,F,2010,Kelly,14
CT,F,2010,Lena,14
CT,F,2010,Makenzie,14
CT,F,2010,Marissa,14
CT,F,2010,Vivienne,14
CT,F,2010,Alaina,13
CT,F,2010,Alison,13
CT,F,2010,Anastasia,13
CT,F,2010,Angela,13
CT,F,2010,Aria,13
CT,F,2010,Brynn,13
CT,F,2010,Camilla,13
CT,F,2010,Georgia,13
CT,F,2010,Imani,13
CT,F,2010,Isla,13
CT,F,2010,Josephine,13
CT,F,2010,Juliet,13
CT,F,2010,Juliette,13
CT,F,2010,Kara,13
CT,F,2010,Kylee,13
CT,F,2010,Mallory,13
CT,F,2010,Marley,13
CT,F,2010,Melissa,13
CT,F,2010,Sasha,13
CT,F,2010,Selena,13
CT,F,2010,Tiana,13
CT,F,2010,Alina,12
CT,F,2010,Ana,12
CT,F,2010,Angelica,12
CT,F,2010,Annalise,12
CT,F,2010,Aurora,12
CT,F,2010,Cameron,12
CT,F,2010,Camryn,12
CT,F,2010,Christina,12
CT,F,2010,Cora,12
CT,F,2010,Eden,12
CT,F,2010,Hayden,12
CT,F,2010,Hope,12
CT,F,2010,Jane,12
CT,F,2010,Kiley,12
CT,F,2010,Miley,12
CT,F,2010,Rose,12
CT,F,2010,Ainsley,11
CT,F,2010,Amiyah,11
CT,F,2010,Annika,11
CT,F,2010,Anya,11
CT,F,2010,Ayla,11
CT,F,2010,Daisy,11
CT,F,2010,Francesca,11
CT,F,2010,Giselle,11
CT,F,2010,Hazel,11
CT,F,2010,Iris,11
CT,F,2010,Isabela,11
CT,F,2010,Ivy,11
CT,F,2010,Jayleen,11
CT,F,2010,Julianne,11
CT,F,2010,Kendra,11
CT,F,2010,Lilyana,11
CT,F,2010,Maggie,11
CT,F,2010,Mariana,11
CT,F,2010,Nyla,11
CT,F,2010,Valerie,11
CT,F,2010,Adelaide,10
CT,F,2010,Annabel,10
CT,F,2010,Ashlyn,10
CT,F,2010,Cadence,10
CT,F,2010,Corinne,10
CT,F,2010,Dylan,10
CT,F,2010,Elle,10
CT,F,2010,Eloise,10
CT,F,2010,Emely,10
CT,F,2010,Emerson,10
CT,F,2010,Felicity,10
CT,F,2010,Finley,10
CT,F,2010,Gemma,10
CT,F,2010,Hanna,10
CT,F,2010,Jaida,10
CT,F,2010,Jayda,10
CT,F,2010,Jayden,10
CT,F,2010,Josie,10
CT,F,2010,Karen,10
CT,F,2010,Kaydence,10
CT,F,2010,Kiera,10
CT,F,2010,Lacey,10
CT,F,2010,Malia,10
CT,F,2010,Maliyah,10
CT,F,2010,Mckenna,10
CT,F,2010,Mikaela,10
CT,F,2010,Mila,10
CT,F,2010,Miriam,10
CT,F,2010,Shelby,10
CT,F,2010,Sierra,10
CT,F,2010,Sylvia,10
CT,F,2010,Tess,10
CT,F,2010,Aarna,9
CT,F,2010,Alicia,9
CT,F,2010,Alyson,9
CT,F,2010,Anaya,9
CT,F,2010,Arielle,9
CT,F,2010,Cali,9
CT,F,2010,Cecelia,9
CT,F,2010,Claudia,9
CT,F,2010,Giada,9
CT,F,2010,Greta,9
CT,F,2010,Hailee,9
CT,F,2010,Heidi,9
CT,F,2010,Helen,9
CT,F,2010,Holly,9
CT,F,2010,Jamie,9
CT,F,2010,Janessa,9
CT,F,2010,Jazmin,9
CT,F,2010,Kaylie,9
CT,F,2010,Lara,9
CT,F,2010,Lilyanna,9
CT,F,2010,Luna,9
CT,F,2010,Makenna,9
CT,F,2010,Marina,9
CT,F,2010,Micaela,9
CT,F,2010,Nylah,9
CT,F,2010,Sage,9
CT,F,2010,Shayla,9
CT,F,2010,Sloane,9
CT,F,2010,Talia,9
CT,F,2010,Veronica,9
CT,F,2010,Adeline,8
CT,F,2010,Adrienne,8
CT,F,2010,Alani,8
CT,F,2010,Amya,8
CT,F,2010,Angie,8
CT,F,2010,Anika,8
CT,F,2010,Annabella,8
CT,F,2010,Ashlynn,8
CT,F,2010,Athena,8
CT,F,2010,Aviana,8
CT,F,2010,Ayanna,8
CT,F,2010,Ciara,8
CT,F,2010,Daphne,8
CT,F,2010,Elisabeth,8
CT,F,2010,Elsa,8
CT,F,2010,Emery,8
CT,F,2010,Evangeline,8
CT,F,2010,Giovanna,8
CT,F,2010,Hayley,8
CT,F,2010,Janae,8
CT,F,2010,Joanna,8
CT,F,2010,Kaia,8
CT,F,2010,Kailey,8
CT,F,2010,Kennedy,8
CT,F,2010,Kiana,8
CT,F,2010,Kyleigh,8
CT,F,2010,Lana,8
CT,F,2010,Leighton,8
CT,F,2010,Leslie,8
CT,F,2010,Lina,8
CT,F,2010,Mae,8
CT,F,2010,Mckenzie,8
CT,F,2010,Miranda,8
CT,F,2010,Monica,8
CT,F,2010,Sandra,8
CT,F,2010,Siena,8
CT,F,2010,Abbie,7
CT,F,2010,Addyson,7
CT,F,2010,Aleah,7
CT,F,2010,Aliana,7
CT,F,2010,Alondra,7
CT,F,2010,Ariel,7
CT,F,2010,Brooklynn,7
CT,F,2010,Camille,7
CT,F,2010,Carmen,7
CT,F,2010,Chiara,7
CT,F,2010,Christine,7
CT,F,2010,Danna,7
CT,F,2010,Diya,7
CT,F,2010,Elisa,7
CT,F,2010,Elliana,7
CT,F,2010,Emelia,7
CT,F,2010,Gretchen,7
CT,F,2010,Guadalupe,7
CT,F,2010,Hadley,7
CT,F,2010,Janelle,7
CT,F,2010,Jazmine,7
CT,F,2010,Journee,7
CT,F,2010,Kaelyn,7
CT,F,2010,Kailyn,7
CT,F,2010,Kamryn,7
CT,F,2010,Kathleen,7
CT,F,2010,Kiran,7
CT,F,2010,Lexi,7
CT,F,2010,Londyn,7
CT,F,2010,Luciana,7
CT,F,2010,Lucille,7
CT,F,2010,Maci,7
CT,F,2010,Madisyn,7
CT,F,2010,Maiya,7
CT,F,2010,Meghan,7
CT,F,2010,Melody,7
CT,F,2010,Meredith,7
CT,F,2010,Natasha,7
CT,F,2010,Nayeli,7
CT,F,2010,Nyasia,7
CT,F,2010,Paityn,7
CT,F,2010,Parker,7
CT,F,2010,Reilly,7
CT,F,2010,Rhea,7
CT,F,2010,Rosemary,7
CT,F,2010,Ryan,7
CT,F,2010,Ryann,7
CT,F,2010,Sanai,7
CT,F,2010,Sariah,7
CT,F,2010,Savanna,7
CT,F,2010,Simone,7
CT,F,2010,Taryn,7
CT,F,2010,Tatum,7
CT,F,2010,Teresa,7
CT,F,2010,Tiffany,7
CT,F,2010,Aanya,6
CT,F,2010,Abby,6
CT,F,2010,Adele,6
CT,F,2010,Alejandra,6
CT,F,2010,Allyson,6
CT,F,2010,Amani,6
CT,F,2010,Ananya,6
CT,F,2010,Anne,6
CT,F,2010,Annie,6
CT,F,2010,Aylin,6
CT,F,2010,Beatrice,6
CT,F,2010,Braelyn,6
CT,F,2010,Brenna,6
CT,F,2010,Campbell,6
CT,F,2010,Celeste,6
CT,F,2010,Cheyenne,6
CT,F,2010,Colleen,6
CT,F,2010,Crystal,6
CT,F,2010,Cynthia,6
CT,F,2010,Daniela,6
CT,F,2010,Desiree,6
CT,F,2010,Emmy,6
CT,F,2010,Erica,6
CT,F,2010,Esther,6
CT,F,2010,Gwendolyn,6
CT,F,2010,Jaylin,6
CT,F,2010,Jazlynn,6
CT,F,2010,Jazmyn,6
CT,F,2010,Joy,6
CT,F,2010,Karla,6
CT,F,2010,Kasey,6
CT,F,2010,Kassidy,6
CT,F,2010,Kristen,6
CT,F,2010,Lea,6
CT,F,2010,Leanna,6
CT,F,2010,Lexie,6
CT,F,2010,Lilian,6
CT,F,2010,Logan,6
CT,F,2010,Lorelei,6
CT,F,2010,Luz,6
CT,F,2010,Madalyn,6
CT,F,2010,Maddison,6
CT,F,2010,Paola,6
CT,F,2010,Paris,6
CT,F,2010,Patricia,6
CT,F,2010,Priscilla,6
CT,F,2010,Raven,6
CT,F,2010,Remi,6
CT,F,2010,Ria,6
CT,F,2010,Roselyn,6
CT,F,2010,Ryleigh,6
CT,F,2010,Saniya,6
CT,F,2010,Saniyah,6
CT,F,2010,Sarai,6
CT,F,2010,Sawyer,6
CT,F,2010,Scarlet,6
CT,F,2010,Serena,6
CT,F,2010,Shea,6
CT,F,2010,Skye,6
CT,F,2010,Willow,6
CT,F,2010,Zainab,6
CT,F,2010,Zariah,6
CT,F,2010,Adalyn,5
CT,F,2010,Adelina,5
CT,F,2010,Aisha,5
CT,F,2010,Akira,5
CT,F,2010,Alena,5
CT,F,2010,Alia,5
CT,F,2010,Amara,5
CT,F,2010,Anabelle,5
CT,F,2010,Angel,5
CT,F,2010,Angeline,5
CT,F,2010,Angely,5
CT,F,2010,Anisa,5
CT,F,2010,Aniya,5
CT,F,2010,Anneliese,5
CT,F,2010,Ariella,5
CT,F,2010,Aryanna,5
CT,F,2010,Aubree,5
CT,F,2010,Breanna,5
CT,F,2010,Bryanna,5
CT,F,2010,Carley,5
CT,F,2010,Carolina,5
CT,F,2010,Celia,5
CT,F,2010,Chanel,5
CT,F,2010,Chasity,5
CT,F,2010,Chassidy,5
CT,F,2010,Dahlia,5
CT,F,2010,Deanna,5
CT,F,2010,Delia,5
CT,F,2010,Elly,5
CT,F,2010,Elyse,5
CT,F,2010,Erika,5
CT,F,2010,Eshal,5
CT,F,2010,Eve,5
CT,F,2010,Fatima,5
CT,F,2010,Giulia,5
CT,F,2010,Giulianna,5
CT,F,2010,Haylee,5
CT,F,2010,Heather,5
CT,F,2010,Heaven,5
CT,F,2010,Honesty,5
CT,F,2010,India,5
CT,F,2010,Ivana,5
CT,F,2010,Jaliyah,5
CT,F,2010,Janiah,5
CT,F,2010,Janiya,5
CT,F,2010,Jaylani,5
CT,F,2010,Jaylanie,5
CT,F,2010,Jazlyn,5
CT,F,2010,Jazmarie,5
CT,F,2010,Jemma,5
CT,F,2010,Julie,5
CT,F,2010,Justice,5
CT,F,2010,Kadence,5
CT,F,2010,Kaila,5
CT,F,2010,Kassandra,5
CT,F,2010,Katerina,5
CT,F,2010,Kaylin,5
CT,F,2010,Kenzie,5
CT,F,2010,Kimora,5
CT,F,2010,Kira,5
CT,F,2010,Krista,5
CT,F,2010,Kristina,5
CT,F,2010,Lailah,5
CT,F,2010,Laney,5
CT,F,2010,Lillyanna,5
CT,F,2010,Lylah,5
CT,F,2010,Madilyn,5
CT,F,2010,Magdalena,5
CT,F,2010,Mariam,5
CT,F,2010,Melina,5
CT,F,2010,Milani,5
CT,F,2010,Natalee,5
CT,F,2010,Nathalia,5
CT,F,2010,Nia,5
CT,F,2010,Noemi,5
CT,F,2010,Peighton,5
CT,F,2010,Phoenix,5
CT,F,2010,Rania,5
CT,F,2010,Rayne,5
CT,F,2010,Riya,5
CT,F,2010,Saige,5
CT,F,2010,Samara,5
CT,F,2010,Sonia,5
CT,F,2010,Tabitha,5
CT,F,2010,Taliyah,5
CT,F,2010,Tatianna,5
CT,F,2010,Theresa,5
CT,F,2010,Vienna,5
CT,F,2010,Willa,5
CT,F,2010,Zahra,5
CT,F,2010,Zara,5
CT,F,2010,Zoya,5
CT,F,2011,Sophia,256
CT,F,2011,Isabella,232
CT,F,2011,Olivia,225
CT,F,2011,Emma,198
CT,F,2011,Ava,196
CT,F,2011,Madison,166
CT,F,2011,Mia,161
CT,F,2011,Emily,139
CT,F,2011,Abigail,124
CT,F,2011,Gianna,119
CT,F,2011,Chloe,118
CT,F,2011,Ella,108
CT,F,2011,Gabriella,105
CT,F,2011,Charlotte,103
CT,F,2011,Grace,100
CT,F,2011,Lily,97
CT,F,2011,Sofia,96
CT,F,2011,Julia,94
CT,F,2011,Samantha,87
CT,F,2011,Avery,86
CT,F,2011,Natalie,84
CT,F,2011,Victoria,80
CT,F,2011,Elizabeth,79
CT,F,2011,Brianna,73
CT,F,2011,Leah,73
CT,F,2011,Alexandra,71
CT,F,2011,Addison,70
CT,F,2011,Lillian,69
CT,F,2011,Hailey,67
CT,F,2011,Amelia,65
CT,F,2011,Maya,64
CT,F,2011,Zoe,64
CT,F,2011,Caroline,63
CT,F,2011,Arianna,61
CT,F,2011,Riley,60
CT,F,2011,Brooke,58
CT,F,2011,Hannah,58
CT,F,2011,Alyssa,57
CT,F,2011,Katherine,56
CT,F,2011,Kayla,56
CT,F,2011,Sarah,55
CT,F,2011,Anna,54
CT,F,2011,Molly,54
CT,F,2011,Layla,53
CT,F,2011,Ashley,52
CT,F,2011,Kaylee,52
CT,F,2011,Alexis,50
CT,F,2011,Aubrey,50
CT,F,2011,Evelyn,50
CT,F,2011,Savannah,50
CT,F,2011,Taylor,50
CT,F,2011,Alexa,49
CT,F,2011,Audrey,49
CT,F,2011,Claire,49
CT,F,2011,Lucy,47
CT,F,2011,Aaliyah,46
CT,F,2011,Ariana,46
CT,F,2011,Harper,46
CT,F,2011,Kylie,46
CT,F,2011,Madelyn,46
CT,F,2011,Faith,45
CT,F,2011,Madeline,45
CT,F,2011,Makayla,45
CT,F,2011,Nevaeh,45
CT,F,2011,Stella,45
CT,F,2011,Allison,44
CT,F,2011,Mackenzie,44
CT,F,2011,Adriana,43
CT,F,2011,Paige,43
CT,F,2011,Angelina,42
CT,F,2011,Natalia,42
CT,F,2011,Sophie,42
CT,F,2011,Sydney,42
CT,F,2011,Adrianna,40
CT,F,2011,Eva,40
CT,F,2011,Khloe,39
CT,F,2011,Brooklyn,38
CT,F,2011,Morgan,37
CT,F,2011,Mya,36
CT,F,2011,Nora,36
CT,F,2011,Juliana,34
CT,F,2011,Zoey,34
CT,F,2011,Serenity,33
CT,F,2011,Julianna,32
CT,F,2011,Lauren,32
CT,F,2011,Autumn,31
CT,F,2011,Camila,31
CT,F,2011,Genesis,31
CT,F,2011,Liliana,31
CT,F,2011,Peyton,31
CT,F,2011,Destiny,30
CT,F,2011,Mila,30
CT,F,2011,Nicole,30
CT,F,2011,Catherine,29
CT,F,2011,Leila,29
CT,F,2011,Reese,29
CT,F,2011,Vanessa,29
CT,F,2011,Aria,28
CT,F,2011,Elena,28
CT,F,2011,Jocelyn,28
CT,F,2011,Kaitlyn,28
CT,F,2011,Kendall,28
CT,F,2011,Sadie,28
CT,F,2011,Tessa,28
CT,F,2011,Brynn,27
CT,F,2011,Gabriela,27
CT,F,2011,Giuliana,27
CT,F,2011,Lyla,27
CT,F,2011,Cecilia,26
CT,F,2011,Clara,26
CT,F,2011,Ellie,26
CT,F,2011,Jessica,26
CT,F,2011,Margaret,26
CT,F,2011,Maria,26
CT,F,2011,Stephanie,26
CT,F,2011,Gabrielle,25
CT,F,2011,Genevieve,25
CT,F,2011,Jillian,25
CT,F,2011,Piper,25
CT,F,2011,Summer,25
CT,F,2011,Alana,24
CT,F,2011,Elise,24
CT,F,2011,Gia,24
CT,F,2011,London,24
CT,F,2011,Mariah,24
CT,F,2011,Scarlett,24
CT,F,2011,Bella,23
CT,F,2011,Callie,23
CT,F,2011,Hazel,23
CT,F,2011,Jade,23
CT,F,2011,Josephine,23
CT,F,2011,Laila,23
CT,F,2011,Lila,23
CT,F,2011,Maeve,23
CT,F,2011,Rebecca,23
CT,F,2011,Sienna,23
CT,F,2011,Valentina,23
CT,F,2011,Andrea,22
CT,F,2011,Aniyah,22
CT,F,2011,Caitlin,22
CT,F,2011,Eliana,22
CT,F,2011,Jasmine,22
CT,F,2011,Jennifer,22
CT,F,2011,Jordyn,22
CT,F,2011,Mary,22
CT,F,2011,Mikayla,22
CT,F,2011,Naomi,22
CT,F,2011,Alice,21
CT,F,2011,Annabelle,21
CT,F,2011,Evangeline,21
CT,F,2011,Fiona,21
CT,F,2011,Haley,21
CT,F,2011,Reagan,21
CT,F,2011,Sara,21
CT,F,2011,Veronica,21
CT,F,2011,Violet,21
CT,F,2011,Aliyah,20
CT,F,2011,Amaya,20
CT,F,2011,Hayden,20
CT,F,2011,Jenna,20
CT,F,2011,Melanie,20
CT,F,2011,Norah,20
CT,F,2011,Brielle,19
CT,F,2011,Camryn,19
CT,F,2011,Delaney,19
CT,F,2011,Eleanor,19
CT,F,2011,Isabel,19
CT,F,2011,Payton,19
CT,F,2011,Adeline,18
CT,F,2011,Amanda,18
CT,F,2011,Amy,18
CT,F,2011,Daniela,18
CT,F,2011,Daniella,18
CT,F,2011,Izabella,18
CT,F,2011,Jacqueline,18
CT,F,2011,Kate,18
CT,F,2011,Katelyn,18
CT,F,2011,Lilly,18
CT,F,2011,Lydia,18
CT,F,2011,Quinn,18
CT,F,2011,Rachel,18
CT,F,2011,Ruby,18
CT,F,2011,Sabrina,18
CT,F,2011,Skylar,18
CT,F,2011,Amber,17
CT,F,2011,Bianca,17
CT,F,2011,Caitlyn,17
CT,F,2011,Emilia,17
CT,F,2011,Erin,17
CT,F,2011,Kayleigh,17
CT,F,2011,Keira,17
CT,F,2011,Kennedy,17
CT,F,2011,Kiara,17
CT,F,2011,Rose,17
CT,F,2011,Teagan,17
CT,F,2011,Trinity,17
CT,F,2011,Valerie,17
CT,F,2011,Briana,16
CT,F,2011,Giselle,16
CT,F,2011,Hadley,16
CT,F,2011,Jayla,16
CT,F,2011,Jayleen,16
CT,F,2011,Juliet,16
CT,F,2011,Kimberly,16
CT,F,2011,Mckenzie,16
CT,F,2011,Michelle,16
CT,F,2011,Nyla,16
CT,F,2011,Rylee,16
CT,F,2011,Sierra,16
CT,F,2011,Vivian,16
CT,F,2011,Angela,15
CT,F,2011,Cassidy,15
CT,F,2011,Emerson,15
CT,F,2011,Georgia,15
CT,F,2011,Kathryn,15
CT,F,2011,Lucia,15
CT,F,2011,Madeleine,15
CT,F,2011,Madisyn,15
CT,F,2011,Alexia,14
CT,F,2011,Amiyah,14
CT,F,2011,Delilah,14
CT,F,2011,Diana,14
CT,F,2011,Francesca,14
CT,F,2011,Giana,14
CT,F,2011,Haylee,14
CT,F,2011,Hope,14
CT,F,2011,Isla,14
CT,F,2011,Liana,14
CT,F,2011,Lilliana,14
CT,F,2011,Nadia,14
CT,F,2011,Penelope,14
CT,F,2011,Willow,14
CT,F,2011,Anika,13
CT,F,2011,Aubree,13
CT,F,2011,Cameron,13
CT,F,2011,Christina,13
CT,F,2011,Danielle,13
CT,F,2011,Hayley,13
CT,F,2011,Isabelle,13
CT,F,2011,Jane,13
CT,F,2011,Juliette,13
CT,F,2011,Kelsey,13
CT,F,2011,Kyla,13
CT,F,2011,Laura,13
CT,F,2011,Lilah,13
CT,F,2011,Lola,13
CT,F,2011,Makenzie,13
CT,F,2011,Megan,13
CT,F,2011,Nia,13
CT,F,2011,Talia,13
CT,F,2011,Tiffany,13
CT,F,2011,Alicia,12
CT,F,2011,Alivia,12
CT,F,2011,Angel,12
CT,F,2011,Aurora,12
CT,F,2011,Bailey,12
CT,F,2011,Eliza,12
CT,F,2011,Giada,12
CT,F,2011,Gracie,12
CT,F,2011,Harmony,12
CT,F,2011,Iris,12
CT,F,2011,Jada,12
CT,F,2011,Jaelyn,12
CT,F,2011,Karina,12
CT,F,2011,Kylee,12
CT,F,2011,Londyn,12
CT,F,2011,Maggie,12
CT,F,2011,Nina,12
CT,F,2011,Phoebe,12
CT,F,2011,Viviana,12
CT,F,2011,Abby,11
CT,F,2011,Alaina,11
CT,F,2011,Allyson,11
CT,F,2011,Annie,11
CT,F,2011,Ariel,11
CT,F,2011,Cassandra,11
CT,F,2011,Chelsea,11
CT,F,2011,Janelle,11
CT,F,2011,Janiyah,11
CT,F,2011,Jordan,11
CT,F,2011,Kaelyn,11
CT,F,2011,Kailyn,11
CT,F,2011,Kelly,11
CT,F,2011,Leilani,11
CT,F,2011,Lia,11
CT,F,2011,Mariana,11
CT,F,2011,Miranda,11
CT,F,2011,Myla,11
CT,F,2011,Noelle,11
CT,F,2011,Vera,11
CT,F,2011,Alani,10
CT,F,2011,Alanna,10
CT,F,2011,Alison,10
CT,F,2011,Arabella,10
CT,F,2011,Ashlyn,10
CT,F,2011,Cheyenne,10
CT,F,2011,Clare,10
CT,F,2011,Elle,10
CT,F,2011,Giovanna,10
CT,F,2011,Imani,10
CT,F,2011,Jayda,10
CT,F,2011,Josie,10
CT,F,2011,Kailey,10
CT,F,2011,Kara,10
CT,F,2011,Luna,10
CT,F,2011,Mallory,10
CT,F,2011,Marina,10
CT,F,2011,Marissa,10
CT,F,2011,Melody,10
CT,F,2011,Michaela,10
CT,F,2011,Miley,10
CT,F,2011,Nylah,10
CT,F,2011,Savanna,10
CT,F,2011,Serena,10
CT,F,2011,Shayla,10
CT,F,2011,Taryn,10
CT,F,2011,Alessandra,9
CT,F,2011,Alexandria,9
CT,F,2011,Aliana,9
CT,F,2011,Ana,9
CT,F,2011,Anastasia,9
CT,F,2011,Anaya,9
CT,F,2011,Ayla,9
CT,F,2011,Beatrice,9
CT,F,2011,Bria,9
CT,F,2011,Bridget,9
CT,F,2011,Briella,9
CT,F,2011,Brittany,9
CT,F,2011,Cadence,9
CT,F,2011,Cora,9
CT,F,2011,Ellen,9
CT,F,2011,Elyse,9
CT,F,2011,Esther,9
CT,F,2011,Fatima,9
CT,F,2011,Gwendolyn,9
CT,F,2011,Isabela,9
CT,F,2011,Kaylani,9
CT,F,2011,Maci,9
CT,F,2011,Madelynn,9
CT,F,2011,Mckenna,9
CT,F,2011,Meadow,9
CT,F,2011,Sasha,9
CT,F,2011,Siena,9
CT,F,2011,Simone,9
CT,F,2011,Sloane,9
CT,F,2011,Tatiana,9
CT,F,2011,Valeria,9
CT,F,2011,Adalyn,8
CT,F,2011,Adelyn,8
CT,F,2011,Alina,8
CT,F,2011,Alisha,8
CT,F,2011,Allie,8
CT,F,2011,Amalia,8
CT,F,2011,Amelie,8
CT,F,2011,Amya,8
CT,F,2011,Analise,8
CT,F,2011,Annalise,8
CT,F,2011,Anne,8
CT,F,2011,Carly,8
CT,F,2011,Claudia,8
CT,F,2011,Daisy,8
CT,F,2011,Dylan,8
CT,F,2011,Eden,8
CT,F,2011,Emmalyn,8
CT,F,2011,Helena,8
CT,F,2011,Julie,8
CT,F,2011,Kamryn,8
CT,F,2011,Karen,8
CT,F,2011,Karla,8
CT,F,2011,Katie,8
CT,F,2011,Kaylin,8
CT,F,2011,Kendra,8
CT,F,2011,Kira,8
CT,F,2011,Kyleigh,8
CT,F,2011,Lena,8
CT,F,2011,Lindsey,8
CT,F,2011,Lyric,8
CT,F,2011,Makenna,8
CT,F,2011,Melissa,8
CT,F,2011,Milan,8
CT,F,2011,Milania,8
CT,F,2011,Miriam,8
CT,F,2011,Reilly,8
CT,F,2011,Saige,8
CT,F,2011,Saniya,8
CT,F,2011,Sarai,8
CT,F,2011,Scarlet,8
CT,F,2011,Shea,8
CT,F,2011,Skye,8
CT,F,2011,Tiana,8
CT,F,2011,Zara,8
CT,F,2011,Zaria,8
CT,F,2011,Adelaide,7
CT,F,2011,Aditi,7
CT,F,2011,Aleksandra,7
CT,F,2011,Alena,7
CT,F,2011,Amari,7
CT,F,2011,Anabella,7
CT,F,2011,Anabelle,7
CT,F,2011,Aniya,7
CT,F,2011,Annabel,7
CT,F,2011,Annabella,7
CT,F,2011,Anya,7
CT,F,2011,Ariella,7
CT,F,2011,Arielle,7
CT,F,2011,Aryana,7
CT,F,2011,Aubrie,7
CT,F,2011,Blake,7
CT,F,2011,Brooklynn,7
CT,F,2011,Carina,7
CT,F,2011,Elisa,7
CT,F,2011,Emelia,7
CT,F,2011,Emely,7
CT,F,2011,Emilee,7
CT,F,2011,Emilie,7
CT,F,2011,Finley,7
CT,F,2011,Freya,7
CT,F,2011,Gemma,7
CT,F,2011,Giulia,7
CT,F,2011,Heaven,7
CT,F,2011,Helen,7
CT,F,2011,Jaida,7
CT,F,2011,Jaylah,7
CT,F,2011,Jazmin,7
CT,F,2011,Justice,7
CT,F,2011,Kasey,7
CT,F,2011,Kaydence,7
CT,F,2011,Kenzie,7
CT,F,2011,Kiera,7
CT,F,2011,Kiley,7
CT,F,2011,Kimora,7
CT,F,2011,Kyra,7
CT,F,2011,Leanna,7
CT,F,2011,Lindsay,7
CT,F,2011,Lorelei,7
CT,F,2011,Lucille,7
CT,F,2011,Maddison,7
CT,F,2011,Madilyn,7
CT,F,2011,Mae,7
CT,F,2011,Marley,7
CT,F,2011,Nathalie,7
CT,F,2011,Paris,7
CT,F,2011,Paulina,7
CT,F,2011,Ruth,7
CT,F,2011,Ryleigh,7
CT,F,2011,Saanvi,7
CT,F,2011,Sage,7
CT,F,2011,Sanai,7
CT,F,2011,Saniyah,7
CT,F,2011,Sonia,7
CT,F,2011,Tatum,7
CT,F,2011,Vivienne,7
CT,F,2011,Alayna,6
CT,F,2011,Alessia,6
CT,F,2011,Alondra,6
CT,F,2011,Ananya,6
CT,F,2011,Annika,6
CT,F,2011,Audrina,6
CT,F,2011,Ayanna,6
CT,F,2011,Camille,6
CT,F,2011,Cara,6
CT,F,2011,Carolyn,6
CT,F,2011,Cecelia,6
CT,F,2011,Celia,6
CT,F,2011,Courtney,6
CT,F,2011,Crystal,6
CT,F,2011,Cynthia,6
CT,F,2011,Danna,6
CT,F,2011,Devyn,6
CT,F,2011,Diya,6
CT,F,2011,Elianna,6
CT,F,2011,Erica,6
CT,F,2011,Eve,6
CT,F,2011,Evie,6
CT,F,2011,Gwyneth,6
CT,F,2011,Hanna,6
CT,F,2011,Ivy,6
CT,F,2011,Jaelynn,6
CT,F,2011,Janaya,6
CT,F,2011,Jaylene,6
CT,F,2011,Jaylynn,6
CT,F,2011,Kassidy,6
CT,F,2011,Kaya,6
CT,F,2011,Kayden,6
CT,F,2011,Keyla,6
CT,F,2011,Kristen,6
CT,F,2011,Laniyah,6
CT,F,2011,Laurel,6
CT,F,2011,Lillie,6
CT,F,2011,Lina,6
CT,F,2011,Lisa,6
CT,F,2011,Livia,6
CT,F,2011,Maia,6
CT,F,2011,Malia,6
CT,F,2011,Maliyah,6
CT,F,2011,Marisa,6
CT,F,2011,Mckayla,6
CT,F,2011,Miah,6
CT,F,2011,Milena,6
CT,F,2011,Mira,6
CT,F,2011,Nahla,6
CT,F,2011,Parker,6
CT,F,2011,Raquel,6
CT,F,2011,Rebekah,6
CT,F,2011,Renee,6
CT,F,2011,Roselyn,6
CT,F,2011,Samara,6
CT,F,2011,Samaya,6
CT,F,2011,Sandra,6
CT,F,2011,Sariah,6
CT,F,2011,Selena,6
CT,F,2011,Shelby,6
CT,F,2011,Skyler,6
CT,F,2011,Aarna,5
CT,F,2011,Abbey,5
CT,F,2011,Abrielle,5
CT,F,2011,Adele,5
CT,F,2011,Ainsley,5
CT,F,2011,Alaysia,5
CT,F,2011,Alejandra,5
CT,F,2011,Alia,5
CT,F,2011,Alyson,5
CT,F,2011,Amani,5
CT,F,2011,Amyah,5
CT,F,2011,Analia,5
CT,F,2011,Angelique,5
CT,F,2011,Aviana,5
CT,F,2011,Braelyn,5
CT,F,2011,Breanna,5
CT,F,2011,Brenna,5
CT,F,2011,Bryanna,5
CT,F,2011,Bryn,5
CT,F,2011,Camilla,5
CT,F,2011,Celeste,5
CT,F,2011,Charlie,5
CT,F,2011,Corinne,5
CT,F,2011,Dakota,5
CT,F,2011,Dana,5
CT,F,2011,Danika,5
CT,F,2011,Daphne,5
CT,F,2011,Destinee,5
CT,F,2011,Elaina,5
CT,F,2011,Elina,5
CT,F,2011,Elliana,5
CT,F,2011,Eloise,5
CT,F,2011,Elsie,5
CT,F,2011,Esme,5
CT,F,2011,Evelina,5
CT,F,2011,Fernanda,5
CT,F,2011,Gloria,5
CT,F,2011,Greta,5
CT,F,2011,Haylie,5
CT,F,2011,Heidi,5
CT,F,2011,Holly,5
CT,F,2011,Jaela,5
CT,F,2011,Jaliyah,5
CT,F,2011,Jamie,5
CT,F,2011,Janiya,5
CT,F,2011,Jaslene,5
CT,F,2011,Jaziah,5
CT,F,2011,Jazlynn,5
CT,F,2011,Jazmine,5
CT,F,2011,Johanna,5
CT,F,2011,Julianne,5
CT,F,2011,Kailani,5
CT,F,2011,Kaiya,5
CT,F,2011,Kaleigh,5
CT,F,2011,Kali,5
CT,F,2011,Katarina,5
CT,F,2011,Kayleen,5
CT,F,2011,Kaylynn,5
CT,F,2011,Kenya,5
CT,F,2011,Kiana,5
CT,F,2011,Krisha,5
CT,F,2011,Kristina,5
CT,F,2011,Leslie,5
CT,F,2011,Lilia,5
CT,F,2011,Lilyana,5
CT,F,2011,Liv,5
CT,F,2011,Logan,5
CT,F,2011,Lorelai,5
CT,F,2011,Luciana,5
CT,F,2011,Luisa,5
CT,F,2011,Lylah,5
CT,F,2011,Macy,5
CT,F,2011,Madalyn,5
CT,F,2011,Malaysia,5
CT,F,2011,Mara,5
CT,F,2011,Maylin,5
CT,F,2011,Meghan,5
CT,F,2011,Meredith,5
CT,F,2011,Mikaela,5
CT,F,2011,Natalya,5
CT,F,2011,Nayeli,5
CT,F,2011,Nellie,5
CT,F,2011,Nova,5
CT,F,2011,Peighton,5
CT,F,2011,Presley,5
CT,F,2011,Priscilla,5
CT,F,2011,Rachael,5
CT,F,2011,Rebeca,5
CT,F,2011,Regan,5
CT,F,2011,Riya,5
CT,F,2011,Rory,5
CT,F,2011,Roxanne,5
CT,F,2011,Sarina,5
CT,F,2011,Sariyah,5
CT,F,2011,Shreya,5
CT,F,2011,Sky,5
CT,F,2011,Skyla,5
CT,F,2011,Sylvie,5
CT,F,2011,Tania,5
CT,F,2011,Taraji,5
CT,F,2011,Tea,5
CT,F,2011,Whitney,5
CT,F,2012,Emma,246
CT,F,2012,Olivia,235
CT,F,2012,Isabella,234
CT,F,2012,Sophia,227
CT,F,2012,Ava,185
CT,F,2012,Mia,169
CT,F,2012,Emily,148
CT,F,2012,Charlotte,127
CT,F,2012,Abigail,118
CT,F,2012,Madison,114
CT,F,2012,Avery,103
CT,F,2012,Ella,102
CT,F,2012,Sofia,102
CT,F,2012,Gabriella,100
CT,F,2012,Julia,95
CT,F,2012,Lily,93
CT,F,2012,Gianna,88
CT,F,2012,Grace,88
CT,F,2012,Samantha,84
CT,F,2012,Elizabeth,83
CT,F,2012,Victoria,82
CT,F,2012,Chloe,81
CT,F,2012,Hannah,80
CT,F,2012,Zoe,77
CT,F,2012,Amelia,76
CT,F,2012,Natalie,72
CT,F,2012,Alexa,71
CT,F,2012,Leah,71
CT,F,2012,Arianna,69
CT,F,2012,Hailey,67
CT,F,2012,Layla,67
CT,F,2012,Lillian,67
CT,F,2012,Addison,62
CT,F,2012,Sophie,62
CT,F,2012,Aubrey,61
CT,F,2012,Brooke,61
CT,F,2012,Sarah,61
CT,F,2012,Riley,59
CT,F,2012,Anna,56
CT,F,2012,Alexandra,55
CT,F,2012,Madeline,54
CT,F,2012,Maya,54
CT,F,2012,Taylor,54
CT,F,2012,Aaliyah,51
CT,F,2012,Harper,51
CT,F,2012,Molly,51
CT,F,2012,Brooklyn,50
CT,F,2012,Kayla,50
CT,F,2012,Kaylee,50
CT,F,2012,Savannah,50
CT,F,2012,Evelyn,48
CT,F,2012,Peyton,46
CT,F,2012,Stella,46
CT,F,2012,Adriana,45
CT,F,2012,Alyssa,45
CT,F,2012,Audrey,45
CT,F,2012,Brianna,45
CT,F,2012,Katherine,45
CT,F,2012,Mackenzie,45
CT,F,2012,Makayla,44
CT,F,2012,Aria,43
CT,F,2012,Juliana,43
CT,F,2012,Paige,43
CT,F,2012,Ashley,42
CT,F,2012,Kylie,42
CT,F,2012,Zoey,42
CT,F,2012,Allison,41
CT,F,2012,Lucy,41
CT,F,2012,Scarlett,41
CT,F,2012,Annabelle,40
CT,F,2012,Autumn,40
CT,F,2012,Caroline,40
CT,F,2012,Genesis,39
CT,F,2012,Skylar,39
CT,F,2012,Ariana,38
CT,F,2012,Camila,38
CT,F,2012,Nevaeh,38
CT,F,2012,Alexis,36
CT,F,2012,Claire,36
CT,F,2012,Mya,36
CT,F,2012,Natalia,36
CT,F,2012,Angelina,35
CT,F,2012,Liliana,35
CT,F,2012,Eva,34
CT,F,2012,Giuliana,34
CT,F,2012,Nicole,34
CT,F,2012,Payton,34
CT,F,2012,Madelyn,33
CT,F,2012,Bella,32
CT,F,2012,Eliana,31
CT,F,2012,Morgan,31
CT,F,2012,Nora,31
CT,F,2012,Reese,31
CT,F,2012,Rylee,31
CT,F,2012,Adrianna,30
CT,F,2012,Julianna,30
CT,F,2012,Lauren,30
CT,F,2012,London,30
CT,F,2012,Melanie,30
CT,F,2012,Serenity,30
CT,F,2012,Sydney,30
CT,F,2012,Trinity,29
CT,F,2012,Valentina,29
CT,F,2012,Emilia,28
CT,F,2012,Faith,28
CT,F,2012,Jasmine,28
CT,F,2012,Kaitlyn,28
CT,F,2012,Maria,28
CT,F,2012,Catherine,27
CT,F,2012,Gabriela,27
CT,F,2012,Isabel,27
CT,F,2012,Naomi,27
CT,F,2012,Quinn,27
CT,F,2012,Sara,27
CT,F,2012,Aniyah,26
CT,F,2012,Aubree,26
CT,F,2012,Brynn,26
CT,F,2012,Isabelle,26
CT,F,2012,Jade,26
CT,F,2012,Khloe,26
CT,F,2012,Lila,26
CT,F,2012,Violet,26
CT,F,2012,Clara,25
CT,F,2012,Destiny,25
CT,F,2012,Isla,25
CT,F,2012,Lyla,25
CT,F,2012,Sadie,25
CT,F,2012,Fiona,24
CT,F,2012,Mariah,24
CT,F,2012,Rebecca,24
CT,F,2012,Tessa,24
CT,F,2012,Amaya,23
CT,F,2012,Jessica,23
CT,F,2012,Reagan,23
CT,F,2012,Alana,22
CT,F,2012,Alice,22
CT,F,2012,Aurora,22
CT,F,2012,Gabrielle,22
CT,F,2012,Gia,22
CT,F,2012,Jillian,22
CT,F,2012,Keira,22
CT,F,2012,Leila,22
CT,F,2012,Maeve,22
CT,F,2012,Mila,22
CT,F,2012,Rachel,22
CT,F,2012,Vivian,22
CT,F,2012,Amy,21
CT,F,2012,Elena,21
CT,F,2012,Elise,21
CT,F,2012,Hazel,21
CT,F,2012,Jordyn,21
CT,F,2012,Lydia,21
CT,F,2012,Margaret,21
CT,F,2012,Ruby,21
CT,F,2012,Eleanor,20
CT,F,2012,Jayla,20
CT,F,2012,Jocelyn,20
CT,F,2012,Kendall,20
CT,F,2012,Mary,20
CT,F,2012,Megan,20
CT,F,2012,Phoebe,20
CT,F,2012,Alaina,19
CT,F,2012,Brielle,19
CT,F,2012,Cecilia,19
CT,F,2012,Cora,19
CT,F,2012,Hadley,19
CT,F,2012,Izabella,19
CT,F,2012,Josephine,19
CT,F,2012,Lilliana,19
CT,F,2012,Lilly,19
CT,F,2012,Michaela,19
CT,F,2012,Piper,19
CT,F,2012,Stephanie,19
CT,F,2012,Teagan,19
CT,F,2012,Emerson,18
CT,F,2012,Genevieve,18
CT,F,2012,Laila,18
CT,F,2012,Mckenzie,18
CT,F,2012,Penelope,18
CT,F,2012,Sabrina,18
CT,F,2012,Alexia,17
CT,F,2012,Alina,17
CT,F,2012,Alivia,17
CT,F,2012,Amanda,17
CT,F,2012,Bailey,17
CT,F,2012,Eloise,17
CT,F,2012,Erin,17
CT,F,2012,Katelyn,17
CT,F,2012,Kiara,17
CT,F,2012,Lia,17
CT,F,2012,Summer,17
CT,F,2012,Andrea,16
CT,F,2012,Daniela,16
CT,F,2012,Ellie,16
CT,F,2012,Juliet,16
CT,F,2012,Juliette,16
CT,F,2012,Kennedy,16
CT,F,2012,Lilah,16
CT,F,2012,Lilyana,16
CT,F,2012,Maggie,16
CT,F,2012,Mikayla,16
CT,F,2012,Alessandra,15
CT,F,2012,Chelsea,15
CT,F,2012,Christina,15
CT,F,2012,Harmony,15
CT,F,2012,Jennifer,15
CT,F,2012,Lena,15
CT,F,2012,Makenzie,15
CT,F,2012,Nina,15
CT,F,2012,Noelle,15
CT,F,2012,Sage,15
CT,F,2012,Aliyah,14
CT,F,2012,Athena,14
CT,F,2012,Ayla,14
CT,F,2012,Bianca,14
CT,F,2012,Briana,14
CT,F,2012,Caitlin,14
CT,F,2012,Cassidy,14
CT,F,2012,Danielle,14
CT,F,2012,Delilah,14
CT,F,2012,Eliza,14
CT,F,2012,Elle,14
CT,F,2012,Evangeline,14
CT,F,2012,Hayden,14
CT,F,2012,Mckenna,14
CT,F,2012,Melissa,14
CT,F,2012,Norah,14
CT,F,2012,Veronica,14
CT,F,2012,Vivienne,14
CT,F,2012,Willow,14
CT,F,2012,Ana,13
CT,F,2012,Anya,13
CT,F,2012,Ariel,13
CT,F,2012,Camille,13
CT,F,2012,Catalina,13
CT,F,2012,Eden,13
CT,F,2012,Jane,13
CT,F,2012,Kelly,13
CT,F,2012,Leilani,13
CT,F,2012,Liana,13
CT,F,2012,Madeleine,13
CT,F,2012,Miranda,13
CT,F,2012,Nia,13
CT,F,2012,Ryleigh,13
CT,F,2012,Sienna,13
CT,F,2012,Sierra,13
CT,F,2012,Talia,13
CT,F,2012,Alison,12
CT,F,2012,Anaya,12
CT,F,2012,Anika,12
CT,F,2012,Annabella,12
CT,F,2012,Carly,12
CT,F,2012,Emilie,12
CT,F,2012,Francesca,12
CT,F,2012,Haley,12
CT,F,2012,Ivy,12
CT,F,2012,Jada,12
CT,F,2012,Janiyah,12
CT,F,2012,Jenna,12
CT,F,2012,Jordan,12
CT,F,2012,Kimberly,12
CT,F,2012,Kylee,12
CT,F,2012,Luciana,12
CT,F,2012,Nyla,12
CT,F,2012,Savanna,12
CT,F,2012,Selena,12
CT,F,2012,Valerie,12
CT,F,2012,Adalyn,11
CT,F,2012,Amber,11
CT,F,2012,Amiyah,11
CT,F,2012,Anabella,11
CT,F,2012,Annalise,11
CT,F,2012,Arya,11
CT,F,2012,Cadence,11
CT,F,2012,Callie,11
CT,F,2012,Emely,11
CT,F,2012,Erica,11
CT,F,2012,Jacqueline,11
CT,F,2012,Jamie,11
CT,F,2012,Julie,11
CT,F,2012,Kaelyn,11
CT,F,2012,Kathryn,11
CT,F,2012,Kyleigh,11
CT,F,2012,Lucia,11
CT,F,2012,Luna,11
CT,F,2012,Mallory,11
CT,F,2012,Michelle,11
CT,F,2012,Nadia,11
CT,F,2012,Nayeli,11
CT,F,2012,Nylah,11
CT,F,2012,Rose,11
CT,F,2012,Skye,11
CT,F,2012,Tatiana,11
CT,F,2012,Vanessa,11
CT,F,2012,Alexandria,10
CT,F,2012,Anne,10
CT,F,2012,Ariella,10
CT,F,2012,Ashlyn,10
CT,F,2012,Bridget,10
CT,F,2012,Carolina,10
CT,F,2012,Courtney,10
CT,F,2012,Crystal,10
CT,F,2012,Daisy,10
CT,F,2012,Daniella,10
CT,F,2012,Delaney,10
CT,F,2012,Emery,10
CT,F,2012,Fatima,10
CT,F,2012,Giana,10
CT,F,2012,Hanna,10
CT,F,2012,Kate,10
CT,F,2012,Katie,10
CT,F,2012,Kenzie,10
CT,F,2012,Mariam,10
CT,F,2012,Mikaela,10
CT,F,2012,Miriam,10
CT,F,2012,Vera,10
CT,F,2012,Adeline,9
CT,F,2012,Alani,9
CT,F,2012,Alanna,9
CT,F,2012,Alicia,9
CT,F,2012,Angelica,9
CT,F,2012,Briella,9
CT,F,2012,Camilla,9
CT,F,2012,Gracie,9
CT,F,2012,Iris,9
CT,F,2012,Jaliyah,9
CT,F,2012,Kailey,9
CT,F,2012,Kaylin,9
CT,F,2012,Lara,9
CT,F,2012,Laura,9
CT,F,2012,Londyn,9
CT,F,2012,Louisa,9
CT,F,2012,Madelynn,9
CT,F,2012,Madisyn,9
CT,F,2012,Marley,9
CT,F,2012,Melody,9
CT,F,2012,Milan,9
CT,F,2012,Scarlet,9
CT,F,2012,Shelby,9
CT,F,2012,Siena,9
CT,F,2012,Skyler,9
CT,F,2012,Sloane,9
CT,F,2012,Valeria,9
CT,F,2012,Zara,9
CT,F,2012,Addyson,8
CT,F,2012,Adelaide,8
CT,F,2012,Adele,8
CT,F,2012,Aliya,8
CT,F,2012,Allyson,8
CT,F,2012,Anastasia,8
CT,F,2012,Angela,8
CT,F,2012,Arielle,8
CT,F,2012,Aubrie,8
CT,F,2012,Bria,8
CT,F,2012,Brittany,8
CT,F,2012,Caitlyn,8
CT,F,2012,Cali,8
CT,F,2012,Cameron,8
CT,F,2012,Cassandra,8
CT,F,2012,Caylee,8
CT,F,2012,Dakota,8
CT,F,2012,Diana,8
CT,F,2012,Elisa,8
CT,F,2012,Gemma,8
CT,F,2012,Giada,8
CT,F,2012,Haylee,8
CT,F,2012,Imani,8
CT,F,2012,Janelle,8
CT,F,2012,Joanna,8
CT,F,2012,Kailyn,8
CT,F,2012,Karina,8
CT,F,2012,Kayleigh,8
CT,F,2012,Kiera,8
CT,F,2012,Lana,8
CT,F,2012,Leyla,8
CT,F,2012,Lillianna,8
CT,F,2012,Lisa,8
CT,F,2012,Logan,8
CT,F,2012,Mariana,8
CT,F,2012,Melany,8
CT,F,2012,Paisley,8
CT,F,2012,Raegan,8
CT,F,2012,Riya,8
CT,F,2012,Rylie,8
CT,F,2012,Thalia,8
CT,F,2012,Tiana,8
CT,F,2012,Whitney,8
CT,F,2012,Ainsley,7
CT,F,2012,Anabelle,7
CT,F,2012,Blake,7
CT,F,2012,Brenda,7
CT,F,2012,Brenna,7
CT,F,2012,Cataleya,7
CT,F,2012,Charlie,7
CT,F,2012,Dahlia,7
CT,F,2012,Dylan,7
CT,F,2012,Elaina,7
CT,F,2012,Elliana,7
CT,F,2012,Emani,7
CT,F,2012,Esther,7
CT,F,2012,Eve,7
CT,F,2012,Finley,7
CT,F,2012,Georgia,7
CT,F,2012,Giavanna,7
CT,F,2012,Johanna,7
CT,F,2012,Kaya,7
CT,F,2012,Kinley,7
CT,F,2012,Leslie,7
CT,F,2012,Lilianna,7
CT,F,2012,Livia,7
CT,F,2012,Lylah,7
CT,F,2012,Miah,7
CT,F,2012,Miley,7
CT,F,2012,Natasha,7
CT,F,2012,Paris,7
CT,F,2012,Raquel,7
CT,F,2012,Rosalie,7
CT,F,2012,Ruth,7
CT,F,2012,Sasha,7
CT,F,2012,Serena,7
CT,F,2012,Viviana,7
CT,F,2012,Willa,7
CT,F,2012,Adelina,6
CT,F,2012,Aiyana,6
CT,F,2012,Alia,6
CT,F,2012,Aliana,6
CT,F,2012,Alondra,6
CT,F,2012,Amara,6
CT,F,2012,Amelie,6
CT,F,2012,Ananya,6
CT,F,2012,Annabel,6
CT,F,2012,Arabella,6
CT,F,2012,Aya,6
CT,F,2012,Beatrice,6
CT,F,2012,Brooklynn,6
CT,F,2012,Cara,6
CT,F,2012,Carina,6
CT,F,2012,Cecelia,6
CT,F,2012,Danica,6
CT,F,2012,Daphne,6
CT,F,2012,Dayana,6
CT,F,2012,Edith,6
CT,F,2012,Elsie,6
CT,F,2012,Esmeralda,6
CT,F,2012,Farrah,6
CT,F,2012,Giovanna,6
CT,F,2012,Gwyneth,6
CT,F,2012,Hana,6
CT,F,2012,Hayley,6
CT,F,2012,Heidi,6
CT,F,2012,Holly,6
CT,F,2012,Hope,6
CT,F,2012,Iliana,6
CT,F,2012,Isabela,6
CT,F,2012,Jayda,6
CT,F,2012,Jayleen,6
CT,F,2012,Jazlyn,6
CT,F,2012,Journey,6
CT,F,2012,Kali,6
CT,F,2012,Kassandra,6
CT,F,2012,Kathleen,6
CT,F,2012,Kaylani,6
CT,F,2012,Kaylie,6
CT,F,2012,Kelsey,6
CT,F,2012,Krystal,6
CT,F,2012,Lexi,6
CT,F,2012,Lola,6
CT,F,2012,Lucille,6
CT,F,2012,Maddison,6
CT,F,2012,Madyson,6
CT,F,2012,Maia,6
CT,F,2012,Makenna,6
CT,F,2012,Marianna,6
CT,F,2012,Marina,6
CT,F,2012,Marissa,6
CT,F,2012,Myla,6
CT,F,2012,Paula,6
CT,F,2012,Phoenix,6
CT,F,2012,Reilly,6
CT,F,2012,Reina,6
CT,F,2012,Rhea,6
CT,F,2012,Saniya,6
CT,F,2012,Shannon,6
CT,F,2012,Shreya,6
CT,F,2012,Tabitha,6
CT,F,2012,Teresa,6
CT,F,2012,Tess,6
CT,F,2012,Zariah,6
CT,F,2012,Adelyn,5
CT,F,2012,Alisa,5
CT,F,2012,Alisha,5
CT,F,2012,Amia,5
CT,F,2012,Amiah,5
CT,F,2012,Angelique,5
CT,F,2012,Aniela,5
CT,F,2012,Aniya,5
CT,F,2012,Anjali,5
CT,F,2012,Annaliese,5
CT,F,2012,April,5
CT,F,2012,Armani,5
CT,F,2012,Aubriana,5
CT,F,2012,Avani,5
CT,F,2012,Averie,5
CT,F,2012,Avni,5
CT,F,2012,Ayanna,5
CT,F,2012,Bryanna,5
CT,F,2012,Calla,5
CT,F,2012,Campbell,5
CT,F,2012,Camryn,5
CT,F,2012,Celina,5
CT,F,2012,Cynthia,5
CT,F,2012,Dania,5
CT,F,2012,Danna,5
CT,F,2012,Elyse,5
CT,F,2012,Felicity,5
CT,F,2012,Gina,5
CT,F,2012,Giselle,5
CT,F,2012,Isis,5
CT,F,2012,Jael,5
CT,F,2012,Jaida,5
CT,F,2012,Jayden,5
CT,F,2012,Jaylene,5
CT,F,2012,Jazmin,5
CT,F,2012,Jazmine,5
CT,F,2012,Jessenia,5
CT,F,2012,Joselyn,5
CT,F,2012,Journee,5
CT,F,2012,Kamryn,5
CT,F,2012,Karen,5
CT,F,2012,Karla,5
CT,F,2012,Katelynn,5
CT,F,2012,Keyla,5
CT,F,2012,Kiley,5
CT,F,2012,Kimora,5
CT,F,2012,Kira,5
CT,F,2012,Lacey,5
CT,F,2012,Laylah,5
CT,F,2012,Leanna,5
CT,F,2012,Lexie,5
CT,F,2012,Lianna,5
CT,F,2012,Lina,5
CT,F,2012,Lindsay,5
CT,F,2012,Lizbeth,5
CT,F,2012,Luz,5
CT,F,2012,Madilyn,5
CT,F,2012,Mae,5
CT,F,2012,Melina,5
CT,F,2012,Milani,5
CT,F,2012,Milania,5
CT,F,2012,Myra,5
CT,F,2012,Noa,5
CT,F,2012,Nyasia,5
CT,F,2012,Olive,5
CT,F,2012,Parker,5
CT,F,2012,Priscilla,5
CT,F,2012,Rayna,5
CT,F,2012,Rebekah,5
CT,F,2012,Regan,5
CT,F,2012,Rihanna,5
CT,F,2012,Rowan,5
CT,F,2012,Shea,5
CT,F,2012,Simone,5
CT,F,2012,Sky,5
CT,F,2012,Skyla,5
CT,F,2012,Tara,5
CT,F,2012,Tatum,5
CT,F,2012,Tenley,5
CT,F,2012,Wendy,5
CT,F,2012,Ziva,5
CT,F,2013,Olivia,235
CT,F,2013,Isabella,233
CT,F,2013,Emma,213
CT,F,2013,Sophia,211
CT,F,2013,Ava,190
CT,F,2013,Mia,160
CT,F,2013,Emily,152
CT,F,2013,Charlotte,135
CT,F,2013,Madison,132
CT,F,2013,Abigail,112
CT,F,2013,Grace,111
CT,F,2013,Ella,108
CT,F,2013,Sofia,98
CT,F,2013,Avery,95
CT,F,2013,Gabriella,93
CT,F,2013,Victoria,93
CT,F,2013,Samantha,89
CT,F,2013,Gianna,83
CT,F,2013,Lily,81
CT,F,2013,Hannah,79
CT,F,2013,Riley,79
CT,F,2013,Amelia,78
CT,F,2013,Elizabeth,76
CT,F,2013,Aubrey,75
CT,F,2013,Arianna,74
CT,F,2013,Julia,71
CT,F,2013,Chloe,70
CT,F,2013,Evelyn,69
CT,F,2013,Maya,68
CT,F,2013,Natalie,67
CT,F,2013,Brianna,65
CT,F,2013,Hailey,64
CT,F,2013,Mackenzie,64
CT,F,2013,Ariana,62
CT,F,2013,Zoe,62
CT,F,2013,Addison,60
CT,F,2013,Lillian,60
CT,F,2013,Savannah,60
CT,F,2013,Aria,59
CT,F,2013,Leah,59
CT,F,2013,Harper,58
CT,F,2013,Penelope,58
CT,F,2013,Nora,56
CT,F,2013,Layla,55
CT,F,2013,Madeline,54
CT,F,2013,Stella,54
CT,F,2013,Alexandra,52
CT,F,2013,Claire,52
CT,F,2013,Brooklyn,51
CT,F,2013,Molly,51
CT,F,2013,Peyton,51
CT,F,2013,Madelyn,50
CT,F,2013,Sarah,49
CT,F,2013,Skylar,49
CT,F,2013,Sophie,49
CT,F,2013,Aaliyah,48
CT,F,2013,Allison,48
CT,F,2013,Caroline,47
CT,F,2013,Kaylee,47
CT,F,2013,Anna,46
CT,F,2013,Zoey,46
CT,F,2013,Lucy,45
CT,F,2013,Morgan,45
CT,F,2013,Brooke,44
CT,F,2013,Audrey,43
CT,F,2013,Giuliana,43
CT,F,2013,Kayla,43
CT,F,2013,Kylie,43
CT,F,2013,Mila,43
CT,F,2013,Annabelle,41
CT,F,2013,Eleanor,40
CT,F,2013,Genesis,40
CT,F,2013,Juliana,40
CT,F,2013,Katherine,40
CT,F,2013,Sadie,40
CT,F,2013,Scarlett,40
CT,F,2013,Taylor,40
CT,F,2013,Adriana,39
CT,F,2013,Alexa,39
CT,F,2013,Liliana,39
CT,F,2013,Isabelle,36
CT,F,2013,Khloe,36
CT,F,2013,Sydney,36
CT,F,2013,Bella,35
CT,F,2013,Alyssa,34
CT,F,2013,London,34
CT,F,2013,Quinn,34
CT,F,2013,Vivian,34
CT,F,2013,Lauren,33
CT,F,2013,Paige,33
CT,F,2013,Violet,33
CT,F,2013,Alexis,32
CT,F,2013,Angelina,32
CT,F,2013,Julianna,31
CT,F,2013,Natalia,31
CT,F,2013,Ashley,30
CT,F,2013,Autumn,30
CT,F,2013,Catherine,30
CT,F,2013,Elena,30
CT,F,2013,Eliana,29
CT,F,2013,Gabriela,29
CT,F,2013,Serenity,29
CT,F,2013,Gia,28
CT,F,2013,Ellie,27
CT,F,2013,Faith,27
CT,F,2013,Fiona,27
CT,F,2013,Jasmine,27
CT,F,2013,Makayla,27
CT,F,2013,Nevaeh,27
CT,F,2013,Jade,26
CT,F,2013,Kennedy,26
CT,F,2013,Nicole,26
CT,F,2013,Sara,26
CT,F,2013,Adrianna,25
CT,F,2013,Bianca,25
CT,F,2013,Eva,25
CT,F,2013,Mya,25
CT,F,2013,Valentina,25
CT,F,2013,Brynn,24
CT,F,2013,Cora,24
CT,F,2013,Emilia,24
CT,F,2013,Lilliana,24
CT,F,2013,Mary,24
CT,F,2013,Michelle,24
CT,F,2013,Piper,24
CT,F,2013,Reagan,24
CT,F,2013,Aubree,23
CT,F,2013,Camila,23
CT,F,2013,Izabella,23
CT,F,2013,Naomi,23
CT,F,2013,Bailey,22
CT,F,2013,Brielle,22
CT,F,2013,Mariah,22
CT,F,2013,Alice,21
CT,F,2013,Kaitlyn,21
CT,F,2013,Laila,21
CT,F,2013,Lila,21
CT,F,2013,Margaret,21
CT,F,2013,Payton,21
CT,F,2013,Tessa,21
CT,F,2013,Aliyah,20
CT,F,2013,Amy,20
CT,F,2013,Clara,20
CT,F,2013,Eloise,20
CT,F,2013,Katelyn,20
CT,F,2013,Kendall,20
CT,F,2013,Leila,20
CT,F,2013,Maeve,20
CT,F,2013,Teagan,20
CT,F,2013,Willow,20
CT,F,2013,Elise,19
CT,F,2013,Gabrielle,19
CT,F,2013,Isabel,19
CT,F,2013,Isla,19
CT,F,2013,Luna,19
CT,F,2013,Lydia,19
CT,F,2013,Summer,19
CT,F,2013,Jocelyn,18
CT,F,2013,Lilah,18
CT,F,2013,Lilly,18
CT,F,2013,Maria,18
CT,F,2013,Norah,18
CT,F,2013,Rose,18
CT,F,2013,Stephanie,18
CT,F,2013,Alessandra,17
CT,F,2013,Andrea,17
CT,F,2013,Callie,17
CT,F,2013,Delilah,17
CT,F,2013,Eliza,17
CT,F,2013,Hayden,17
CT,F,2013,Jillian,17
CT,F,2013,Juliette,17
CT,F,2013,Keira,17
CT,F,2013,Laura,17
CT,F,2013,Lucia,17
CT,F,2013,Mckenna,17
CT,F,2013,Reese,17
CT,F,2013,Ruby,17
CT,F,2013,Rylee,17
CT,F,2013,Talia,17
CT,F,2013,Amber,16
CT,F,2013,Cameron,16
CT,F,2013,Cassidy,16
CT,F,2013,Erin,16
CT,F,2013,Hadley,16
CT,F,2013,Josephine,16
CT,F,2013,Juliet,16
CT,F,2013,Kate,16
CT,F,2013,Kenzie,16
CT,F,2013,Michaela,16
CT,F,2013,Mikayla,16
CT,F,2013,Noelle,16
CT,F,2013,Sienna,16
CT,F,2013,Valerie,16
CT,F,2013,Vivienne,16
CT,F,2013,Alana,15
CT,F,2013,Alanna,15
CT,F,2013,Alicia,15
CT,F,2013,Alina,15
CT,F,2013,Arielle,15
CT,F,2013,Brooklynn,15
CT,F,2013,Caitlin,15
CT,F,2013,Cecelia,15
CT,F,2013,Emerson,15
CT,F,2013,Francesca,15
CT,F,2013,Jayla,15
CT,F,2013,Jordyn,15
CT,F,2013,Kimberly,15
CT,F,2013,Lyla,15
CT,F,2013,Melanie,15
CT,F,2013,Nadia,15
CT,F,2013,Nyla,15
CT,F,2013,Alexia,14
CT,F,2013,Anastasia,14
CT,F,2013,Aniyah,14
CT,F,2013,Arabella,14
CT,F,2013,Ashlyn,14
CT,F,2013,Daniela,14
CT,F,2013,Danielle,14
CT,F,2013,Destiny,14
CT,F,2013,Dylan,14
CT,F,2013,Georgia,14
CT,F,2013,Hope,14
CT,F,2013,Iris,14
CT,F,2013,Ivy,14
CT,F,2013,Jada,14
CT,F,2013,Jane,14
CT,F,2013,Jessica,14
CT,F,2013,Megan,14
CT,F,2013,Paris,14
CT,F,2013,Alexandria,13
CT,F,2013,Annabella,13
CT,F,2013,Ariel,13
CT,F,2013,Aurora,13
CT,F,2013,Camilla,13
CT,F,2013,Catalina,13
CT,F,2013,Cecilia,13
CT,F,2013,Emilie,13
CT,F,2013,Giana,13
CT,F,2013,Hanna,13
CT,F,2013,Harmony,13
CT,F,2013,Jacqueline,13
CT,F,2013,Jenna,13
CT,F,2013,Kendra,13
CT,F,2013,Leia,13
CT,F,2013,Leilani,13
CT,F,2013,Lola,13
CT,F,2013,Madeleine,13
CT,F,2013,Mikaela,13
CT,F,2013,Rachel,13
CT,F,2013,Sabrina,13
CT,F,2013,Sierra,13
CT,F,2013,Trinity,13
CT,F,2013,Vanessa,13
CT,F,2013,Alivia,12
CT,F,2013,Amiyah,12
CT,F,2013,Arya,12
CT,F,2013,Athena,12
CT,F,2013,Jordan,12
CT,F,2013,Kelsey,12
CT,F,2013,Kylee,12
CT,F,2013,Lia,12
CT,F,2013,Melody,12
CT,F,2013,Nina,12
CT,F,2013,Scarlet,12
CT,F,2013,Selena,12
CT,F,2013,Serena,12
CT,F,2013,Veronica,12
CT,F,2013,Alaina,11
CT,F,2013,Alison,11
CT,F,2013,Amanda,11
CT,F,2013,Ariella,11
CT,F,2013,Ayla,11
CT,F,2013,Briana,11
CT,F,2013,Bridget,11
CT,F,2013,Cali,11
CT,F,2013,Casey,11
CT,F,2013,Christina,11
CT,F,2013,Diana,11
CT,F,2013,Eden,11
CT,F,2013,Haley,11
CT,F,2013,Julissa,11
CT,F,2013,Kailyn,11
CT,F,2013,Karina,11
CT,F,2013,Kiara,11
CT,F,2013,Liana,11
CT,F,2013,Londyn,11
CT,F,2013,Makenzie,11
CT,F,2013,Mallory,11
CT,F,2013,Melissa,11
CT,F,2013,Phoebe,11
CT,F,2013,Rebecca,11
CT,F,2013,Ryleigh,11
CT,F,2013,Sarai,11
CT,F,2013,Ainsley,10
CT,F,2013,Amaya,10
CT,F,2013,Ana,10
CT,F,2013,Aviana,10
CT,F,2013,Blake,10
CT,F,2013,Briella,10
CT,F,2013,Caitlyn,10
CT,F,2013,Carly,10
CT,F,2013,Courtney,10
CT,F,2013,Elsa,10
CT,F,2013,Finley,10
CT,F,2013,Gemma,10
CT,F,2013,Genevieve,10
CT,F,2013,Isabela,10
CT,F,2013,Janiyah,10
CT,F,2013,Kathryn,10
CT,F,2013,Lilyana,10
CT,F,2013,Lindsay,10
CT,F,2013,Luciana,10
CT,F,2013,Maci,10
CT,F,2013,Mckenzie,10
CT,F,2013,Miranda,10
CT,F,2013,Nylah,10
CT,F,2013,Skye,10
CT,F,2013,Adelina,9
CT,F,2013,Alayna,9
CT,F,2013,Angela,9
CT,F,2013,Brittany,9
CT,F,2013,Camryn,9
CT,F,2013,Chelsea,9
CT,F,2013,Evangeline,9
CT,F,2013,Giavanna,9
CT,F,2013,Hazel,9
CT,F,2013,Holly,9
CT,F,2013,Jayda,9
CT,F,2013,Jennifer,9
CT,F,2013,Kailey,9
CT,F,2013,Kyla,9
CT,F,2013,Lena,9
CT,F,2013,Marina,9
CT,F,2013,Marissa,9
CT,F,2013,Milania,9
CT,F,2013,Miriam,9
CT,F,2013,Natasha,9
CT,F,2013,Olive,9
CT,F,2013,Simone,9
CT,F,2013,Skyler,9
CT,F,2013,Sloane,9
CT,F,2013,Vera,9
CT,F,2013,Alyson,8
CT,F,2013,Amalia,8
CT,F,2013,Amya,8
CT,F,2013,Anika,8
CT,F,2013,Anya,8
CT,F,2013,Aryanna,8
CT,F,2013,Camille,8
CT,F,2013,Cara,8
CT,F,2013,Charlie,8
CT,F,2013,Daniella,8
CT,F,2013,Danna,8
CT,F,2013,Delaney,8
CT,F,2013,Elle,8
CT,F,2013,Elsie,8
CT,F,2013,Esmeralda,8
CT,F,2013,Eve,8
CT,F,2013,Iliana,8
CT,F,2013,Janiah,8
CT,F,2013,Joanna,8
CT,F,2013,Josie,8
CT,F,2013,Kamryn,8
CT,F,2013,Kaya,8
CT,F,2013,Kayleigh,8
CT,F,2013,Kyleigh,8
CT,F,2013,Leanna,8
CT,F,2013,Marley,8
CT,F,2013,Milan,8
CT,F,2013,Rhea,8
CT,F,2013,Rosalie,8
CT,F,2013,Sage,8
CT,F,2013,Sasha,8
CT,F,2013,Shea,8
CT,F,2013,Shelby,8
CT,F,2013,Skyla,8
CT,F,2013,Tatum,8
CT,F,2013,Valeria,8
CT,F,2013,Viviana,8
CT,F,2013,Adele,7
CT,F,2013,Amani,7
CT,F,2013,Annalise,7
CT,F,2013,Annie,7
CT,F,2013,Aubrie,7
CT,F,2013,Aya,7
CT,F,2013,Beatrice,7
CT,F,2013,Braelyn,7
CT,F,2013,Cadence,7
CT,F,2013,Carolina,7
CT,F,2013,Christine,7
CT,F,2013,Crystal,7
CT,F,2013,Daisy,7
CT,F,2013,Dakota,7
CT,F,2013,Emely,7
CT,F,2013,Erika,7
CT,F,2013,Farrah,7
CT,F,2013,Fatima,7
CT,F,2013,Giovanna,7
CT,F,2013,Giselle,7
CT,F,2013,Imani,7
CT,F,2013,Jaelyn,7
CT,F,2013,Janiya,7
CT,F,2013,Jemma,7
CT,F,2013,Julianne,7
CT,F,2013,June,7
CT,F,2013,Kaelyn,7
CT,F,2013,Kaia,7
CT,F,2013,Kathleen,7
CT,F,2013,Kaydence,7
CT,F,2013,Kaylin,7
CT,F,2013,Kyra,7
CT,F,2013,Lacey,7
CT,F,2013,Lana,7
CT,F,2013,Lexi,7
CT,F,2013,Livia,7
CT,F,2013,Lucille,7
CT,F,2013,Lylah,7
CT,F,2013,Lyric,7
CT,F,2013,Mae,7
CT,F,2013,Mariana,7
CT,F,2013,Marie,7
CT,F,2013,Meghan,7
CT,F,2013,Milena,7
CT,F,2013,Miley,7
CT,F,2013,Nia,7
CT,F,2013,Parker,7
CT,F,2013,Ruth,7
CT,F,2013,Saige,7
CT,F,2013,Thea,7
CT,F,2013,Tiffany,7
CT,F,2013,Aadhya,6
CT,F,2013,Adalyn,6
CT,F,2013,Adeline,6
CT,F,2013,Aleah,6
CT,F,2013,Allie,6
CT,F,2013,Amelie,6
CT,F,2013,Anabelle,6
CT,F,2013,Analise,6
CT,F,2013,Ann,6
CT,F,2013,Antonia,6
CT,F,2013,April,6
CT,F,2013,Aryana,6
CT,F,2013,Ashlynn,6
CT,F,2013,Averie,6
CT,F,2013,Cailyn,6
CT,F,2013,Carter,6
CT,F,2013,Cassandra,6
CT,F,2013,Caylee,6
CT,F,2013,Colette,6
CT,F,2013,Cristina,6
CT,F,2013,Daphne,6
CT,F,2013,Elaina,6
CT,F,2013,Elisa,6
CT,F,2013,Elisabeth,6
CT,F,2013,Elyse,6
CT,F,2013,Estelle,6
CT,F,2013,Felicity,6
CT,F,2013,Giulia,6
CT,F,2013,Gloria,6
CT,F,2013,Gracie,6
CT,F,2013,Gwendolyn,6
CT,F,2013,Harlow,6
CT,F,2013,Isha,6
CT,F,2013,Itzel,6
CT,F,2013,Jazlyn,6
CT,F,2013,Jazmin,6
CT,F,2013,Journee,6
CT,F,2013,Joy,6
CT,F,2013,Julie,6
CT,F,2013,Kataleya,6
CT,F,2013,Kaylie,6
CT,F,2013,Keyla,6
CT,F,2013,Kinsley,6
CT,F,2013,Leilah,6
CT,F,2013,Leslie,6
CT,F,2013,Logan,6
CT,F,2013,Madyson,6
CT,F,2013,Maggie,6
CT,F,2013,Malia,6
CT,F,2013,Mara,6
CT,F,2013,Matilda,6
CT,F,2013,Mckayla,6
CT,F,2013,Meadow,6
CT,F,2013,Myla,6
CT,F,2013,Nayeli,6
CT,F,2013,Paisley,6
CT,F,2013,Raquel,6
CT,F,2013,Reina,6
CT,F,2013,Rowan,6
CT,F,2013,Rylie,6
CT,F,2013,Saanvi,6
CT,F,2013,Samara,6
CT,F,2013,Sherlyn,6
CT,F,2013,Shreya,6
CT,F,2013,Sonia,6
CT,F,2013,Tabitha,6
CT,F,2013,Tatiana,6
CT,F,2013,Trisha,6
CT,F,2013,Virginia,6
CT,F,2013,Abby,5
CT,F,2013,Adelaide,5
CT,F,2013,Adelyn,5
CT,F,2013,Alani,5
CT,F,2013,Alanis,5
CT,F,2013,Aliana,5
CT,F,2013,Alisha,5
CT,F,2013,Amiya,5
CT,F,2013,Analia,5
CT,F,2013,Ananya,5
CT,F,2013,Angelica,5
CT,F,2013,Angelie,5
CT,F,2013,Angelique,5
CT,F,2013,Angie,5
CT,F,2013,Aniya,5
CT,F,2013,Anjali,5
CT,F,2013,Antonella,5
CT,F,2013,Avani,5
CT,F,2013,Ayanna,5
CT,F,2013,Aylin,5
CT,F,2013,Azalea,5
CT,F,2013,Bryanna,5
CT,F,2013,Campbell,5
CT,F,2013,Carina,5
CT,F,2013,Carla,5
CT,F,2013,Carmella,5
CT,F,2013,Carmen,5
CT,F,2013,Carrie,5
CT,F,2013,Celeste,5
CT,F,2013,Celia,5
CT,F,2013,Chanel,5
CT,F,2013,Claudia,5
CT,F,2013,Delia,5
CT,F,2013,Elliana,5
CT,F,2013,Emery,5
CT,F,2013,Emmy,5
CT,F,2013,Esther,5
CT,F,2013,Evie,5
CT,F,2013,Hallie,5
CT,F,2013,Haylee,5
CT,F,2013,Hayley,5
CT,F,2013,Heidi,5
CT,F,2013,Jaelynn,5
CT,F,2013,Jamie,5
CT,F,2013,Jana,5
CT,F,2013,Jayde,5
CT,F,2013,Jaylah,5
CT,F,2013,Jaylani,5
CT,F,2013,Jaylee,5
CT,F,2013,Jayleen,5
CT,F,2013,Juniper,5
CT,F,2013,Kali,5
CT,F,2013,Kara,5
CT,F,2013,Kassidy,5
CT,F,2013,Katalina,5
CT,F,2013,Kristen,5
CT,F,2013,Lea,5
CT,F,2013,Lianna,5
CT,F,2013,Macy,5
CT,F,2013,Maddison,5
CT,F,2013,Madisyn,5
CT,F,2013,Magnolia,5
CT,F,2013,Maia,5
CT,F,2013,Maliyah,5
CT,F,2013,Mariam,5
CT,F,2013,Marjorie,5
CT,F,2013,Mina,5
CT,F,2013,Myra,5
CT,F,2013,Nola,5
CT,F,2013,Nyasia,5
CT,F,2013,Paloma,5
CT,F,2013,Pearl,5
CT,F,2013,Raegan,5
CT,F,2013,Raelyn,5
CT,F,2013,Savanna,5
CT,F,2013,Siena,5
CT,F,2013,Skylah,5
CT,F,2013,Tenley,5
CT,F,2013,Tiana,5
CT,F,2013,Willa,5
CT,F,2013,Winter,5
CT,F,2013,Wynter,5
CT,F,2013,Yara,5
CT,F,2013,Zainab,5
CT,F,2013,Zara,5
CT,F,2013,Zoie,5
CT,F,2013,Zuri,5
CT,F,2014,Olivia,257
CT,F,2014,Emma,212
CT,F,2014,Sophia,203
CT,F,2014,Isabella,201
CT,F,2014,Ava,196
CT,F,2014,Mia,156
CT,F,2014,Charlotte,149
CT,F,2014,Emily,131
CT,F,2014,Abigail,130
CT,F,2014,Madison,120
CT,F,2014,Sofia,110
CT,F,2014,Avery,107
CT,F,2014,Gabriella,107
CT,F,2014,Amelia,103
CT,F,2014,Ella,93
CT,F,2014,Samantha,93
CT,F,2014,Grace,91
CT,F,2014,Chloe,90
CT,F,2014,Aria,86
CT,F,2014,Harper,83
CT,F,2014,Victoria,83
CT,F,2014,Arianna,81
CT,F,2014,Hannah,81
CT,F,2014,Mackenzie,81
CT,F,2014,Gianna,80
CT,F,2014,Julia,75
CT,F,2014,Lily,75
CT,F,2014,Hailey,72
CT,F,2014,Skylar,71
CT,F,2014,Zoe,71
CT,F,2014,Elizabeth,70
CT,F,2014,Brooklyn,69
CT,F,2014,Natalie,69
CT,F,2014,Aubrey,68
CT,F,2014,Scarlett,66
CT,F,2014,Maya,63
CT,F,2014,Anna,62
CT,F,2014,Leah,62
CT,F,2014,Layla,61
CT,F,2014,Lillian,61
CT,F,2014,Alexandra,59
CT,F,2014,Evelyn,59
CT,F,2014,Liliana,57
CT,F,2014,Mila,57
CT,F,2014,Riley,57
CT,F,2014,Zoey,57
CT,F,2014,Addison,55
CT,F,2014,Caroline,54
CT,F,2014,Nora,54
CT,F,2014,Ariana,53
CT,F,2014,Claire,52
CT,F,2014,Peyton,51
CT,F,2014,Savannah,51
CT,F,2014,Audrey,48
CT,F,2014,Autumn,48
CT,F,2014,Madelyn,48
CT,F,2014,Penelope,48
CT,F,2014,Aaliyah,47
CT,F,2014,Sadie,46
CT,F,2014,Brianna,45
CT,F,2014,Sarah,45
CT,F,2014,Alexa,44
CT,F,2014,Kylie,44
CT,F,2014,Madeline,44
CT,F,2014,Violet,43
CT,F,2014,Faith,42
CT,F,2014,Juliana,42
CT,F,2014,Stella,42
CT,F,2014,Annabelle,41
CT,F,2014,Ashley,41
CT,F,2014,Kaylee,41
CT,F,2014,Emilia,39
CT,F,2014,Lucy,38
CT,F,2014,Isabelle,36
CT,F,2014,Sydney,36
CT,F,2014,Allison,35
CT,F,2014,Brooke,35
CT,F,2014,Clara,35
CT,F,2014,Eleanor,35
CT,F,2014,Sophie,35
CT,F,2014,Taylor,35
CT,F,2014,Valentina,34
CT,F,2014,Adriana,33
CT,F,2014,Alice,33
CT,F,2014,Bella,33
CT,F,2014,Camila,33
CT,F,2014,Fiona,33
CT,F,2014,Genesis,33
CT,F,2014,Molly,33
CT,F,2014,Paige,33
CT,F,2014,Aubree,32
CT,F,2014,Cora,32
CT,F,2014,Katherine,32
CT,F,2014,Naomi,32
CT,F,2014,Alexis,31
CT,F,2014,Natalia,31
CT,F,2014,Alyssa,30
CT,F,2014,Eva,30
CT,F,2014,Keira,30
CT,F,2014,Tessa,30
CT,F,2014,Ellie,29
CT,F,2014,Lyla,29
CT,F,2014,Mya,29
CT,F,2014,Piper,29
CT,F,2014,Isabel,28
CT,F,2014,Lila,28
CT,F,2014,Margaret,28
CT,F,2014,Quinn,28
CT,F,2014,Ruby,28
CT,F,2014,Summer,28
CT,F,2014,Vivian,28
CT,F,2014,Angela,27
CT,F,2014,Angelina,27
CT,F,2014,Giuliana,27
CT,F,2014,Julianna,27
CT,F,2014,Kennedy,27
CT,F,2014,London,27
CT,F,2014,Morgan,27
CT,F,2014,Aurora,26
CT,F,2014,Brielle,26
CT,F,2014,Cecilia,26
CT,F,2014,Eliana,26
CT,F,2014,Elise,26
CT,F,2014,Gabriela,26
CT,F,2014,Hazel,26
CT,F,2014,Khloe,26
CT,F,2014,Lauren,26
CT,F,2014,Payton,26
CT,F,2014,Elena,25
CT,F,2014,Genevieve,25
CT,F,2014,Lucia,25
CT,F,2014,Teagan,25
CT,F,2014,Amy,24
CT,F,2014,Callie,24
CT,F,2014,Kendall,24
CT,F,2014,Makayla,24
CT,F,2014,Rose,24
CT,F,2014,Serenity,24
CT,F,2014,Arabella,23
CT,F,2014,Brynn,23
CT,F,2014,Gabrielle,23
CT,F,2014,Isla,23
CT,F,2014,Jasmine,23
CT,F,2014,Mckenzie,23
CT,F,2014,Nicole,23
CT,F,2014,Trinity,23
CT,F,2014,Adrianna,22
CT,F,2014,Ivy,22
CT,F,2014,Josephine,22
CT,F,2014,Lydia,22
CT,F,2014,Madeleine,22
CT,F,2014,Maeve,22
CT,F,2014,Mariah,22
CT,F,2014,Mary,22
CT,F,2014,Nyla,22
CT,F,2014,Rebecca,22
CT,F,2014,Reese,22
CT,F,2014,Sara,22
CT,F,2014,Jade,21
CT,F,2014,Juliette,21
CT,F,2014,Kayla,21
CT,F,2014,Lia,21
CT,F,2014,Maria,21
CT,F,2014,Nevaeh,21
CT,F,2014,Talia,21
CT,F,2014,Amaya,20
CT,F,2014,Emerson,20
CT,F,2014,Hadley,20
CT,F,2014,Kelsey,20
CT,F,2014,Alaina,19
CT,F,2014,Bailey,19
CT,F,2014,Cassidy,19
CT,F,2014,Christina,19
CT,F,2014,Elaina,19
CT,F,2014,Harmony,19
CT,F,2014,Hope,19
CT,F,2014,Jocelyn,19
CT,F,2014,Jordyn,19
CT,F,2014,Juliet,19
CT,F,2014,Kaitlyn,19
CT,F,2014,Laila,19
CT,F,2014,Lilliana,19
CT,F,2014,Lilly,19
CT,F,2014,Londyn,19
CT,F,2014,Nina,19
CT,F,2014,Rylee,19
CT,F,2014,Andrea,18
CT,F,2014,Destiny,18
CT,F,2014,Eloise,18
CT,F,2014,Jordan,18
CT,F,2014,Rachel,18
CT,F,2014,Alexandria,17
CT,F,2014,Charlie,17
CT,F,2014,Hayden,17
CT,F,2014,Jenna,17
CT,F,2014,Kayleigh,17
CT,F,2014,Melanie,17
CT,F,2014,Alison,16
CT,F,2014,Aliyah,16
CT,F,2014,Catherine,16
CT,F,2014,Delaney,16
CT,F,2014,Delilah,16
CT,F,2014,Leila,16
CT,F,2014,Mikayla,16
CT,F,2014,Nova,16
CT,F,2014,Alana,15
CT,F,2014,Arielle,15
CT,F,2014,Chelsea,15
CT,F,2014,Eliza,15
CT,F,2014,Erin,15
CT,F,2014,Francesca,15
CT,F,2014,Georgia,15
CT,F,2014,Haley,15
CT,F,2014,Luna,15
CT,F,2014,Malia,15
CT,F,2014,Norah,15
CT,F,2014,Vivienne,15
CT,F,2014,Ana,14
CT,F,2014,Anastasia,14
CT,F,2014,Aniyah,14
CT,F,2014,Annabella,14
CT,F,2014,Briana,14
CT,F,2014,Brooklynn,14
CT,F,2014,Daniella,14
CT,F,2014,Eden,14
CT,F,2014,Everly,14
CT,F,2014,Jada,14
CT,F,2014,Laura,14
CT,F,2014,Lexi,14
CT,F,2014,Marley,14
CT,F,2014,Reagan,14
CT,F,2014,Sage,14
CT,F,2014,Vanessa,14
CT,F,2014,Adeline,13
CT,F,2014,Adelyn,13
CT,F,2014,Alina,13
CT,F,2014,Alivia,13
CT,F,2014,Caitlin,13
CT,F,2014,Carolina,13
CT,F,2014,Catalina,13
CT,F,2014,Esther,13
CT,F,2014,Evangeline,13
CT,F,2014,Jayla,13
CT,F,2014,Kimberly,13
CT,F,2014,Kinsley,13
CT,F,2014,Liana,13
CT,F,2014,Melody,13
CT,F,2014,Sienna,13
CT,F,2014,Skyler,13
CT,F,2014,Stephanie,13
CT,F,2014,Alessia,12
CT,F,2014,Alexia,12
CT,F,2014,Ariella,12
CT,F,2014,Bianca,12
CT,F,2014,Dakota,12
CT,F,2014,Emery,12
CT,F,2014,Emilie,12
CT,F,2014,Finley,12
CT,F,2014,Gemma,12
CT,F,2014,Jacqueline,12
CT,F,2014,Jillian,12
CT,F,2014,Karina,12
CT,F,2014,Kate,12
CT,F,2014,Lana,12
CT,F,2014,Leilani,12
CT,F,2014,Luciana,12
CT,F,2014,Maggie,12
CT,F,2014,Makenzie,12
CT,F,2014,Mckenna,12
CT,F,2014,Melissa,12
CT,F,2014,Michelle,12
CT,F,2014,Nayeli,12
CT,F,2014,Nylah,12
CT,F,2014,Rosalie,12
CT,F,2014,Amanda,11
CT,F,2014,Amani,11
CT,F,2014,Amber,11
CT,F,2014,Amina,11
CT,F,2014,Amira,11
CT,F,2014,Anya,11
CT,F,2014,Cadence,11
CT,F,2014,Caitlyn,11
CT,F,2014,Cataleya,11
CT,F,2014,Daniela,11
CT,F,2014,Emely,11
CT,F,2014,Eve,11
CT,F,2014,Gia,11
CT,F,2014,Giselle,11
CT,F,2014,Gracie,11
CT,F,2014,Jennifer,11
CT,F,2014,Jessica,11
CT,F,2014,Katie,11
CT,F,2014,Kaya,11
CT,F,2014,Kelly,11
CT,F,2014,Lena,11
CT,F,2014,Lilianna,11
CT,F,2014,Lucille,11
CT,F,2014,Phoebe,11
CT,F,2014,Serena,11
CT,F,2014,Valerie,11
CT,F,2014,Willow,11
CT,F,2014,Ada,10
CT,F,2014,Adelaide,10
CT,F,2014,Alanna,10
CT,F,2014,Alayna,10
CT,F,2014,Allie,10
CT,F,2014,Ariel,10
CT,F,2014,Arya,10
CT,F,2014,Ashlyn,10
CT,F,2014,Athena,10
CT,F,2014,Bridget,10
CT,F,2014,Briella,10
CT,F,2014,Brittany,10
CT,F,2014,Cali,10
CT,F,2014,Camryn,10
CT,F,2014,Cheyenne,10
CT,F,2014,Daisy,10
CT,F,2014,Elisabeth,10
CT,F,2014,Freya,10
CT,F,2014,Hayley,10
CT,F,2014,Kathryn,10
CT,F,2014,Lola,10
CT,F,2014,Maia,10
CT,F,2014,Nia,10
CT,F,2014,Olive,10
CT,F,2014,Parker,10
CT,F,2014,Rowan,10
CT,F,2014,Sabrina,10
CT,F,2014,Savanna,10
CT,F,2014,Skyla,10
CT,F,2014,Tatiana,10
CT,F,2014,Ally,9
CT,F,2014,Anabella,9
CT,F,2014,Anaya,9
CT,F,2014,Ayla,9
CT,F,2014,Bryanna,9
CT,F,2014,Camille,9
CT,F,2014,Colette,9
CT,F,2014,Corinne,9
CT,F,2014,Heidi,9
CT,F,2014,Helena,9
CT,F,2014,Izabella,9
CT,F,2014,Jaliyah,9
CT,F,2014,Jane,9
CT,F,2014,Janiyah,9
CT,F,2014,Kali,9
CT,F,2014,Katelyn,9
CT,F,2014,Kaylin,9
CT,F,2014,Kylee,9
CT,F,2014,Madelynn,9
CT,F,2014,Margot,9
CT,F,2014,Michaela,9
CT,F,2014,Milena,9
CT,F,2014,Neriah,9
CT,F,2014,Noelle,9
CT,F,2014,Paisley,9
CT,F,2014,Ryleigh,9
CT,F,2014,Scarlet,9
CT,F,2014,Shelby,9
CT,F,2014,Siena,9
CT,F,2014,Sloane,9
CT,F,2014,Veronica,9
CT,F,2014,Ainsley,8
CT,F,2014,Alessandra,8
CT,F,2014,Amia,8
CT,F,2014,Annabel,8
CT,F,2014,Aryanna,8
CT,F,2014,Beatrice,8
CT,F,2014,Deborah,8
CT,F,2014,Ellery,8
CT,F,2014,Felicity,8
CT,F,2014,Giana,8
CT,F,2014,Iris,8
CT,F,2014,Kailyn,8
CT,F,2014,Kenzie,8
CT,F,2014,Kyla,8
CT,F,2014,Kyleigh,8
CT,F,2014,Lacey,8
CT,F,2014,Maisie,8
CT,F,2014,Maryam,8
CT,F,2014,Mikaela,8
CT,F,2014,Miriam,8
CT,F,2014,Paris,8
CT,F,2014,Sariah,8
CT,F,2014,Sasha,8
CT,F,2014,Selena,8
CT,F,2014,Tiana,8
CT,F,2014,Tiffany,8
CT,F,2014,Willa,8
CT,F,2014,Adalynn,7
CT,F,2014,Alena,7
CT,F,2014,Amiyah,7
CT,F,2014,Angelica,7
CT,F,2014,Anika,7
CT,F,2014,Aylin,7
CT,F,2014,Blake,7
CT,F,2014,Cameron,7
CT,F,2014,Cecelia,7
CT,F,2014,Dahlia,7
CT,F,2014,Dalia,7
CT,F,2014,Devyn,7
CT,F,2014,Elle,7
CT,F,2014,Elsa,7
CT,F,2014,Fatima,7
CT,F,2014,Faye,7
CT,F,2014,Gwendolyn,7
CT,F,2014,Hailee,7
CT,F,2014,Halo,7
CT,F,2014,Haylee,7
CT,F,2014,Helen,7
CT,F,2014,Imani,7
CT,F,2014,Jayda,7
CT,F,2014,Joanna,7
CT,F,2014,Kamryn,7
CT,F,2014,Kathleen,7
CT,F,2014,Kira,7
CT,F,2014,Lainey,7
CT,F,2014,Lilah,7
CT,F,2014,Lilian,7
CT,F,2014,Maci,7
CT,F,2014,Madisyn,7
CT,F,2014,Madyson,7
CT,F,2014,Mae,7
CT,F,2014,Makenna,7
CT,F,2014,Meadow,7
CT,F,2014,Nadia,7
CT,F,2014,Presley,7
CT,F,2014,Rylie,7
CT,F,2014,Saige,7
CT,F,2014,Shirley,7
CT,F,2014,Sierra,7
CT,F,2014,Sylvia,7
CT,F,2014,Theresa,7
CT,F,2014,Valeria,7
CT,F,2014,Aadhya,6
CT,F,2014,Aadya,6
CT,F,2014,Adalyn,6
CT,F,2014,Adelina,6
CT,F,2014,Ahana,6
CT,F,2014,Aisha,6
CT,F,2014,Alani,6
CT,F,2014,Aleena,6
CT,F,2014,Alejandra,6
CT,F,2014,Amalia,6
CT,F,2014,Amelie,6
CT,F,2014,Angel,6
CT,F,2014,Angelique,6
CT,F,2014,Anne,6
CT,F,2014,Annie,6
CT,F,2014,Antonella,6
CT,F,2014,April,6
CT,F,2014,Aubrie,6
CT,F,2014,Braelyn,6
CT,F,2014,Brenna,6
CT,F,2014,Bria,6
CT,F,2014,Camilla,6
CT,F,2014,Carly,6
CT,F,2014,Carmen,6
CT,F,2014,Casey,6
CT,F,2014,Celia,6
CT,F,2014,Cherish,6
CT,F,2014,Chiara,6
CT,F,2014,Danielle,6
CT,F,2014,Daphne,6
CT,F,2014,Elliana,6
CT,F,2014,Emmalyn,6
CT,F,2014,Hallie,6
CT,F,2014,Harley,6
CT,F,2014,Heaven,6
CT,F,2014,Jayleen,6
CT,F,2014,Josie,6
CT,F,2014,June,6
CT,F,2014,Kaelyn,6
CT,F,2014,Kailani,6
CT,F,2014,Kara,6
CT,F,2014,Karen,6
CT,F,2014,Kiara,6
CT,F,2014,Lara,6
CT,F,2014,Leslie,6
CT,F,2014,Lisa,6
CT,F,2014,Livia,6
CT,F,2014,Lorelei,6
CT,F,2014,Louisa,6
CT,F,2014,Macy,6
CT,F,2014,Mariana,6
CT,F,2014,Megan,6
CT,F,2014,Milania,6
CT,F,2014,Myla,6
CT,F,2014,Natasha,6
CT,F,2014,Phoenix,6
CT,F,2014,Priscilla,6
CT,F,2014,Ruth,6
CT,F,2014,Saanvi,6
CT,F,2014,Sarai,6
CT,F,2014,Simone,6
CT,F,2014,Skye,6
CT,F,2014,Thalia,6
CT,F,2014,Viviana,6
CT,F,2014,Zariah,6
CT,F,2014,Aanya,5
CT,F,2014,Alia,5
CT,F,2014,Aliannah,5
CT,F,2014,Alisha,5
CT,F,2014,Alissa,5
CT,F,2014,Aliya,5
CT,F,2014,Amiya,5
CT,F,2014,Analia,5
CT,F,2014,Angely,5
CT,F,2014,Annalise,5
CT,F,2014,Annika,5
CT,F,2014,Armani,5
CT,F,2014,Audrina,5
CT,F,2014,Averie,5
CT,F,2014,Avielle,5
CT,F,2014,Ayva,5
CT,F,2014,Azalea,5
CT,F,2014,Bethany,5
CT,F,2014,Cailyn,5
CT,F,2014,Cassandra,5
CT,F,2014,Cecily,5
CT,F,2014,Celine,5
CT,F,2014,Charlene,5
CT,F,2014,Clare,5
CT,F,2014,Dallas,5
CT,F,2014,Denise,5
CT,F,2014,Dorothy,5
CT,F,2014,Eleni,5
CT,F,2014,Elianna,5
CT,F,2014,Elisa,5
CT,F,2014,Elodie,5
CT,F,2014,Elsie,5
CT,F,2014,Everleigh,5
CT,F,2014,Flora,5
CT,F,2014,Gloria,5
CT,F,2014,Holly,5
CT,F,2014,Ingrid,5
CT,F,2014,Ivory,5
CT,F,2014,Jaida,5
CT,F,2014,Jaleah,5
CT,F,2014,Janelle,5
CT,F,2014,Jaylah,5
CT,F,2014,Jaylynn,5
CT,F,2014,Jazlyn,5
CT,F,2014,Jazmin,5
CT,F,2014,Julie,5
CT,F,2014,Julissa,5
CT,F,2014,Juniper,5
CT,F,2014,Kataleya,5
CT,F,2014,Kaydence,5
CT,F,2014,Kaylani,5
CT,F,2014,Kendal,5
CT,F,2014,Kristen,5
CT,F,2014,Kristina,5
CT,F,2014,Lane,5
CT,F,2014,Laurel,5
CT,F,2014,Leela,5
CT,F,2014,Lennon,5
CT,F,2014,Lilith,5
CT,F,2014,Logan,5
CT,F,2014,Lyric,5
CT,F,2014,Malak,5
CT,F,2014,Marjorie,5
CT,F,2014,Matilda,5
CT,F,2014,Meera,5
CT,F,2014,Meghan,5
CT,F,2014,Micaela,5
CT,F,2014,Mira,5
CT,F,2014,Myra,5
CT,F,2014,Nala,5
CT,F,2014,Natalya,5
CT,F,2014,Noemi,5
CT,F,2014,Nyasia,5
CT,F,2014,Raelyn,5
CT,F,2014,Raquel,5
CT,F,2014,Sahana,5
CT,F,2014,Sanai,5
CT,F,2014,Saniyah,5
CT,F,2014,Sanvi,5
CT,F,2014,Shannon,5
CT,F,2014,Sky,5
CT,F,2014,Sylvie,5
CT,F,2014,Taliyah,5
CT,F,2014,Tatum,5
CT,F,2014,Vera,5
CT,F,2014,Whitney,5
CT,F,2014,Ximena,5
CT,F,2014,Yaretzi,5
CT,F,2014,Zara,5
CT,F,2015,Sophia,217
CT,F,2015,Emma,203
CT,F,2015,Olivia,202
CT,F,2015,Isabella,187
CT,F,2015,Ava,184
CT,F,2015,Mia,169
CT,F,2015,Charlotte,166
CT,F,2015,Emily,132
CT,F,2015,Abigail,125
CT,F,2015,Madison,125
CT,F,2015,Amelia,121
CT,F,2015,Sofia,114
CT,F,2015,Avery,111
CT,F,2015,Grace,102
CT,F,2015,Gabriella,94
CT,F,2015,Harper,94
CT,F,2015,Ella,90
CT,F,2015,Aubrey,88
CT,F,2015,Hannah,86
CT,F,2015,Elizabeth,85
CT,F,2015,Riley,80
CT,F,2015,Aria,77
CT,F,2015,Victoria,75
CT,F,2015,Gianna,73
CT,F,2015,Lily,73
CT,F,2015,Scarlett,72
CT,F,2015,Nora,71
CT,F,2015,Samantha,69
CT,F,2015,Zoe,69
CT,F,2015,Chloe,67
CT,F,2015,Evelyn,67
CT,F,2015,Ariana,66
CT,F,2015,Skylar,64
CT,F,2015,Maya,63
CT,F,2015,Julia,60
CT,F,2015,Leah,60
CT,F,2015,Mackenzie,60
CT,F,2015,Addison,59
CT,F,2015,Alexa,59
CT,F,2015,Layla,59
CT,F,2015,Natalie,59
CT,F,2015,Penelope,59
CT,F,2015,Sarah,59
CT,F,2015,Alexandra,58
CT,F,2015,Lillian,58
CT,F,2015,Eleanor,57
CT,F,2015,Hailey,57
CT,F,2015,Kylie,53
CT,F,2015,Savannah,53
CT,F,2015,Claire,52
CT,F,2015,Stella,52
CT,F,2015,Zoey,52
CT,F,2015,Brianna,49
CT,F,2015,Caroline,48
CT,F,2015,Lucy,48
CT,F,2015,Mila,48
CT,F,2015,Anna,47
CT,F,2015,Autumn,47
CT,F,2015,Madeline,46
CT,F,2015,Aaliyah,44
CT,F,2015,Violet,44
CT,F,2015,Arianna,43
CT,F,2015,Peyton,43
CT,F,2015,Camila,42
CT,F,2015,Margaret,42
CT,F,2015,Annabelle,41
CT,F,2015,Brooklyn,41
CT,F,2015,Emilia,41
CT,F,2015,Sadie,40
CT,F,2015,Sophie,40
CT,F,2015,Taylor,40
CT,F,2015,Madelyn,39
CT,F,2015,Morgan,39
CT,F,2015,Juliana,38
CT,F,2015,Julianna,38
CT,F,2015,Katherine,38
CT,F,2015,Aurora,37
CT,F,2015,Eva,37
CT,F,2015,Kayla,37
CT,F,2015,Kaylee,37
CT,F,2015,Clara,36
CT,F,2015,Piper,36
CT,F,2015,Angelina,35
CT,F,2015,Brooke,35
CT,F,2015,Genesis,35
CT,F,2015,Isabelle,35
CT,F,2015,Quinn,35
CT,F,2015,Alice,34
CT,F,2015,Bella,34
CT,F,2015,Fiona,34
CT,F,2015,Natalia,34
CT,F,2015,Valentina,34
CT,F,2015,Isabel,33
CT,F,2015,Naomi,33
CT,F,2015,Allison,32
CT,F,2015,Audrey,32
CT,F,2015,Khloe,32
CT,F,2015,Eliana,31
CT,F,2015,Kennedy,31
CT,F,2015,Lila,31
CT,F,2015,Rylee,31
CT,F,2015,Sydney,31
CT,F,2015,Adriana,30
CT,F,2015,Adrianna,30
CT,F,2015,Alexis,30
CT,F,2015,Ashley,30
CT,F,2015,Hazel,30
CT,F,2015,Paige,30
CT,F,2015,Tessa,30
CT,F,2015,Vivian,30
CT,F,2015,Adeline,29
CT,F,2015,Ellie,29
CT,F,2015,Liliana,29
CT,F,2015,Cora,28
CT,F,2015,Faith,28
CT,F,2015,Molly,28
CT,F,2015,Reese,28
CT,F,2015,Brielle,27
CT,F,2015,Everly,27
CT,F,2015,Juliette,27
CT,F,2015,Melanie,27
CT,F,2015,Norah,26
CT,F,2015,Serenity,26
CT,F,2015,Anastasia,25
CT,F,2015,Jasmine,25
CT,F,2015,Jocelyn,25
CT,F,2015,Lilliana,25
CT,F,2015,Mya,25
CT,F,2015,Arya,24
CT,F,2015,Aubree,24
CT,F,2015,Catherine,24
CT,F,2015,Giuliana,24
CT,F,2015,Maeve,24
CT,F,2015,Ruby,24
CT,F,2015,Sienna,24
CT,F,2015,Aliyah,23
CT,F,2015,Alyssa,23
CT,F,2015,Cecilia,23
CT,F,2015,Genevieve,23
CT,F,2015,Izabella,23
CT,F,2015,Leila,23
CT,F,2015,Vanessa,23
CT,F,2015,Lauren,22
CT,F,2015,Leilani,22
CT,F,2015,Lucia,22
CT,F,2015,Luna,22
CT,F,2015,Alina,21
CT,F,2015,Eliza,21
CT,F,2015,Gabriela,21
CT,F,2015,Jade,21
CT,F,2015,Lilly,21
CT,F,2015,Nina,21
CT,F,2015,Payton,21
CT,F,2015,Sage,21
CT,F,2015,Willow,21
CT,F,2015,Amy,20
CT,F,2015,Cassidy,20
CT,F,2015,Eloise,20
CT,F,2015,Gabrielle,20
CT,F,2015,Kendall,20
CT,F,2015,Londyn,20
CT,F,2015,Lyla,20
CT,F,2015,Mckenzie,20
CT,F,2015,Nicole,20
CT,F,2015,Rose,20
CT,F,2015,Alessandra,19
CT,F,2015,Emerson,19
CT,F,2015,Francesca,19
CT,F,2015,Hadley,19
CT,F,2015,Noelle,19
CT,F,2015,Reagan,19
CT,F,2015,Sara,19
CT,F,2015,Stephanie,19
CT,F,2015,Gia,18
CT,F,2015,Lydia,18
CT,F,2015,Madeleine,18
CT,F,2015,Paisley,18
CT,F,2015,Skyler,18
CT,F,2015,Summer,18
CT,F,2015,Teagan,18
CT,F,2015,Trinity,18
CT,F,2015,Vivienne,18
CT,F,2015,Alana,17
CT,F,2015,Amina,17
CT,F,2015,Ana,17
CT,F,2015,Bailey,17
CT,F,2015,Elena,17
CT,F,2015,Kimberly,17
CT,F,2015,Laila,17
CT,F,2015,Lia,17
CT,F,2015,Makayla,17
CT,F,2015,Amanda,16
CT,F,2015,Annalise,16
CT,F,2015,Brooklynn,16
CT,F,2015,Brynn,16
CT,F,2015,Daniella,16
CT,F,2015,Dylan,16
CT,F,2015,Gemma,16
CT,F,2015,Haley,16
CT,F,2015,Hayden,16
CT,F,2015,Isla,16
CT,F,2015,Ivy,16
CT,F,2015,Josephine,16
CT,F,2015,Keira,16
CT,F,2015,Mikayla,16
CT,F,2015,Phoebe,16
CT,F,2015,Rachel,16
CT,F,2015,Sabrina,16
CT,F,2015,Valerie,16
CT,F,2015,Vera,16
CT,F,2015,Adalynn,15
CT,F,2015,Angela,15
CT,F,2015,Arabella,15
CT,F,2015,Ayla,15
CT,F,2015,Dakota,15
CT,F,2015,Delilah,15
CT,F,2015,Elise,15
CT,F,2015,Eve,15
CT,F,2015,Felicity,15
CT,F,2015,Georgia,15
CT,F,2015,Jordyn,15
CT,F,2015,Kiara,15
CT,F,2015,London,15
CT,F,2015,Maria,15
CT,F,2015,Nevaeh,15
CT,F,2015,Rebecca,15
CT,F,2015,Sawyer,15
CT,F,2015,Amaya,14
CT,F,2015,Anika,14
CT,F,2015,Bianca,14
CT,F,2015,Camille,14
CT,F,2015,Catalina,14
CT,F,2015,Christina,14
CT,F,2015,Daisy,14
CT,F,2015,Daniela,14
CT,F,2015,Delaney,14
CT,F,2015,Eden,14
CT,F,2015,Evangeline,14
CT,F,2015,Harmony,14
CT,F,2015,Jane,14
CT,F,2015,Kayleigh,14
CT,F,2015,Kyla,14
CT,F,2015,Lana,14
CT,F,2015,Mariah,14
CT,F,2015,Marley,14
CT,F,2015,Melody,14
CT,F,2015,Michaela,14
CT,F,2015,Michelle,14
CT,F,2015,Talia,14
CT,F,2015,Veronica,14
CT,F,2015,Alessia,13
CT,F,2015,Amber,13
CT,F,2015,Andrea,13
CT,F,2015,Aniyah,13
CT,F,2015,Annie,13
CT,F,2015,Ariel,13
CT,F,2015,Cali,13
CT,F,2015,Callie,13
CT,F,2015,Destiny,13
CT,F,2015,Giovanna,13
CT,F,2015,Hope,13
CT,F,2015,Kenzie,13
CT,F,2015,Kinsley,13
CT,F,2015,Lena,13
CT,F,2015,Lola,13
CT,F,2015,Malia,13
CT,F,2015,Mary,13
CT,F,2015,Nia,13
CT,F,2015,Nyla,13
CT,F,2015,Valeria,13
CT,F,2015,Alexia,12
CT,F,2015,Annabella,12
CT,F,2015,Athena,12
CT,F,2015,Bridget,12
CT,F,2015,Elle,12
CT,F,2015,Finley,12
CT,F,2015,Jacqueline,12
CT,F,2015,Juliet,12
CT,F,2015,Kamila,12
CT,F,2015,Laura,12
CT,F,2015,Raegan,12
CT,F,2015,Skye,12
CT,F,2015,Viviana,12
CT,F,2015,Adelyn,11
CT,F,2015,Alexandria,11
CT,F,2015,Beatrice,11
CT,F,2015,Caitlin,11
CT,F,2015,Charlie,11
CT,F,2015,Diana,11
CT,F,2015,Elianna,11
CT,F,2015,Elisa,11
CT,F,2015,Elliana,11
CT,F,2015,Esther,11
CT,F,2015,Heidi,11
CT,F,2015,Jayla,11
CT,F,2015,Johanna,11
CT,F,2015,Kaelyn,11
CT,F,2015,Kaitlyn,11
CT,F,2015,Kiera,11
CT,F,2015,Kylee,11
CT,F,2015,Liana,11
CT,F,2015,Lilah,11
CT,F,2015,Makenzie,11
CT,F,2015,Mckenna,11
CT,F,2015,Nadia,11
CT,F,2015,Olive,11
CT,F,2015,Parker,11
CT,F,2015,Rosalie,11
CT,F,2015,Sloane,11
CT,F,2015,Alaia,10
CT,F,2015,Alena,10
CT,F,2015,Alivia,10
CT,F,2015,Aniya,10
CT,F,2015,Aylin,10
CT,F,2015,Camilla,10
CT,F,2015,Carly,10
CT,F,2015,Chelsea,10
CT,F,2015,Elaina,10
CT,F,2015,Erin,10
CT,F,2015,Fatima,10
CT,F,2015,Jada,10
CT,F,2015,Jennifer,10
CT,F,2015,Jessica,10
CT,F,2015,Jordan,10
CT,F,2015,Kelsey,10
CT,F,2015,Lilian,10
CT,F,2015,Maci,10
CT,F,2015,Milena,10
CT,F,2015,Paris,10
CT,F,2015,Ryleigh,10
CT,F,2015,Sarai,10
CT,F,2015,Sasha,10
CT,F,2015,Serena,10
CT,F,2015,Tiffany,10
CT,F,2015,Winter,10
CT,F,2015,Adelaide,9
CT,F,2015,Alani,9
CT,F,2015,Alison,9
CT,F,2015,Anaya,9
CT,F,2015,Briana,9
CT,F,2015,Cadence,9
CT,F,2015,Carolina,9
CT,F,2015,Cataleya,9
CT,F,2015,Cecelia,9
CT,F,2015,Colette,9
CT,F,2015,Emely,9
CT,F,2015,Giselle,9
CT,F,2015,Hanna,9
CT,F,2015,Joy,9
CT,F,2015,Kaia,9
CT,F,2015,Katelyn,9
CT,F,2015,Lorelei,9
CT,F,2015,Mabel,9
CT,F,2015,Madisyn,9
CT,F,2015,Mariana,9
CT,F,2015,Myla,9
CT,F,2015,Rowan,9
CT,F,2015,Savanna,9
CT,F,2015,Aanya,8
CT,F,2015,Adelynn,8
CT,F,2015,Ainsley,8
CT,F,2015,Aisha,8
CT,F,2015,Alicia,8
CT,F,2015,Anya,8
CT,F,2015,April,8
CT,F,2015,Arielle,8
CT,F,2015,Cameron,8
CT,F,2015,Camryn,8
CT,F,2015,Celia,8
CT,F,2015,Emery,8
CT,F,2015,Frances,8
CT,F,2015,Gracie,8
CT,F,2015,Helena,8
CT,F,2015,Iris,8
CT,F,2015,Journey,8
CT,F,2015,June,8
CT,F,2015,Kali,8
CT,F,2015,Kate,8
CT,F,2015,Kennedi,8
CT,F,2015,Kinley,8
CT,F,2015,Leslie,8
CT,F,2015,Lilianna,8
CT,F,2015,Lilith,8
CT,F,2015,Luciana,8
CT,F,2015,Lyric,8
CT,F,2015,Melissa,8
CT,F,2015,Milania,8
CT,F,2015,Nayeli,8
CT,F,2015,Nova,8
CT,F,2015,Saige,8
CT,F,2015,Shelby,8
CT,F,2015,Tatiana,8
CT,F,2015,Theresa,8
CT,F,2015,Alanna,7
CT,F,2015,Alayna,7
CT,F,2015,Alejandra,7
CT,F,2015,Allie,7
CT,F,2015,Amari,7
CT,F,2015,Amiyah,7
CT,F,2015,Angelica,7
CT,F,2015,Ashlyn,7
CT,F,2015,Ashlynn,7
CT,F,2015,Aviana,7
CT,F,2015,Avianna,7
CT,F,2015,Aya,7
CT,F,2015,Blake,7
CT,F,2015,Braelynn,7
CT,F,2015,Briella,7
CT,F,2015,Carmen,7
CT,F,2015,Elsie,7
CT,F,2015,Emelia,7
CT,F,2015,Freya,7
CT,F,2015,Hayley,7
CT,F,2015,Henley,7
CT,F,2015,Ivanna,7
CT,F,2015,Janiyah,7
CT,F,2015,Jenna,7
CT,F,2015,Jolie,7
CT,F,2015,Kathryn,7
CT,F,2015,Kaylani,7
CT,F,2015,Lacey,7
CT,F,2015,Leena,7
CT,F,2015,Liberty,7
CT,F,2015,Lilyana,7
CT,F,2015,Logan,7
CT,F,2015,Lucille,7
CT,F,2015,Madelynn,7
CT,F,2015,Maggie,7
CT,F,2015,Makenna,7
CT,F,2015,Maryam,7
CT,F,2015,Melina,7
CT,F,2015,Mikaela,7
CT,F,2015,Milani,7
CT,F,2015,Myra,7
CT,F,2015,Nylah,7
CT,F,2015,Raelynn,7
CT,F,2015,River,7
CT,F,2015,Selena,7
CT,F,2015,Shiloh,7
CT,F,2015,Sierra,7
CT,F,2015,Tess,7
CT,F,2015,Thea,7
CT,F,2015,Valery,7
CT,F,2015,Whitney,7
CT,F,2015,Zara,7
CT,F,2015,Aadhya,6
CT,F,2015,Alaina,6
CT,F,2015,Aleah,6
CT,F,2015,Aleena,6
CT,F,2015,Alisha,6
CT,F,2015,Amani,6
CT,F,2015,Amara,6
CT,F,2015,Angel,6
CT,F,2015,Annabel,6
CT,F,2015,Anne,6
CT,F,2015,Aubrie,6
CT,F,2015,Averie,6
CT,F,2015,Caitlyn,6
CT,F,2015,Cara,6
CT,F,2015,Carolyn,6
CT,F,2015,Celeste,6
CT,F,2015,Ciara,6
CT,F,2015,Clare,6
CT,F,2015,Danielle,6
CT,F,2015,Diya,6
CT,F,2015,Helen,6
CT,F,2015,Holly,6
CT,F,2015,Jaelynn,6
CT,F,2015,Jamie,6
CT,F,2015,Janelle,6
CT,F,2015,Jillian,6
CT,F,2015,Julie,6
CT,F,2015,Karina,6
CT,F,2015,Kaydence,6
CT,F,2015,Kaylin,6
CT,F,2015,Laurel,6
CT,F,2015,Linnea,6
CT,F,2015,Livia,6
CT,F,2015,Lorelai,6
CT,F,2015,Madalyn,6
CT,F,2015,Maddison,6
CT,F,2015,Maia,6
CT,F,2015,Maliyah,6
CT,F,2015,Maren,6
CT,F,2015,Mariam,6
CT,F,2015,Meadow,6
CT,F,2015,Meghan,6
CT,F,2015,Miranda,6
CT,F,2015,Miriam,6
CT,F,2015,Ophelia,6
CT,F,2015,Rhea,6
CT,F,2015,Ruth,6
CT,F,2015,Ryan,6
CT,F,2015,Samara,6
CT,F,2015,Siena,6
CT,F,2015,Simone,6
CT,F,2015,Sofie,6
CT,F,2015,Virginia,6
CT,F,2015,Wynter,6
CT,F,2015,Zaniyah,6
CT,F,2015,Adrienne,5
CT,F,2015,Alisa,5
CT,F,2015,Alondra,5
CT,F,2015,Althea,5
CT,F,2015,Amaia,5
CT,F,2015,Amalia,5
CT,F,2015,Amelie,5
CT,F,2015,Amira,5
CT,F,2015,Annika,5
CT,F,2015,Ariya,5
CT,F,2015,August,5
CT,F,2015,Bethany,5
CT,F,2015,Casey,5
CT,F,2015,Corinne,5
CT,F,2015,Dallas,5
CT,F,2015,Danica,5
CT,F,2015,Demi,5
CT,F,2015,Eileen,5
CT,F,2015,Ellison,5
CT,F,2015,Elsa,5
CT,F,2015,Emmy,5
CT,F,2015,Faye,5
CT,F,2015,Giada,5
CT,F,2015,Giavanna,5
CT,F,2015,Harlow,5
CT,F,2015,Haylee,5
CT,F,2015,Heaven,5
CT,F,2015,Isabela,5
CT,F,2015,Jaliyah,5
CT,F,2015,Janice,5
CT,F,2015,Jaylah,5
CT,F,2015,Jayleen,5
CT,F,2015,Jazmin,5
CT,F,2015,Jemma,5
CT,F,2015,Joanna,5
CT,F,2015,Josie,5
CT,F,2015,Kailey,5
CT,F,2015,Kairi,5
CT,F,2015,Kamryn,5
CT,F,2015,Katalina,5
CT,F,2015,Kayden,5
CT,F,2015,Kaylie,5
CT,F,2015,Klara,5
CT,F,2015,Lailah,5
CT,F,2015,Lara,5
CT,F,2015,Leona,5
CT,F,2015,Lina,5
CT,F,2015,Lindsey,5
CT,F,2015,Lylah,5
CT,F,2015,Macy,5
CT,F,2015,Maisie,5
CT,F,2015,Malaysia,5
CT,F,2015,Marina,5
CT,F,2015,Martina,5
CT,F,2015,Megan,5
CT,F,2015,Melany,5
CT,F,2015,Miabella,5
CT,F,2015,Milana,5
CT,F,2015,Noa,5
CT,F,2015,Nola,5
CT,F,2015,Paityn,5
CT,F,2015,Penny,5
CT,F,2015,Priscilla,5
CT,F,2015,Remi,5
CT,F,2015,Riya,5
CT,F,2015,Rory,5
CT,F,2015,Salome,5
CT,F,2015,Sanai,5
CT,F,2015,Scarlet,5
CT,F,2015,Seraphina,5
CT,F,2015,Shea,5
CT,F,2015,Skyla,5
CT,F,2015,Thalia,5
CT,F,2015,Vienna,5
CT,F,2015,Willa,5
CT,F,2015,Yamileth,5
CT,F,2015,Zahra,5
CT,F,2015,Zariah,5
CT,F,2015,Zuri,5
CT,F,2016,Olivia,210
CT,F,2016,Charlotte,195
CT,F,2016,Mia,189
CT,F,2016,Ava,188
CT,F,2016,Isabella,180
CT,F,2016,Sophia,172
CT,F,2016,Emma,169
CT,F,2016,Abigail,145
CT,F,2016,Amelia,133
CT,F,2016,Emily,123
CT,F,2016,Sofia,110
CT,F,2016,Grace,109
CT,F,2016,Madison,107
CT,F,2016,Ella,105
CT,F,2016,Riley,102
CT,F,2016,Harper,100
CT,F,2016,Avery,97
CT,F,2016,Evelyn,90
CT,F,2016,Aria,85
CT,F,2016,Chloe,85
CT,F,2016,Lily,81
CT,F,2016,Nora,78
CT,F,2016,Penelope,78
CT,F,2016,Scarlett,78
CT,F,2016,Aubrey,75
CT,F,2016,Elizabeth,75
CT,F,2016,Gabriella,75
CT,F,2016,Victoria,75
CT,F,2016,Hannah,74
CT,F,2016,Gianna,72
CT,F,2016,Layla,69
CT,F,2016,Julia,67
CT,F,2016,Savannah,67
CT,F,2016,Addison,64
CT,F,2016,Zoe,64
CT,F,2016,Leah,63
CT,F,2016,Lillian,63
CT,F,2016,Maya,62
CT,F,2016,Claire,60
CT,F,2016,Skylar,59
CT,F,2016,Hailey,58
CT,F,2016,Mila,58
CT,F,2016,Samantha,58
CT,F,2016,Zoey,57
CT,F,2016,Anna,56
CT,F,2016,Ariana,56
CT,F,2016,Emilia,56
CT,F,2016,Stella,53
CT,F,2016,Violet,53
CT,F,2016,Alexa,52
CT,F,2016,Peyton,52
CT,F,2016,Caroline,50
CT,F,2016,Natalie,50
CT,F,2016,Arianna,49
CT,F,2016,Lucy,48
CT,F,2016,Alexandra,47
CT,F,2016,Brooke,47
CT,F,2016,Camila,46
CT,F,2016,Madeline,46
CT,F,2016,Sophie,46
CT,F,2016,Eva,45
CT,F,2016,Madelyn,45
CT,F,2016,Sarah,45
CT,F,2016,Autumn,44
CT,F,2016,Mackenzie,44
CT,F,2016,Valentina,44
CT,F,2016,Taylor,43
CT,F,2016,Brianna,42
CT,F,2016,Eleanor,42
CT,F,2016,Genesis,42
CT,F,2016,Paige,42
CT,F,2016,Morgan,41
CT,F,2016,Sadie,41
CT,F,2016,Ashley,39
CT,F,2016,Audrey,39
CT,F,2016,Liliana,39
CT,F,2016,Quinn,39
CT,F,2016,Josephine,37
CT,F,2016,Alice,36
CT,F,2016,Cora,35
CT,F,2016,Eliana,35
CT,F,2016,Julianna,35
CT,F,2016,Kayla,35
CT,F,2016,Luna,35
CT,F,2016,Naomi,35
CT,F,2016,Adeline,34
CT,F,2016,Bella,34
CT,F,2016,Brooklyn,34
CT,F,2016,Isabel,34
CT,F,2016,Rose,34
CT,F,2016,Adriana,33
CT,F,2016,Aurora,33
CT,F,2016,Kylie,33
CT,F,2016,Vivienne,33
CT,F,2016,Isabelle,32
CT,F,2016,Katherine,32
CT,F,2016,Kaylee,32
CT,F,2016,Vivian,32
CT,F,2016,Alyssa,31
CT,F,2016,Angelina,31
CT,F,2016,Annabelle,31
CT,F,2016,Aubree,31
CT,F,2016,Ellie,31
CT,F,2016,Juliana,31
CT,F,2016,Margaret,31
CT,F,2016,Piper,31
CT,F,2016,Alina,30
CT,F,2016,Elena,30
CT,F,2016,Aaliyah,29
CT,F,2016,Fiona,29
CT,F,2016,Kennedy,29
CT,F,2016,Lydia,29
CT,F,2016,Norah,29
CT,F,2016,Sydney,29
CT,F,2016,Cecilia,28
CT,F,2016,Everly,28
CT,F,2016,Khloe,28
CT,F,2016,Teagan,28
CT,F,2016,Clara,27
CT,F,2016,Giuliana,27
CT,F,2016,Molly,27
CT,F,2016,Natalia,27
CT,F,2016,Juliette,26
CT,F,2016,Reagan,26
CT,F,2016,Rylee,26
CT,F,2016,Alana,25
CT,F,2016,Amaya,25
CT,F,2016,Isla,25
CT,F,2016,Maeve,25
CT,F,2016,Brielle,24
CT,F,2016,Hadley,24
CT,F,2016,Hazel,24
CT,F,2016,London,24
CT,F,2016,Ruby,24
CT,F,2016,Arya,23
CT,F,2016,Brynn,23
CT,F,2016,Eliza,23
CT,F,2016,Lilliana,23
CT,F,2016,Willow,23
CT,F,2016,Allison,22
CT,F,2016,Genevieve,22
CT,F,2016,Laila,22
CT,F,2016,Lia,22
CT,F,2016,Mary,22
CT,F,2016,Nevaeh,22
CT,F,2016,Reese,22
CT,F,2016,Tessa,22
CT,F,2016,Alivia,21
CT,F,2016,Callie,21
CT,F,2016,Catherine,21
CT,F,2016,Lila,21
CT,F,2016,Makayla,21
CT,F,2016,Mckenzie,21
CT,F,2016,Nova,21
CT,F,2016,Sara,21
CT,F,2016,Serenity,21
CT,F,2016,Adrianna,20
CT,F,2016,Aliyah,20
CT,F,2016,Dakota,20
CT,F,2016,Faith,20
CT,F,2016,Gemma,20
CT,F,2016,Jasmine,20
CT,F,2016,Lauren,20
CT,F,2016,Londyn,20
CT,F,2016,Lyla,20
CT,F,2016,Melanie,20
CT,F,2016,Nyla,20
CT,F,2016,Arabella,19
CT,F,2016,Ariella,19
CT,F,2016,Emerson,19
CT,F,2016,Finley,19
CT,F,2016,Hayden,19
CT,F,2016,Jade,19
CT,F,2016,Juliet,19
CT,F,2016,Maria,19
CT,F,2016,Nicole,19
CT,F,2016,Rachel,19
CT,F,2016,Alexandria,18
CT,F,2016,Amy,18
CT,F,2016,Athena,18
CT,F,2016,Gabriela,18
CT,F,2016,Gabrielle,18
CT,F,2016,Ivy,18
CT,F,2016,Lena,18
CT,F,2016,Lucia,18
CT,F,2016,Mya,18
CT,F,2016,Nina,18
CT,F,2016,Paisley,18
CT,F,2016,Vanessa,18
CT,F,2016,Adelyn,17
CT,F,2016,Daniela,17
CT,F,2016,Destiny,17
CT,F,2016,Jordyn,17
CT,F,2016,Kinsley,17
CT,F,2016,Lilly,17
CT,F,2016,Noelle,17
CT,F,2016,Rowan,17
CT,F,2016,Sienna,17
CT,F,2016,Alessandra,16
CT,F,2016,Amanda,16
CT,F,2016,Anaya,16
CT,F,2016,Charlie,16
CT,F,2016,Delilah,16
CT,F,2016,Elise,16
CT,F,2016,Elliana,16
CT,F,2016,Eloise,16
CT,F,2016,Haley,16
CT,F,2016,Joanna,16
CT,F,2016,Keira,16
CT,F,2016,Kendall,16
CT,F,2016,Luciana,16
CT,F,2016,Madeleine,16
CT,F,2016,Siena,16
CT,F,2016,Talia,16
CT,F,2016,Alexis,15
CT,F,2016,Bailey,15
CT,F,2016,Cali,15
CT,F,2016,Chelsea,15
CT,F,2016,Eden,15
CT,F,2016,Francesca,15
CT,F,2016,Harmony,15
CT,F,2016,Izabella,15
CT,F,2016,Kyla,15
CT,F,2016,Leila,15
CT,F,2016,Liana,15
CT,F,2016,Makenna,15
CT,F,2016,Mikayla,15
CT,F,2016,Rosalie,15
CT,F,2016,Alison,14
CT,F,2016,Anya,14
CT,F,2016,Cassidy,14
CT,F,2016,Malia,14
CT,F,2016,Marley,14
CT,F,2016,Phoebe,14
CT,F,2016,Rebecca,14
CT,F,2016,Sloane,14
CT,F,2016,Trinity,14
CT,F,2016,Vera,14
CT,F,2016,Alaina,13
CT,F,2016,Alessia,13
CT,F,2016,Alicia,13
CT,F,2016,Andrea,13
CT,F,2016,Ariel,13
CT,F,2016,Ayla,13
CT,F,2016,Bianca,13
CT,F,2016,Blake,13
CT,F,2016,Bridget,13
CT,F,2016,Briella,13
CT,F,2016,Colette,13
CT,F,2016,Esther,13
CT,F,2016,Georgia,13
CT,F,2016,Kaitlyn,13
CT,F,2016,Kelsey,13
CT,F,2016,Makenzie,13
CT,F,2016,Michaela,13
CT,F,2016,Saige,13
CT,F,2016,Summer,13
CT,F,2016,Adelaide,12
CT,F,2016,Amina,12
CT,F,2016,Aniyah,12
CT,F,2016,Carina,12
CT,F,2016,Delaney,12
CT,F,2016,Dylan,12
CT,F,2016,Evangeline,12
CT,F,2016,Fatima,12
CT,F,2016,Freya,12
CT,F,2016,Gia,12
CT,F,2016,Kate,12
CT,F,2016,Laura,12
CT,F,2016,Leilani,12
CT,F,2016,Lilah,12
CT,F,2016,Mariah,12
CT,F,2016,Mckenna,12
CT,F,2016,Melissa,12
CT,F,2016,Melody,12
CT,F,2016,Nylah,12
CT,F,2016,Serena,12
CT,F,2016,Zara,12
CT,F,2016,Adaline,11
CT,F,2016,Adalyn,11
CT,F,2016,Ainsley,11
CT,F,2016,Amiyah,11
CT,F,2016,Anastasia,11
CT,F,2016,Avianna,11
CT,F,2016,Braelyn,11
CT,F,2016,Briana,11
CT,F,2016,Brooklynn,11
CT,F,2016,Catalina,11
CT,F,2016,Elle,11
CT,F,2016,Emery,11
CT,F,2016,Jayla,11
CT,F,2016,Jillian,11
CT,F,2016,Josie,11
CT,F,2016,Kelly,11
CT,F,2016,Kimberly,11
CT,F,2016,Logan,11
CT,F,2016,Lucille,11
CT,F,2016,Mikaela,11
CT,F,2016,Sabrina,11
CT,F,2016,Sage,11
CT,F,2016,Stephanie,11
CT,F,2016,Valeria,11
CT,F,2016,Viviana,11
CT,F,2016,Alayna,10
CT,F,2016,Angela,10
CT,F,2016,Annalise,10
CT,F,2016,Arielle,10
CT,F,2016,Aviana,10
CT,F,2016,Beatrice,10
CT,F,2016,Camilla,10
CT,F,2016,Camille,10
CT,F,2016,Erin,10
CT,F,2016,Giada,10
CT,F,2016,Giovanna,10
CT,F,2016,Harley,10
CT,F,2016,Iris,10
CT,F,2016,Joy,10
CT,F,2016,Kamila,10
CT,F,2016,Kayleigh,10
CT,F,2016,Maggie,10
CT,F,2016,Maliah,10
CT,F,2016,Nia,10
CT,F,2016,Parker,10
CT,F,2016,Remi,10
CT,F,2016,Adelynn,9
CT,F,2016,Amalia,9
CT,F,2016,Amara,9
CT,F,2016,Amber,9
CT,F,2016,Amira,9
CT,F,2016,Ana,9
CT,F,2016,Analise,9
CT,F,2016,Ariah,9
CT,F,2016,Camryn,9
CT,F,2016,Christina,9
CT,F,2016,Daisy,9
CT,F,2016,Daniella,9
CT,F,2016,Greta,9
CT,F,2016,Heaven,9
CT,F,2016,Imani,9
CT,F,2016,Janiyah,9
CT,F,2016,Jessica,9
CT,F,2016,June,9
CT,F,2016,Lilian,9
CT,F,2016,Maddison,9
CT,F,2016,Maia,9
CT,F,2016,Ryan,9
CT,F,2016,Ryleigh,9
CT,F,2016,Savanna,9
CT,F,2016,Valerie,9
CT,F,2016,Abby,8
CT,F,2016,Addilyn,8
CT,F,2016,Alani,8
CT,F,2016,Alena,8
CT,F,2016,Amaia,8
CT,F,2016,Angelica,8
CT,F,2016,Azalea,8
CT,F,2016,Brinley,8
CT,F,2016,Cadence,8
CT,F,2016,Clare,8
CT,F,2016,Danna,8
CT,F,2016,Daphne,8
CT,F,2016,Diana,8
CT,F,2016,Emely,8
CT,F,2016,Felicity,8
CT,F,2016,Hadassah,8
CT,F,2016,Hanna,8
CT,F,2016,Helen,8
CT,F,2016,Hope,8
CT,F,2016,Isabela,8
CT,F,2016,Jenna,8
CT,F,2016,Julie,8
CT,F,2016,Kali,8
CT,F,2016,Lennox,8
CT,F,2016,Lexi,8
CT,F,2016,Lilyana,8
CT,F,2016,Maisie,8
CT,F,2016,Margot,8
CT,F,2016,Meredith,8
CT,F,2016,Michelle,8
CT,F,2016,Myra,8
CT,F,2016,Nadia,8
CT,F,2016,Ophelia,8
CT,F,2016,Payton,8
CT,F,2016,Raegan,8
CT,F,2016,Raelynn,8
CT,F,2016,Rylie,8
CT,F,2016,Samara,8
CT,F,2016,Sasha,8
CT,F,2016,Sawyer,8
CT,F,2016,Selena,8
CT,F,2016,Shelby,8
CT,F,2016,Veronica,8
CT,F,2016,Ada,7
CT,F,2016,Adele,7
CT,F,2016,Alanna,7
CT,F,2016,Alannah,7
CT,F,2016,Aliana,7
CT,F,2016,Alisha,7
CT,F,2016,Amaris,7
CT,F,2016,Aniya,7
CT,F,2016,Annabel,7
CT,F,2016,Annabella,7
CT,F,2016,Antonella,7
CT,F,2016,Avah,7
CT,F,2016,Carter,7
CT,F,2016,Cataleya,7
CT,F,2016,Cecelia,7
CT,F,2016,Celine,7
CT,F,2016,Cheyenne,7
CT,F,2016,Coraline,7
CT,F,2016,Dana,7
CT,F,2016,Elisa,7
CT,F,2016,Emmeline,7
CT,F,2016,Estelle,7
CT,F,2016,Eve,7
CT,F,2016,Frances,7
CT,F,2016,Gracie,7
CT,F,2016,Halo,7
CT,F,2016,Haven,7
CT,F,2016,Hayley,7
CT,F,2016,Heidi,7
CT,F,2016,Holly,7
CT,F,2016,Jada,7
CT,F,2016,Jane,7
CT,F,2016,Janelle,7
CT,F,2016,Jennifer,7
CT,F,2016,Jocelyn,7
CT,F,2016,Journey,7
CT,F,2016,Kenzie,7
CT,F,2016,Kira,7
CT,F,2016,Kylee,7
CT,F,2016,Mabel,7
CT,F,2016,Maci,7
CT,F,2016,Mae,7
CT,F,2016,Marina,7
CT,F,2016,Megan,7
CT,F,2016,Melina,7
CT,F,2016,Milana,7
CT,F,2016,Milani,7
CT,F,2016,Nathaly,7
CT,F,2016,Nayeli,7
CT,F,2016,Paris,7
CT,F,2016,Presley,7
CT,F,2016,Rosa,7
CT,F,2016,Royalty,7
CT,F,2016,Ruth,7
CT,F,2016,Scarlet,7
CT,F,2016,Skyla,7
CT,F,2016,Violeta,7
CT,F,2016,Zariyah,7
CT,F,2016,Zuri,7
CT,F,2016,Aarya,6
CT,F,2016,Adalynn,6
CT,F,2016,Aiyana,6
CT,F,2016,Alejandra,6
CT,F,2016,Alexia,6
CT,F,2016,Aliza,6
CT,F,2016,Allyson,6
CT,F,2016,April,6
CT,F,2016,Aubrie,6
CT,F,2016,Caitlin,6
CT,F,2016,Celeste,6
CT,F,2016,Celia,6
CT,F,2016,Charlee,6
CT,F,2016,Christine,6
CT,F,2016,Corinne,6
CT,F,2016,Crystal,6
CT,F,2016,Devyn,6
CT,F,2016,Diya,6
CT,F,2016,Elaina,6
CT,F,2016,Elora,6
CT,F,2016,Elyse,6
CT,F,2016,Emelia,6
CT,F,2016,Emilie,6
CT,F,2016,Gisele,6
CT,F,2016,Gloria,6
CT,F,2016,Gracelyn,6
CT,F,2016,Gwendolyn,6
CT,F,2016,Jacqueline,6
CT,F,2016,Jayleen,6
CT,F,2016,Jenesis,6
CT,F,2016,Johanna,6
CT,F,2016,Jolie,6
CT,F,2016,Kaelyn,6
CT,F,2016,Kaia,6
CT,F,2016,Kailyn,6
CT,F,2016,Katelyn,6
CT,F,2016,Katie,6
CT,F,2016,Kaylani,6
CT,F,2016,Kensley,6
CT,F,2016,Khaleesi,6
CT,F,2016,Kiley,6
CT,F,2016,Kyra,6
CT,F,2016,Lana,6
CT,F,2016,Lara,6
CT,F,2016,Lea,6
CT,F,2016,Leela,6
CT,F,2016,Leia,6
CT,F,2016,Leighton,6
CT,F,2016,Leona,6
CT,F,2016,Leslie,6
CT,F,2016,Livia,6
CT,F,2016,Lola,6
CT,F,2016,Lorelei,6
CT,F,2016,Lyric,6
CT,F,2016,Maliyah,6
CT,F,2016,Mariana,6
CT,F,2016,Marianna,6
CT,F,2016,Milania,6
CT,F,2016,Milena,6
CT,F,2016,Monica,6
CT,F,2016,Nicolette,6
CT,F,2016,Noa,6
CT,F,2016,Noor,6
CT,F,2016,Rosemary,6
CT,F,2016,Shannon,6
CT,F,2016,Sky,6
CT,F,2016,Skye,6
CT,F,2016,Skyler,6
CT,F,2016,Tallulah,6
CT,F,2016,Teresa,6
CT,F,2016,Tiffany,6
CT,F,2016,Vienna,6
CT,F,2016,Whitney,6
CT,F,2016,Winter,6
CT,F,2016,Zahra,6
CT,F,2016,Addyson,5
CT,F,2016,Adelina,5
CT,F,2016,Aisha,5
CT,F,2016,Aleah,5
CT,F,2016,Alissa,5
CT,F,2016,Aliya,5
CT,F,2016,Alyvia,5
CT,F,2016,Amelie,5
CT,F,2016,Amia,5
CT,F,2016,Amirah,5
CT,F,2016,Angie,5
CT,F,2016,Anne,5
CT,F,2016,Annika,5
CT,F,2016,Ariya,5
CT,F,2016,Aryanna,5
CT,F,2016,Ashlyn,5
CT,F,2016,Aya,5
CT,F,2016,Braelynn,5
CT,F,2016,Brittany,5
CT,F,2016,Bryanna,5
CT,F,2016,Cameron,5
CT,F,2016,Cara,5
CT,F,2016,Carla,5
CT,F,2016,Carolyn,5
CT,F,2016,Casey,5
CT,F,2016,Chanel,5
CT,F,2016,Colbie,5
CT,F,2016,Dahlia,5
CT,F,2016,Danielle,5
CT,F,2016,Dayana,5
CT,F,2016,Demi,5
CT,F,2016,Dorothy,5
CT,F,2016,Elisabeth,5
CT,F,2016,Evelina,5
CT,F,2016,Evelynn,5
CT,F,2016,Everleigh,5
CT,F,2016,Giavanna,5
CT,F,2016,Giselle,5
CT,F,2016,Harlem,5
CT,F,2016,Harlow,5
CT,F,2016,Heavenly,5
CT,F,2016,Iliana,5
CT,F,2016,Isha,5
CT,F,2016,Jaelyn,5
CT,F,2016,Jana,5
CT,F,2016,Jaylani,5
CT,F,2016,Julianne,5
CT,F,2016,Kailey,5
CT,F,2016,Kaiya,5
CT,F,2016,Katalina,5
CT,F,2016,Kathleen,5
CT,F,2016,Kathryn,5
CT,F,2016,Kenzi,5
CT,F,2016,Kiara,5
CT,F,2016,Laylah,5
CT,F,2016,Lianna,5
CT,F,2016,Lilith,5
CT,F,2016,Liv,5
CT,F,2016,Louise,5
CT,F,2016,Madalyn,5
CT,F,2016,Magnolia,5
CT,F,2016,Marcella,5
CT,F,2016,Mariella,5
CT,F,2016,Maryam,5
CT,F,2016,Matilda,5
CT,F,2016,Meadow,5
CT,F,2016,Melania,5
CT,F,2016,Melany,5
CT,F,2016,Miah,5
CT,F,2016,Milan,5
CT,F,2016,Mildred,5
CT,F,2016,Mira,5
CT,F,2016,Myla,5
CT,F,2016,Nailah,5
CT,F,2016,Nariah,5
CT,F,2016,Nola,5
CT,F,2016,Olive,5
CT,F,2016,Philippa,5
CT,F,2016,Reign,5
CT,F,2016,Reina,5
CT,F,2016,River,5
CT,F,2016,Riya,5
CT,F,2016,Rosie,5
CT,F,2016,Saanvi,5
CT,F,2016,Saniya,5
CT,F,2016,Saylor,5
CT,F,2016,Shayla,5
CT,F,2016,Shea,5
CT,F,2016,Siya,5
CT,F,2016,Tenley,5
CT,F,2016,Tess,5
CT,F,2016,Tori,5
CT,F,2016,Willa,5
CT,F,2016,Zaria,5
CT,F,2016,Zendaya,5
CT,F,2017,Olivia,230
CT,F,2017,Emma,220
CT,F,2017,Ava,169
CT,F,2017,Mia,162
CT,F,2017,Sophia,160
CT,F,2017,Isabella,157
CT,F,2017,Charlotte,149
CT,F,2017,Amelia,135
CT,F,2017,Grace,121
CT,F,2017,Ella,118
CT,F,2017,Avery,115
CT,F,2017,Abigail,114
CT,F,2017,Madison,112
CT,F,2017,Emily,92
CT,F,2017,Harper,88
CT,F,2017,Aria,87
CT,F,2017,Nora,85
CT,F,2017,Victoria,85
CT,F,2017,Riley,82
CT,F,2017,Sofia,80
CT,F,2017,Chloe,77
CT,F,2017,Hannah,74
CT,F,2017,Gianna,73
CT,F,2017,Lily,73
CT,F,2017,Gabriella,72
CT,F,2017,Scarlett,72
CT,F,2017,Penelope,71
CT,F,2017,Savannah,71
CT,F,2017,Natalie,70
CT,F,2017,Evelyn,69
CT,F,2017,Elizabeth,66
CT,F,2017,Eleanor,65
CT,F,2017,Mila,65
CT,F,2017,Maya,64
CT,F,2017,Aubrey,63
CT,F,2017,Stella,63
CT,F,2017,Lillian,62
CT,F,2017,Camila,61
CT,F,2017,Skylar,61
CT,F,2017,Layla,60
CT,F,2017,Julia,59
CT,F,2017,Hailey,58
CT,F,2017,Emilia,57
CT,F,2017,Samantha,55
CT,F,2017,Lucy,54
CT,F,2017,Zoe,54
CT,F,2017,Ariana,52
CT,F,2017,Eva,52
CT,F,2017,Bella,50
CT,F,2017,Liliana,50
CT,F,2017,Mackenzie,49
CT,F,2017,Sarah,49
CT,F,2017,Valentina,48
CT,F,2017,Zoey,48
CT,F,2017,Luna,47
CT,F,2017,Madelyn,47
CT,F,2017,Anna,45
CT,F,2017,Aurora,44
CT,F,2017,Caroline,44
CT,F,2017,Leah,44
CT,F,2017,Addison,43
CT,F,2017,Violet,43
CT,F,2017,Adeline,42
CT,F,2017,Alice,42
CT,F,2017,Brooklyn,42
CT,F,2017,Claire,42
CT,F,2017,Juliana,42
CT,F,2017,Genesis,41
CT,F,2017,Quinn,40
CT,F,2017,Alexandra,39
CT,F,2017,Kaylee,39
CT,F,2017,Madeline,39
CT,F,2017,Aaliyah,38
CT,F,2017,Ellie,38
CT,F,2017,Arianna,37
CT,F,2017,Audrey,37
CT,F,2017,Autumn,37
CT,F,2017,Isla,36
CT,F,2017,Josephine,36
CT,F,2017,Molly,36
CT,F,2017,Sienna,36
CT,F,2017,Cora,35
CT,F,2017,Hazel,34
CT,F,2017,Isabelle,34
CT,F,2017,Elena,33
CT,F,2017,Kennedy,33
CT,F,2017,Margaret,33
CT,F,2017,Sophie,33
CT,F,2017,Teagan,33
CT,F,2017,Natalia,32
CT,F,2017,Peyton,32
CT,F,2017,Allison,31
CT,F,2017,Brooke,31
CT,F,2017,Clara,31
CT,F,2017,Eliana,31
CT,F,2017,Eliza,31
CT,F,2017,Fiona,31
CT,F,2017,Maria,31
CT,F,2017,Sydney,31
CT,F,2017,Brianna,30
CT,F,2017,Eloise,30
CT,F,2017,Ruby,29
CT,F,2017,Arya,28
CT,F,2017,Sadie,28
CT,F,2017,Taylor,28
CT,F,2017,Ashley,27
CT,F,2017,Delilah,27
CT,F,2017,Faith,27
CT,F,2017,Jade,27
CT,F,2017,Kayla,27
CT,F,2017,Naomi,27
CT,F,2017,Norah,27
CT,F,2017,Brielle,26
CT,F,2017,Reagan,26
CT,F,2017,Rylee,26
CT,F,2017,Vivian,26
CT,F,2017,Alexa,25
CT,F,2017,Cecilia,25
CT,F,2017,Julianna,25
CT,F,2017,Lydia,25
CT,F,2017,Lyla,25
CT,F,2017,Nova,25
CT,F,2017,Sloane,25
CT,F,2017,Tessa,25
CT,F,2017,Anastasia,24
CT,F,2017,Isabel,24
CT,F,2017,Katherine,24
CT,F,2017,Piper,24
CT,F,2017,Rose,24
CT,F,2017,Willow,24
CT,F,2017,Adriana,23
CT,F,2017,Annabelle,23
CT,F,2017,Hadley,23
CT,F,2017,Jocelyn,23
CT,F,2017,Nevaeh,23
CT,F,2017,Paige,23
CT,F,2017,Reese,23
CT,F,2017,Alana,22
CT,F,2017,Callie,22
CT,F,2017,Maeve,22
CT,F,2017,Mary,22
CT,F,2017,Adalyn,21
CT,F,2017,Alexis,21
CT,F,2017,Alivia,21
CT,F,2017,Aliyah,21
CT,F,2017,Ariella,21
CT,F,2017,Athena,21
CT,F,2017,Emerson,21
CT,F,2017,Ivy,21
CT,F,2017,Makayla,21
CT,F,2017,Melanie,21
CT,F,2017,Melody,21
CT,F,2017,Serenity,21
CT,F,2017,Vivienne,21
CT,F,2017,Alaina,20
CT,F,2017,Arabella,20
CT,F,2017,Finley,20
CT,F,2017,Juliette,20
CT,F,2017,Khloe,20
CT,F,2017,Kinsley,20
CT,F,2017,Laila,20
CT,F,2017,Lia,20
CT,F,2017,Morgan,20
CT,F,2017,Alina,19
CT,F,2017,Alyssa,19
CT,F,2017,Aubree,19
CT,F,2017,Cali,19
CT,F,2017,Lila,19
CT,F,2017,Rebecca,19
CT,F,2017,Genevieve,18
CT,F,2017,Juliet,18
CT,F,2017,Lucia,18
CT,F,2017,Paisley,18
CT,F,2017,Payton,18
CT,F,2017,Summer,18
CT,F,2017,Valerie,18
CT,F,2017,Charlie,17
CT,F,2017,Gabriela,17
CT,F,2017,Gemma,17
CT,F,2017,Giuliana,17
CT,F,2017,Kylie,17
CT,F,2017,Nyla,17
CT,F,2017,Amina,16
CT,F,2017,Cassidy,16
CT,F,2017,Catherine,16
CT,F,2017,Gia,16
CT,F,2017,Jasmine,16
CT,F,2017,Jayla,16
CT,F,2017,Keira,16
CT,F,2017,Lauren,16
CT,F,2017,Mya,16
CT,F,2017,Sara,16
CT,F,2017,Zara,16
CT,F,2017,Ainsley,15
CT,F,2017,Alessandra,15
CT,F,2017,Amiyah,15
CT,F,2017,Amy,15
CT,F,2017,Avianna,15
CT,F,2017,Bianca,15
CT,F,2017,Brynn,15
CT,F,2017,Catalina,15
CT,F,2017,Cecelia,15
CT,F,2017,Delaney,15
CT,F,2017,Everly,15
CT,F,2017,Iris,15
CT,F,2017,Joy,15
CT,F,2017,Kendall,15
CT,F,2017,Leila,15
CT,F,2017,Leilani,15
CT,F,2017,Lilah,15
CT,F,2017,Mckenzie,15
CT,F,2017,Michelle,15
CT,F,2017,Rachel,15
CT,F,2017,Rowan,15
CT,F,2017,Sage,15
CT,F,2017,Willa,15
CT,F,2017,Amaya,14
CT,F,2017,Camille,14
CT,F,2017,Kiara,14
CT,F,2017,Kiera,14
CT,F,2017,Kimberly,14
CT,F,2017,London,14
CT,F,2017,Malia,14
CT,F,2017,Mariah,14
CT,F,2017,Michaela,14
CT,F,2017,Viviana,14
CT,F,2017,Alessia,13
CT,F,2017,Andrea,13
CT,F,2017,Angela,13
CT,F,2017,Angelina,13
CT,F,2017,Ariah,13
CT,F,2017,Bailey,13
CT,F,2017,Christina,13
CT,F,2017,Colette,13
CT,F,2017,Daniela,13
CT,F,2017,Diana,13
CT,F,2017,Eden,13
CT,F,2017,Elliana,13
CT,F,2017,Erin,13
CT,F,2017,Esther,13
CT,F,2017,Eve,13
CT,F,2017,Freya,13
CT,F,2017,Giana,13
CT,F,2017,Harmony,13
CT,F,2017,Liana,13
CT,F,2017,Nina,13
CT,F,2017,Paris,13
CT,F,2017,Sawyer,13
CT,F,2017,Veronica,13
CT,F,2017,Adalynn,12
CT,F,2017,Adelina,12
CT,F,2017,Adrianna,12
CT,F,2017,Alayna,12
CT,F,2017,Amara,12
CT,F,2017,Ayla,12
CT,F,2017,Daphne,12
CT,F,2017,Elle,12
CT,F,2017,Emery,12
CT,F,2017,Evangeline,12
CT,F,2017,Francesca,12
CT,F,2017,Jordyn,12
CT,F,2017,Kaia,12
CT,F,2017,Kaitlyn,12
CT,F,2017,Lilliana,12
CT,F,2017,Logan,12
CT,F,2017,Luciana,12
CT,F,2017,Madeleine,12
CT,F,2017,Marley,12
CT,F,2017,Mikayla,12
CT,F,2017,Parker,12
CT,F,2017,Sabrina,12
CT,F,2017,Trinity,12
CT,F,2017,Adelaide,11
CT,F,2017,Adelyn,11
CT,F,2017,Alanna,11
CT,F,2017,Amalia,11
CT,F,2017,Ariyah,11
CT,F,2017,Blake,11
CT,F,2017,Camilla,11
CT,F,2017,Camryn,11
CT,F,2017,Daisy,11
CT,F,2017,Dakota,11
CT,F,2017,Elaina,11
CT,F,2017,Elisa,11
CT,F,2017,Izabella,11
CT,F,2017,Kamila,11
CT,F,2017,Lana,11
CT,F,2017,Mckenna,11
CT,F,2017,Melina,11
CT,F,2017,Mira,11
CT,F,2017,Myla,11
CT,F,2017,Myra,11
CT,F,2017,Rosalie,11
CT,F,2017,Ryan,11
CT,F,2017,Samara,11
CT,F,2017,Sarai,11
CT,F,2017,Serena,11
CT,F,2017,Skye,11
CT,F,2017,Talia,11
CT,F,2017,Whitney,11
CT,F,2017,Adaline,10
CT,F,2017,Alani,10
CT,F,2017,Alicia,10
CT,F,2017,Anaya,10
CT,F,2017,Anya,10
CT,F,2017,Briella,10
CT,F,2017,Destiny,10
CT,F,2017,Dylan,10
CT,F,2017,Elise,10
CT,F,2017,Georgia,10
CT,F,2017,Haley,10
CT,F,2017,Hanna,10
CT,F,2017,Jacqueline,10
CT,F,2017,Jennifer,10
CT,F,2017,Jillian,10
CT,F,2017,Lilly,10
CT,F,2017,Madisyn,10
CT,F,2017,Nicole,10
CT,F,2017,Noelle,10
CT,F,2017,Phoebe,10
CT,F,2017,Raegan,10
CT,F,2017,Sylvia,10
CT,F,2017,Valeria,10
CT,F,2017,Vanessa,10
CT,F,2017,Zuri,10
CT,F,2017,Aliya,9
CT,F,2017,Aniyah,9
CT,F,2017,Ariel,9
CT,F,2017,Averie,9
CT,F,2017,Cameron,9
CT,F,2017,Cataleya,9
CT,F,2017,Harley,9
CT,F,2017,Hayley,9
CT,F,2017,Heaven,9
CT,F,2017,Hunter,9
CT,F,2017,Jayleen,9
CT,F,2017,Jessica,9
CT,F,2017,Kali,9
CT,F,2017,Kate,9
CT,F,2017,Kaya,9
CT,F,2017,Kira,9
CT,F,2017,Lina,9
CT,F,2017,Liv,9
CT,F,2017,Lola,9
CT,F,2017,Londyn,9
CT,F,2017,Lorelai,9
CT,F,2017,Maddison,9
CT,F,2017,Makenzie,9
CT,F,2017,Margot,9
CT,F,2017,Meadow,9
CT,F,2017,Phoenix,9
CT,F,2017,Raelynn,9
CT,F,2017,Siena,9
CT,F,2017,Skyla,9
CT,F,2017,Thea,9
CT,F,2017,Winter,9
CT,F,2017,Amira,8
CT,F,2017,Ana,8
CT,F,2017,Annalise,8
CT,F,2017,Antonella,8
CT,F,2017,Aviana,8
CT,F,2017,Briana,8
CT,F,2017,Carmen,8
CT,F,2017,Danielle,8
CT,F,2017,Everleigh,8
CT,F,2017,Gabrielle,8
CT,F,2017,Harlow,8
CT,F,2017,Helen,8
CT,F,2017,Hope,8
CT,F,2017,Jenna,8
CT,F,2017,Jolene,8
CT,F,2017,Jordan,8
CT,F,2017,Karina,8
CT,F,2017,Katelyn,8
CT,F,2017,Katie,8
CT,F,2017,Laura,8
CT,F,2017,Leslie,8
CT,F,2017,Lucille,8
CT,F,2017,Madilyn,8
CT,F,2017,Mariana,8
CT,F,2017,Melissa,8
CT,F,2017,Miriam,8
CT,F,2017,Presley,8
CT,F,2017,River,8
CT,F,2017,Rylie,8
CT,F,2017,Salma,8
CT,F,2017,Simone,8
CT,F,2017,Stephanie,8
CT,F,2017,Vera,8
CT,F,2017,Zoya,8
CT,F,2017,Aadhya,7
CT,F,2017,Ada,7
CT,F,2017,Adelynn,7
CT,F,2017,Aisha,7
CT,F,2017,Alia,7
CT,F,2017,Alondra,7
CT,F,2017,Amia,7
CT,F,2017,Anais,7
CT,F,2017,Angelica,7
CT,F,2017,Annabel,7
CT,F,2017,Arden,7
CT,F,2017,Arielle,7
CT,F,2017,Armani,7
CT,F,2017,Astrid,7
CT,F,2017,Chanel,7
CT,F,2017,Daniella,7
CT,F,2017,Emelia,7
CT,F,2017,Emmy,7
CT,F,2017,Evie,7
CT,F,2017,Felicity,7
CT,F,2017,Frances,7
CT,F,2017,Giselle,7
CT,F,2017,Giulia,7
CT,F,2017,Heavenly,7
CT,F,2017,Helena,7
CT,F,2017,Holly,7
CT,F,2017,Imani,7
CT,F,2017,Jamie,7
CT,F,2017,Jane,7
CT,F,2017,Janelle,7
CT,F,2017,Jayda,7
CT,F,2017,Jazlyn,7
CT,F,2017,Johanna,7
CT,F,2017,Journee,7
CT,F,2017,Julie,7
CT,F,2017,June,7
CT,F,2017,Katerina,7
CT,F,2017,Kathryn,7
CT,F,2017,Kaylani,7
CT,F,2017,Kehlani,7
CT,F,2017,Kelly,7
CT,F,2017,Kelsey,7
CT,F,2017,Laurel,7
CT,F,2017,Lena,7
CT,F,2017,Lilianna,7
CT,F,2017,Linnea,7
CT,F,2017,Livia,7
CT,F,2017,Maggie,7
CT,F,2017,Maia,7
CT,F,2017,Maisie,7
CT,F,2017,Maliyah,7
CT,F,2017,Matilda,7
CT,F,2017,Micaela,7
CT,F,2017,Miranda,7
CT,F,2017,Natasha,7
CT,F,2017,Nylah,7
CT,F,2017,Olive,7
CT,F,2017,Raelyn,7
CT,F,2017,Ruth,7
CT,F,2017,Ryleigh,7
CT,F,2017,Saige,7
CT,F,2017,Shea,7
CT,F,2017,Sierra,7
CT,F,2017,Skyler,7
CT,F,2017,Zahra,7
CT,F,2017,Abby,6
CT,F,2017,Alejandra,6
CT,F,2017,Alexandria,6
CT,F,2017,Aliana,6
CT,F,2017,Annabella,6
CT,F,2017,Annie,6
CT,F,2017,Antonia,6
CT,F,2017,Ashlyn,6
CT,F,2017,Aubriella,6
CT,F,2017,Brooklynn,6
CT,F,2017,Carmella,6
CT,F,2017,Celine,6
CT,F,2017,Charleigh,6
CT,F,2017,Chelsea,6
CT,F,2017,Clementine,6
CT,F,2017,Demi,6
CT,F,2017,Elianna,6
CT,F,2017,Elliott,6
CT,F,2017,Elsa,6
CT,F,2017,Emely,6
CT,F,2017,Estella,6
CT,F,2017,Fatima,6
CT,F,2017,Giovanna,6
CT,F,2017,Gwendolyn,6
CT,F,2017,Joanna,6
CT,F,2017,Josie,6
CT,F,2017,Kailani,6
CT,F,2017,Kailey,6
CT,F,2017,Kaliyah,6
CT,F,2017,Kamilah,6
CT,F,2017,Kimora,6
CT,F,2017,Kristina,6
CT,F,2017,Kyla,6
CT,F,2017,Lea,6
CT,F,2017,Leela,6
CT,F,2017,Leia,6
CT,F,2017,Lexi,6
CT,F,2017,Lianna,6
CT,F,2017,Lilia,6
CT,F,2017,Lyric,6
CT,F,2017,Mabel,6
CT,F,2017,Madelynn,6
CT,F,2017,Magnolia,6
CT,F,2017,Marie,6
CT,F,2017,Natalee,6
CT,F,2017,Nia,6
CT,F,2017,Octavia,6
CT,F,2017,Reina,6
CT,F,2017,Remi,6
CT,F,2017,Rosemary,6
CT,F,2017,Tatum,6
CT,F,2017,Thalia,6
CT,F,2017,Addilyn,5
CT,F,2017,Alaya,5
CT,F,2017,Aleena,5
CT,F,2017,Aliza,5
CT,F,2017,Alma,5
CT,F,2017,Amanda,5
CT,F,2017,Amani,5
CT,F,2017,Amber,5
CT,F,2017,Aminah,5
CT,F,2017,Angelise,5
CT,F,2017,Anne,5
CT,F,2017,Annika,5
CT,F,2017,April,5
CT,F,2017,Ariya,5
CT,F,2017,Aryanna,5
CT,F,2017,Aubrie,5
CT,F,2017,Avalynn,5
CT,F,2017,Averi,5
CT,F,2017,Beatrice,5
CT,F,2017,Bonnie,5
CT,F,2017,Braelynn,5
CT,F,2017,Bridget,5
CT,F,2017,Brinley,5
CT,F,2017,Cadence,5
CT,F,2017,Calliope,5
CT,F,2017,Carina,5
CT,F,2017,Carter,5
CT,F,2017,Charlee,5
CT,F,2017,Charley,5
CT,F,2017,Chiara,5
CT,F,2017,Crystal,5
CT,F,2017,Dahlia,5
CT,F,2017,Davina,5
CT,F,2017,Devyn,5
CT,F,2017,Edith,5
CT,F,2017,Elsie,5
CT,F,2017,Emersyn,5
CT,F,2017,Emiliana,5
CT,F,2017,Esmeralda,5
CT,F,2017,Evelynn,5
CT,F,2017,Giada,5
CT,F,2017,Giavanna,5
CT,F,2017,Gracelyn,5
CT,F,2017,Gracelynn,5
CT,F,2017,Gwyneth,5
CT,F,2017,Hailee,5
CT,F,2017,Hayden,5
CT,F,2017,Hudson,5
CT,F,2017,Jaliyah,5
CT,F,2017,Jana,5
CT,F,2017,Janessa,5
CT,F,2017,Jaylah,5
CT,F,2017,Jaylani,5
CT,F,2017,Jewel,5
CT,F,2017,Josephina,5
CT,F,2017,Journey,5
CT,F,2017,Kara,5
CT,F,2017,Kensington,5
CT,F,2017,Kenzie,5
CT,F,2017,Kylee,5
CT,F,2017,Lacey,5
CT,F,2017,Lailah,5
CT,F,2017,Leanna,5
CT,F,2017,Leena,5
CT,F,2017,Lennox,5
CT,F,2017,Luisa,5
CT,F,2017,Macy,5
CT,F,2017,Makenna,5
CT,F,2017,Marina,5
CT,F,2017,Marjorie,5
CT,F,2017,Megan,5
CT,F,2017,Mikaela,5
CT,F,2017,Milan,5
CT,F,2017,Miley,5
CT,F,2017,Miyah,5
CT,F,2017,Nalani,5
CT,F,2017,Nathalie,5
CT,F,2017,Nori,5
CT,F,2017,Raven,5
CT,F,2017,Rihanna,5
CT,F,2017,Sahasra,5
CT,F,2017,Sana,5
CT,F,2017,Sariah,5
CT,F,2017,Savanna,5
CT,F,2017,Shelby,5
CT,F,2017,Shreya,5
CT,F,2017,Shriya,5
CT,F,2017,Sonia,5
CT,F,2017,Tara,5
CT,F,2017,Tori,5
CT,F,2017,Vida,5
CT,F,2017,Wren,5
CT,F,2017,Xena,5
CT,F,2017,Yasmin,5
CT,F,2017,Zaniyah,5
CT,F,2017,Zariah,5
CT,F,2018,Olivia,203
CT,F,2018,Emma,201
CT,F,2018,Isabella,181
CT,F,2018,Charlotte,171
CT,F,2018,Ava,168
CT,F,2018,Sophia,164
CT,F,2018,Mia,160
CT,F,2018,Amelia,136
CT,F,2018,Abigail,128
CT,F,2018,Ella,117
CT,F,2018,Avery,106
CT,F,2018,Sofia,106
CT,F,2018,Madison,103
CT,F,2018,Grace,101
CT,F,2018,Emily,97
CT,F,2018,Aria,95
CT,F,2018,Nora,84
CT,F,2018,Riley,83
CT,F,2018,Gabriella,82
CT,F,2018,Elizabeth,80
CT,F,2018,Victoria,80
CT,F,2018,Harper,79
CT,F,2018,Mila,78
CT,F,2018,Lily,77
CT,F,2018,Gianna,73
CT,F,2018,Stella,73
CT,F,2018,Hannah,71
CT,F,2018,Evelyn,69
CT,F,2018,Penelope,69
CT,F,2018,Scarlett,69
CT,F,2018,Zoe,67
CT,F,2018,Emilia,66
CT,F,2018,Chloe,65
CT,F,2018,Layla,65
CT,F,2018,Camila,63
CT,F,2018,Luna,62
CT,F,2018,Claire,60
CT,F,2018,Valentina,60
CT,F,2018,Addison,59
CT,F,2018,Hailey,57
CT,F,2018,Natalie,56
CT,F,2018,Ariana,55
CT,F,2018,Julia,55
CT,F,2018,Anna,54
CT,F,2018,Eleanor,53
CT,F,2018,Madelyn,53
CT,F,2018,Maya,53
CT,F,2018,Aubrey,52
CT,F,2018,Savannah,51
CT,F,2018,Violet,51
CT,F,2018,Lillian,50
CT,F,2018,Caroline,49
CT,F,2018,Skylar,49
CT,F,2018,Zoey,48
CT,F,2018,Bella,46
CT,F,2018,Mackenzie,44
CT,F,2018,Eva,43
CT,F,2018,Isla,43
CT,F,2018,Quinn,43
CT,F,2018,Samantha,43
CT,F,2018,Nova,42
CT,F,2018,Liliana,41
CT,F,2018,Audrey,40
CT,F,2018,Leah,40
CT,F,2018,Adeline,38
CT,F,2018,Brooklyn,38
CT,F,2018,Sophie,38
CT,F,2018,Clara,37
CT,F,2018,Everly,37
CT,F,2018,Isabelle,37
CT,F,2018,Alexandra,36
CT,F,2018,Cora,36
CT,F,2018,Eliana,36
CT,F,2018,Kaylee,36
CT,F,2018,Aaliyah,35
CT,F,2018,Elena,35
CT,F,2018,Margaret,35
CT,F,2018,Ellie,34
CT,F,2018,Genesis,34
CT,F,2018,Josephine,34
CT,F,2018,Juliette,34
CT,F,2018,Lucy,34
CT,F,2018,Sarah,34
CT,F,2018,Kennedy,33
CT,F,2018,Arianna,32
CT,F,2018,Brianna,32
CT,F,2018,Taylor,32
CT,F,2018,Alice,31
CT,F,2018,Brielle,31
CT,F,2018,Peyton,31
CT,F,2018,Piper,31
CT,F,2018,Sydney,31
CT,F,2018,Aurora,30
CT,F,2018,Eloise,30
CT,F,2018,Madeline,30
CT,F,2018,Norah,30
CT,F,2018,Sienna,30
CT,F,2018,Vivian,30
CT,F,2018,Autumn,29
CT,F,2018,Angelina,28
CT,F,2018,Brooke,28
CT,F,2018,Fiona,28
CT,F,2018,Hadley,28
CT,F,2018,Jade,28
CT,F,2018,Kinsley,28
CT,F,2018,Lyla,28
CT,F,2018,Maria,28
CT,F,2018,Sadie,27
CT,F,2018,Adriana,26
CT,F,2018,Cecilia,26
CT,F,2018,Hazel,26
CT,F,2018,Isabel,26
CT,F,2018,Lia,26
CT,F,2018,Rose,26
CT,F,2018,Rylee,26
CT,F,2018,Aubree,25
CT,F,2018,Juliana,25
CT,F,2018,Leila,25
CT,F,2018,Ivy,24
CT,F,2018,Katherine,24
CT,F,2018,Naomi,24
CT,F,2018,Willow,24
CT,F,2018,Alyssa,23
CT,F,2018,Annabelle,23
CT,F,2018,Faith,23
CT,F,2018,Kylie,23
CT,F,2018,Leilani,23
CT,F,2018,Maeve,23
CT,F,2018,Mckenna,23
CT,F,2018,Ruby,23
CT,F,2018,Serenity,23
CT,F,2018,Teagan,23
CT,F,2018,Alexa,22
CT,F,2018,Arya,22
CT,F,2018,Callie,22
CT,F,2018,Melody,22
CT,F,2018,Molly,22
CT,F,2018,Morgan,22
CT,F,2018,Natalia,22
CT,F,2018,Noelle,22
CT,F,2018,Parker,22
CT,F,2018,Rowan,22
CT,F,2018,Adelyn,21
CT,F,2018,Aniyah,21
CT,F,2018,Finley,21
CT,F,2018,Genevieve,21
CT,F,2018,Kayla,21
CT,F,2018,Reese,21
CT,F,2018,Sloane,21
CT,F,2018,Aliyah,20
CT,F,2018,Allison,20
CT,F,2018,Ayla,20
CT,F,2018,Eliza,20
CT,F,2018,Gabrielle,20
CT,F,2018,Mya,20
CT,F,2018,Tessa,20
CT,F,2018,Zara,20
CT,F,2018,Amaya,19
CT,F,2018,Delilah,19
CT,F,2018,Emerson,19
CT,F,2018,Julianna,19
CT,F,2018,Lucia,19
CT,F,2018,Lydia,19
CT,F,2018,Paige,19
CT,F,2018,Paisley,19
CT,F,2018,Siena,19
CT,F,2018,Trinity,19
CT,F,2018,Alana,18
CT,F,2018,Anastasia,18
CT,F,2018,Ashley,18
CT,F,2018,Catalina,18
CT,F,2018,Diana,18
CT,F,2018,Gemma,18
CT,F,2018,Kehlani,18
CT,F,2018,Laila,18
CT,F,2018,Lana,18
CT,F,2018,Mary,18
CT,F,2018,Vanessa,18
CT,F,2018,Alina,17
CT,F,2018,Amara,17
CT,F,2018,Amina,17
CT,F,2018,Ariella,17
CT,F,2018,Dakota,17
CT,F,2018,Elle,17
CT,F,2018,Jocelyn,17
CT,F,2018,Juliet,17
CT,F,2018,Kiara,17
CT,F,2018,Laura,17
CT,F,2018,Nevaeh,17
CT,F,2018,Nina,17
CT,F,2018,Summer,17
CT,F,2018,Alessandra,16
CT,F,2018,Blake,16
CT,F,2018,Khloe,16
CT,F,2018,Lilliana,16
CT,F,2018,Melanie,16
CT,F,2018,Reagan,16
CT,F,2018,Andrea,15
CT,F,2018,Annie,15
CT,F,2018,Ariel,15
CT,F,2018,Cali,15
CT,F,2018,Daniela,15
CT,F,2018,Delaney,15
CT,F,2018,Evangeline,15
CT,F,2018,Gabriela,15
CT,F,2018,Izabella,15
CT,F,2018,Josie,15
CT,F,2018,Makayla,15
CT,F,2018,Malia,15
CT,F,2018,Phoebe,15
CT,F,2018,Raegan,15
CT,F,2018,Vivienne,15
CT,F,2018,Antonella,14
CT,F,2018,Arabella,14
CT,F,2018,Brooklynn,14
CT,F,2018,Catherine,14
CT,F,2018,Daisy,14
CT,F,2018,Dylan,14
CT,F,2018,Francesca,14
CT,F,2018,Hope,14
CT,F,2018,Iris,14
CT,F,2018,Selena,14
CT,F,2018,Adrianna,13
CT,F,2018,Alicia,13
CT,F,2018,Athena,13
CT,F,2018,Bianca,13
CT,F,2018,Camilla,13
CT,F,2018,Camille,13
CT,F,2018,Daniella,13
CT,F,2018,Emery,13
CT,F,2018,Eve,13
CT,F,2018,Georgia,13
CT,F,2018,Jane,13
CT,F,2018,Jayla,13
CT,F,2018,June,13
CT,F,2018,Kaia,13
CT,F,2018,Kamila,13
CT,F,2018,Kendall,13
CT,F,2018,Lauren,13
CT,F,2018,Lena,13
CT,F,2018,Lilah,13
CT,F,2018,Lilly,13
CT,F,2018,Melissa,13
CT,F,2018,Michelle,13
CT,F,2018,Nyla,13
CT,F,2018,Olive,13
CT,F,2018,Sara,13
CT,F,2018,Sawyer,13
CT,F,2018,Stephanie,13
CT,F,2018,Thea,13
CT,F,2018,Veronica,13
CT,F,2018,Alessia,12
CT,F,2018,Amanda,12
CT,F,2018,Amira,12
CT,F,2018,Amiyah,12
CT,F,2018,Arielle,12
CT,F,2018,Ariyah,12
CT,F,2018,Aviana,12
CT,F,2018,Elliana,12
CT,F,2018,Emmie,12
CT,F,2018,Haley,12
CT,F,2018,Hanna,12
CT,F,2018,Joanna,12
CT,F,2018,Kelsey,12
CT,F,2018,Lola,12
CT,F,2018,Londyn,12
CT,F,2018,Luciana,12
CT,F,2018,Lucille,12
CT,F,2018,Matilda,12
CT,F,2018,Mikayla,12
CT,F,2018,Millie,12
CT,F,2018,Payton,12
CT,F,2018,Sage,12
CT,F,2018,Valeria,12
CT,F,2018,Adelaide,11
CT,F,2018,Alexis,11
CT,F,2018,Alivia,11
CT,F,2018,Amaia,11
CT,F,2018,Amy,11
CT,F,2018,Ana,11
CT,F,2018,Avianna,11
CT,F,2018,Briella,11
CT,F,2018,Casey,11
CT,F,2018,Cataleya,11
CT,F,2018,Dahlia,11
CT,F,2018,Elise,11
CT,F,2018,Erin,11
CT,F,2018,Gia,11
CT,F,2018,Hayden,11
CT,F,2018,Jasmine,11
CT,F,2018,Khaleesi,11
CT,F,2018,Mae,11
CT,F,2018,Maryam,11
CT,F,2018,Michaela,11
CT,F,2018,Milani,11
CT,F,2018,Rosalie,11
CT,F,2018,Rosemary,11
CT,F,2018,Scarlet,11
CT,F,2018,Talia,11
CT,F,2018,Willa,11
CT,F,2018,Angela,10
CT,F,2018,Bailey,10
CT,F,2018,Brynn,10
CT,F,2018,Emersyn,10
CT,F,2018,Freya,10
CT,F,2018,Harley,10
CT,F,2018,Jessica,10
CT,F,2018,Kylee,10
CT,F,2018,London,10
CT,F,2018,Madeleine,10
CT,F,2018,Marley,10
CT,F,2018,Nicole,10
CT,F,2018,Rachel,10
CT,F,2018,Rebecca,10
CT,F,2018,Remi,10
CT,F,2018,Ryan,10
CT,F,2018,Ryleigh,10
CT,F,2018,Valerie,10
CT,F,2018,Vera,10
CT,F,2018,Viviana,10
CT,F,2018,Adelina,9
CT,F,2018,Amber,9
CT,F,2018,Anaya,9
CT,F,2018,Anne,9
CT,F,2018,Ariah,9
CT,F,2018,Carina,9
CT,F,2018,Emmeline,9
CT,F,2018,Giovanna,9
CT,F,2018,Helena,9
CT,F,2018,Jaylah,9
CT,F,2018,Jordan,9
CT,F,2018,Kaitlyn,9
CT,F,2018,Kamilah,9
CT,F,2018,Kelly,9
CT,F,2018,Kimberly,9
CT,F,2018,Kyla,9
CT,F,2018,Leona,9
CT,F,2018,Lila,9
CT,F,2018,Mckenzie,9
CT,F,2018,Myla,9
CT,F,2018,Myra,9
CT,F,2018,Nayla,9
CT,F,2018,Nylah,9
CT,F,2018,Samara,9
CT,F,2018,Skye,9
CT,F,2018,Zaylee,9
CT,F,2018,Alaina,8
CT,F,2018,Alanna,8
CT,F,2018,Alayna,8
CT,F,2018,Amalia,8
CT,F,2018,Amani,8
CT,F,2018,Amari,8
CT,F,2018,Aniya,8
CT,F,2018,Annalise,8
CT,F,2018,Averie,8
CT,F,2018,Bria,8
CT,F,2018,Cameron,8
CT,F,2018,Cecelia,8
CT,F,2018,Charleigh,8
CT,F,2018,Eden,8
CT,F,2018,Esther,8
CT,F,2018,Frances,8
CT,F,2018,Giuliana,8
CT,F,2018,Harmony,8
CT,F,2018,Jaylani,8
CT,F,2018,Jenna,8
CT,F,2018,Kailani,8
CT,F,2018,Kaliyah,8
CT,F,2018,Kassidy,8
CT,F,2018,Katerina,8
CT,F,2018,Kenzie,8
CT,F,2018,Kiera,8
CT,F,2018,Liana,8
CT,F,2018,Lina,8
CT,F,2018,Logan,8
CT,F,2018,Mabel,8
CT,F,2018,Maisie,8
CT,F,2018,Maliyah,8
CT,F,2018,Margot,8
CT,F,2018,Melina,8
CT,F,2018,Nadia,8
CT,F,2018,Nala,8
CT,F,2018,Paris,8
CT,F,2018,Ruth,8
CT,F,2018,Sabrina,8
CT,F,2018,Serena,8
CT,F,2018,Zahra,8
CT,F,2018,Abby,7
CT,F,2018,Adalyn,7
CT,F,2018,Ainsley,7
CT,F,2018,Alia,7
CT,F,2018,Aliya,7
CT,F,2018,Angelica,7
CT,F,2018,Anika,7
CT,F,2018,Annabel,7
CT,F,2018,Annabella,7
CT,F,2018,Carmela,7
CT,F,2018,Carmen,7
CT,F,2018,Charlee,7
CT,F,2018,Charlie,7
CT,F,2018,Chelsea,7
CT,F,2018,Danielle,7
CT,F,2018,Daphne,7
CT,F,2018,Elianna,7
CT,F,2018,Elodie,7
CT,F,2018,Emelia,7
CT,F,2018,Emmy,7
CT,F,2018,Esme,7
CT,F,2018,Felicity,7
CT,F,2018,Giselle,7
CT,F,2018,Helen,7
CT,F,2018,Jacqueline,7
CT,F,2018,Jaylee,7
CT,F,2018,Jenesis,7
CT,F,2018,Journee,7
CT,F,2018,Journey,7
CT,F,2018,Kali,7
CT,F,2018,Kallie,7
CT,F,2018,Kate,7
CT,F,2018,Kaylani,7
CT,F,2018,Keira,7
CT,F,2018,Kira,7
CT,F,2018,Klara,7
CT,F,2018,Lara,7
CT,F,2018,Lea,7
CT,F,2018,Leia,7
CT,F,2018,Leighton,7
CT,F,2018,Louisa,7
CT,F,2018,Makenzie,7
CT,F,2018,Mariah,7
CT,F,2018,Meadow,7
CT,F,2018,Mikaela,7
CT,F,2018,Milan,7
CT,F,2018,Miracle,7
CT,F,2018,Myah,7
CT,F,2018,Nia,7
CT,F,2018,Noor,7
CT,F,2018,Ophelia,7
CT,F,2018,Raelynn,7
CT,F,2018,Remy,7
CT,F,2018,Rylie,7
CT,F,2018,Savanna,7
CT,F,2018,Shea,7
CT,F,2018,Shelby,7
CT,F,2018,Skyler,7
CT,F,2018,Zariyah,7
CT,F,2018,Ada,6
CT,F,2018,Adalynn,6
CT,F,2018,Aisha,6
CT,F,2018,Alani,6
CT,F,2018,Alejandra,6
CT,F,2018,Amora,6
CT,F,2018,Anya,6
CT,F,2018,Avalynn,6
CT,F,2018,Beatrice,6
CT,F,2018,Briana,6
CT,F,2018,Carla,6
CT,F,2018,Cassidy,6
CT,F,2018,Celeste,6
CT,F,2018,Charley,6
CT,F,2018,Crystal,6
CT,F,2018,Dallas,6
CT,F,2018,Dana,6
CT,F,2018,Edith,6
CT,F,2018,Elora,6
CT,F,2018,Everleigh,6
CT,F,2018,Fatima,6
CT,F,2018,Gracelyn,6
CT,F,2018,Hana,6
CT,F,2018,Harlow,6
CT,F,2018,Haylee,6
CT,F,2018,Heavenly,6
CT,F,2018,Isabela,6
CT,F,2018,Isha,6
CT,F,2018,Jada,6
CT,F,2018,Jana,6
CT,F,2018,Janiyah,6
CT,F,2018,Jayda,6
CT,F,2018,Johanna,6
CT,F,2018,Jordyn,6
CT,F,2018,Kaelyn,6
CT,F,2018,Kailey,6
CT,F,2018,Kalani,6
CT,F,2018,Katalina,6
CT,F,2018,Kathryn,6
CT,F,2018,Kensley,6
CT,F,2018,Leslie,6
CT,F,2018,Leyla,6
CT,F,2018,Lilith,6
CT,F,2018,Linda,6
CT,F,2018,Livia,6
CT,F,2018,Lyra,6
CT,F,2018,Lyric,6
CT,F,2018,Madelynn,6
CT,F,2018,Maggie,6
CT,F,2018,Maia,6
CT,F,2018,Mira,6
CT,F,2018,Miranda,6
CT,F,2018,Noemi,6
CT,F,2018,Penny,6
CT,F,2018,Phoenix,6
CT,F,2018,Reyna,6
CT,F,2018,Shiloh,6
CT,F,2018,Sierra,6
CT,F,2018,Sky,6
CT,F,2018,Skyla,6
CT,F,2018,Spencer,6
CT,F,2018,Winter,6
CT,F,2018,Wynter,6
CT,F,2018,Zora,6
CT,F,2018,Aadhya,5
CT,F,2018,Adelynn,5
CT,F,2018,Alaia,5
CT,F,2018,Aleena,5
CT,F,2018,Alexia,5
CT,F,2018,Alisson,5
CT,F,2018,Antonia,5
CT,F,2018,Ayanna,5
CT,F,2018,Blair,5
CT,F,2018,Braelynn,5
CT,F,2018,Brinley,5
CT,F,2018,Camryn,5
CT,F,2018,Carly,5
CT,F,2018,Cassandra,5
CT,F,2018,Celia,5
CT,F,2018,Christine,5
CT,F,2018,Colbie,5
CT,F,2018,Devyn,5
CT,F,2018,Egypt,5
CT,F,2018,Elisabeth,5
CT,F,2018,Ember,5
CT,F,2018,Evie,5
CT,F,2018,Giavanna,5
CT,F,2018,Giulia,5
CT,F,2018,Guinevere,5
CT,F,2018,Hayley,5
CT,F,2018,Holly,5
CT,F,2018,Imani,5
CT,F,2018,Janiah,5
CT,F,2018,Jazmin,5
CT,F,2018,Jillian,5
CT,F,2018,Joelle,5
CT,F,2018,Jolie,5
CT,F,2018,Kailee,5
CT,F,2018,Kaiya,5
CT,F,2018,Kamryn,5
CT,F,2018,Kayleigh,5
CT,F,2018,Kaylie,5
CT,F,2018,Kendra,5
CT,F,2018,Laylani,5
CT,F,2018,Lennon,5
CT,F,2018,Lexi,5
CT,F,2018,Lianna,5
CT,F,2018,Lorelei,5
CT,F,2018,Lyanna,5
CT,F,2018,Magnolia,5
CT,F,2018,Makenna,5
CT,F,2018,Malani,5
CT,F,2018,Marlie,5
CT,F,2018,Martha,5
CT,F,2018,Meera,5
CT,F,2018,Meghan,5
CT,F,2018,Mina,5
CT,F,2018,Monroe,5
CT,F,2018,Naila,5
CT,F,2018,Nalani,5
CT,F,2018,Natalya,5
CT,F,2018,Nathaly,5
CT,F,2018,Nola,5
CT,F,2018,Oakley,5
CT,F,2018,Octavia,5
CT,F,2018,Presley,5
CT,F,2018,Raelyn,5
CT,F,2018,Rayna,5
CT,F,2018,Rayne,5
CT,F,2018,Rosa,5
CT,F,2018,Royalty,5
CT,F,2018,Saanvi,5
CT,F,2018,Salma,5
CT,F,2018,Samaira,5
CT,F,2018,Saylor,5
CT,F,2018,Selina,5
CT,F,2018,Thalia,5
CT,F,2018,Valery,5
CT,F,2018,Zariah,5
CT,F,2018,Zuri,5
CT,F,2019,Olivia,235
CT,F,2019,Emma,200
CT,F,2019,Charlotte,170
CT,F,2019,Mia,164
CT,F,2019,Sophia,155
CT,F,2019,Amelia,154
CT,F,2019,Isabella,145
CT,F,2019,Ava,143
CT,F,2019,Ella,105
CT,F,2019,Harper,95
CT,F,2019,Grace,93
CT,F,2019,Madison,92
CT,F,2019,Riley,92
CT,F,2019,Evelyn,90
CT,F,2019,Sofia,90
CT,F,2019,Emily,89
CT,F,2019,Aria,85
CT,F,2019,Luna,85
CT,F,2019,Gianna,82
CT,F,2019,Penelope,82
CT,F,2019,Abigail,81
CT,F,2019,Avery,80
CT,F,2019,Scarlett,80
CT,F,2019,Gabriella,75
CT,F,2019,Mila,75
CT,F,2019,Chloe,74
CT,F,2019,Victoria,72
CT,F,2019,Elizabeth,71
CT,F,2019,Hannah,71
CT,F,2019,Zoe,71
CT,F,2019,Lily,68
CT,F,2019,Nora,67
CT,F,2019,Emilia,65
CT,F,2019,Violet,65
CT,F,2019,Camila,62
CT,F,2019,Hailey,61
CT,F,2019,Savannah,61
CT,F,2019,Valentina,60
CT,F,2019,Aubrey,59
CT,F,2019,Stella,59
CT,F,2019,Eleanor,58
CT,F,2019,Lillian,57
CT,F,2019,Lucy,57
CT,F,2019,Julia,52
CT,F,2019,Samantha,52
CT,F,2019,Layla,51
CT,F,2019,Natalie,51
CT,F,2019,Skylar,51
CT,F,2019,Leah,50
CT,F,2019,Mackenzie,49
CT,F,2019,Caroline,47
CT,F,2019,Madeline,47
CT,F,2019,Hazel,45
CT,F,2019,Anna,44
CT,F,2019,Audrey,44
CT,F,2019,Autumn,44
CT,F,2019,Bella,44
CT,F,2019,Madelyn,44
CT,F,2019,Zoey,44
CT,F,2019,Cora,43
CT,F,2019,Everly,43
CT,F,2019,Lyla,43
CT,F,2019,Nova,43
CT,F,2019,Eliana,41
CT,F,2019,Isla,41
CT,F,2019,Sophie,41
CT,F,2019,Ariana,39
CT,F,2019,Addison,38
CT,F,2019,Sarah,38
CT,F,2019,Sienna,38
CT,F,2019,Maya,37
CT,F,2019,Claire,36
CT,F,2019,Ruby,36
CT,F,2019,Aurora,35
CT,F,2019,Elena,35
CT,F,2019,Ellie,35
CT,F,2019,Isabelle,35
CT,F,2019,Josephine,35
CT,F,2019,Liliana,35
CT,F,2019,Quinn,35
CT,F,2019,Rose,35
CT,F,2019,Alexandra,34
CT,F,2019,Brooklyn,34
CT,F,2019,Peyton,34
CT,F,2019,Amaya,33
CT,F,2019,Brooke,33
CT,F,2019,Kennedy,33
CT,F,2019,Molly,33
CT,F,2019,Taylor,33
CT,F,2019,Alice,32
CT,F,2019,Faith,32
CT,F,2019,Juliana,32
CT,F,2019,Allison,31
CT,F,2019,Aaliyah,30
CT,F,2019,Arianna,30
CT,F,2019,Morgan,30
CT,F,2019,Fiona,29
CT,F,2019,Rylee,29
CT,F,2019,Anastasia,28
CT,F,2019,Brielle,28
CT,F,2019,Clara,28
CT,F,2019,Genesis,28
CT,F,2019,Katherine,28
CT,F,2019,Margaret,28
CT,F,2019,Sadie,28
CT,F,2019,Teagan,28
CT,F,2019,Willow,28
CT,F,2019,Adeline,27
CT,F,2019,Amara,27
CT,F,2019,Ariella,27
CT,F,2019,Brianna,27
CT,F,2019,Julianna,27
CT,F,2019,Serenity,27
CT,F,2019,Eloise,26
CT,F,2019,Eva,26
CT,F,2019,Ivy,26
CT,F,2019,Natalia,26
CT,F,2019,Athena,25
CT,F,2019,Isabel,25
CT,F,2019,Leila,25
CT,F,2019,Naomi,25
CT,F,2019,Reagan,25
CT,F,2019,Vivian,25
CT,F,2019,Delilah,24
CT,F,2019,Kinsley,24
CT,F,2019,Arya,23
CT,F,2019,Cecilia,23
CT,F,2019,Lila,23
CT,F,2019,Melody,23
CT,F,2019,Nevaeh,23
CT,F,2019,Alana,22
CT,F,2019,Angelina,22
CT,F,2019,Jade,22
CT,F,2019,Lia,22
CT,F,2019,Mckenna,22
CT,F,2019,Milani,22
CT,F,2019,Sloane,22
CT,F,2019,Adriana,21
CT,F,2019,Alaia,21
CT,F,2019,Alina,21
CT,F,2019,Alyssa,21
CT,F,2019,Ashley,21
CT,F,2019,Hadley,21
CT,F,2019,Kaylee,21
CT,F,2019,Leilani,21
CT,F,2019,Lena,21
CT,F,2019,Lucia,21
CT,F,2019,Maeve,21
CT,F,2019,Melanie,21
CT,F,2019,Noelle,21
CT,F,2019,Norah,21
CT,F,2019,Paige,21
CT,F,2019,Paisley,21
CT,F,2019,Sara,21
CT,F,2019,Sydney,21
CT,F,2019,Vivienne,21
CT,F,2019,Zuri,21
CT,F,2019,Alessia,20
CT,F,2019,Annabelle,20
CT,F,2019,Bailey,20
CT,F,2019,Eliza,20
CT,F,2019,Emerson,20
CT,F,2019,Juliette,20
CT,F,2019,Kylie,20
CT,F,2019,Makayla,20
CT,F,2019,Maria,20
CT,F,2019,Piper,20
CT,F,2019,Ayla,19
CT,F,2019,Charlie,19
CT,F,2019,Eden,19
CT,F,2019,Genevieve,19
CT,F,2019,Kayla,19
CT,F,2019,Parker,19
CT,F,2019,Reese,19
CT,F,2019,Gemma,18
CT,F,2019,Georgia,18
CT,F,2019,Giuliana,18
CT,F,2019,Kaia,18
CT,F,2019,Lydia,18
CT,F,2019,Payton,18
CT,F,2019,Zara,18
CT,F,2019,Delaney,17
CT,F,2019,Emery,17
CT,F,2019,Gabriela,17
CT,F,2019,Laila,17
CT,F,2019,Lilah,17
CT,F,2019,Malia,17
CT,F,2019,Rowan,17
CT,F,2019,Selena,17
CT,F,2019,Alaina,16
CT,F,2019,Alessandra,16
CT,F,2019,Aliyah,16
CT,F,2019,Aubree,16
CT,F,2019,Bianca,16
CT,F,2019,Catalina,16
CT,F,2019,Jasmine,16
CT,F,2019,Kehlani,16
CT,F,2019,Mckenzie,16
CT,F,2019,Nylah,16
CT,F,2019,Rachel,16
CT,F,2019,Raelynn,16
CT,F,2019,Summer,16
CT,F,2019,Adrianna,15
CT,F,2019,Alexa,15
CT,F,2019,Arielle,15
CT,F,2019,Daisy,15
CT,F,2019,Diana,15
CT,F,2019,Elliana,15
CT,F,2019,Emelia,15
CT,F,2019,Esther,15
CT,F,2019,Eve,15
CT,F,2019,Francesca,15
CT,F,2019,Hayden,15
CT,F,2019,Hope,15
CT,F,2019,Mya,15
CT,F,2019,Nina,15
CT,F,2019,Olive,15
CT,F,2019,Rosalie,15
CT,F,2019,Thea,15
CT,F,2019,Willa,15
CT,F,2019,Amina,14
CT,F,2019,Ariah,14
CT,F,2019,Blake,14
CT,F,2019,Cameron,14
CT,F,2019,Dahlia,14
CT,F,2019,Elise,14
CT,F,2019,Elle,14
CT,F,2019,Gia,14
CT,F,2019,Lilliana,14
CT,F,2019,Mary,14
CT,F,2019,Meadow,14
CT,F,2019,Michaela,14
CT,F,2019,Rebecca,14
CT,F,2019,Samara,14
CT,F,2019,Valerie,14
CT,F,2019,Adalyn,13
CT,F,2019,Alexis,13
CT,F,2019,Amalia,13
CT,F,2019,Aniyah,13
CT,F,2019,Callie,13
CT,F,2019,Catherine,13
CT,F,2019,Daniela,13
CT,F,2019,Daniella,13
CT,F,2019,Evangeline,13
CT,F,2019,Harmony,13
CT,F,2019,Izabella,13
CT,F,2019,Jordyn,13
CT,F,2019,Juliet,13
CT,F,2019,Leia,13
CT,F,2019,Liana,13
CT,F,2019,Madeleine,13
CT,F,2019,Nyla,13
CT,F,2019,Saoirse,13
CT,F,2019,Siena,13
CT,F,2019,Tessa,13
CT,F,2019,Amy,12
CT,F,2019,Dakota,12
CT,F,2019,Dylan,12
CT,F,2019,Emersyn,12
CT,F,2019,Finley,12
CT,F,2019,Helen,12
CT,F,2019,Journee,12
CT,F,2019,Juniper,12
CT,F,2019,Lauren,12
CT,F,2019,Logan,12
CT,F,2019,London,12
CT,F,2019,Londyn,12
CT,F,2019,Luciana,12
CT,F,2019,Margot,12
CT,F,2019,Marley,12
CT,F,2019,Mikayla,12
CT,F,2019,Vanessa,12
CT,F,2019,Vera,12
CT,F,2019,Veronica,12
CT,F,2019,Adaline,11
CT,F,2019,Ainsley,11
CT,F,2019,Amira,11
CT,F,2019,Antonella,11
CT,F,2019,Arabella,11
CT,F,2019,Averie,11
CT,F,2019,Cecelia,11
CT,F,2019,Gabrielle,11
CT,F,2019,Giovanna,11
CT,F,2019,Harlow,11
CT,F,2019,Helena,11
CT,F,2019,Jane,11
CT,F,2019,Journey,11
CT,F,2019,Kali,11
CT,F,2019,Kayleigh,11
CT,F,2019,Kiara,11
CT,F,2019,Lilly,11
CT,F,2019,Maisie,11
CT,F,2019,Nicole,11
CT,F,2019,Phoebe,11
CT,F,2019,Remi,11
CT,F,2019,Sage,11
CT,F,2019,Skyler,11
CT,F,2019,Ada,10
CT,F,2019,Alani,10
CT,F,2019,Alaya,10
CT,F,2019,Alivia,10
CT,F,2019,Ana,10
CT,F,2019,Anaya,10
CT,F,2019,Annie,10
CT,F,2019,Ariya,10
CT,F,2019,Bridget,10
CT,F,2019,Cali,10
CT,F,2019,Cassidy,10
CT,F,2019,Emely,10
CT,F,2019,Everleigh,10
CT,F,2019,Freya,10
CT,F,2019,Iris,10
CT,F,2019,Jacqueline,10
CT,F,2019,Jayla,10
CT,F,2019,Josie,10
CT,F,2019,June,10
CT,F,2019,Kamila,10
CT,F,2019,Kimberly,10
CT,F,2019,Laura,10
CT,F,2019,Lola,10
CT,F,2019,Mariana,10
CT,F,2019,Melina,10
CT,F,2019,Ryan,10
CT,F,2019,Ryleigh,10
CT,F,2019,Scarlet,10
CT,F,2019,Talia,10
CT,F,2019,Wynter,10
CT,F,2019,Adelynn,9
CT,F,2019,Alayah,9
CT,F,2019,Alayna,9
CT,F,2019,Alexandria,9
CT,F,2019,Amari,9
CT,F,2019,Ariel,9
CT,F,2019,Aubrie,9
CT,F,2019,Camille,9
CT,F,2019,Carolina,9
CT,F,2019,Celeste,9
CT,F,2019,Celine,9
CT,F,2019,Chelsea,9
CT,F,2019,Colette,9
CT,F,2019,Emmy,9
CT,F,2019,Giselle,9
CT,F,2019,Greta,9
CT,F,2019,Isabela,9
CT,F,2019,Karina,9
CT,F,2019,Kathryn,9
CT,F,2019,Kaylani,9
CT,F,2019,Keira,9
CT,F,2019,Kenzie,9
CT,F,2019,Khaleesi,9
CT,F,2019,Khloe,9
CT,F,2019,Lana,9
CT,F,2019,Lilyana,9
CT,F,2019,Louisa,9
CT,F,2019,Mabel,9
CT,F,2019,Madilyn,9
CT,F,2019,Melissa,9
CT,F,2019,Miriam,9
CT,F,2019,Noa,9
CT,F,2019,Raegan,9
CT,F,2019,Shea,9
CT,F,2019,Sylvia,9
CT,F,2019,Adalynn,8
CT,F,2019,Alison,8
CT,F,2019,Amiyah,8
CT,F,2019,Anne,8
CT,F,2019,Aspen,8
CT,F,2019,Aviana,8
CT,F,2019,Beatrice,8
CT,F,2019,Briella,8
CT,F,2019,Brooklynn,8
CT,F,2019,Camilla,8
CT,F,2019,Charley,8
CT,F,2019,Daphne,8
CT,F,2019,Destiny,8
CT,F,2019,Elisa,8
CT,F,2019,Elsie,8
CT,F,2019,Erin,8
CT,F,2019,Esme,8
CT,F,2019,Evie,8
CT,F,2019,Giada,8
CT,F,2019,Gracie,8
CT,F,2019,Hanna,8
CT,F,2019,Holly,8
CT,F,2019,Joanna,8
CT,F,2019,Jolene,8
CT,F,2019,Kendall,8
CT,F,2019,Kira,8
CT,F,2019,Kyla,8
CT,F,2019,Lyanna,8
CT,F,2019,Maia,8
CT,F,2019,Makenzie,8
CT,F,2019,Malani,8
CT,F,2019,Meredith,8
CT,F,2019,Myla,8
CT,F,2019,Ophelia,8
CT,F,2019,River,8
CT,F,2019,Sawyer,8
CT,F,2019,Shiloh,8
CT,F,2019,Stephanie,8
CT,F,2019,Trinity,8
CT,F,2019,Valeria,8
CT,F,2019,Adelaide,7
CT,F,2019,Adelina,7
CT,F,2019,Adelyn,7
CT,F,2019,Aliana,7
CT,F,2019,Aliya,7
CT,F,2019,Anika,7
CT,F,2019,Avianna,7
CT,F,2019,Bria,7
CT,F,2019,Briana,7
CT,F,2019,Carina,7
CT,F,2019,Edith,7
CT,F,2019,Elodie,7
CT,F,2019,Elsa,7
CT,F,2019,Frances,7
CT,F,2019,Heaven,7
CT,F,2019,Heidi,7
CT,F,2019,Jocelyn,7
CT,F,2019,Jolie,7
CT,F,2019,Julissa,7
CT,F,2019,Kailey,7
CT,F,2019,Laurel,7
CT,F,2019,Lilith,7
CT,F,2019,Liv,7
CT,F,2019,Maci,7
CT,F,2019,Millie,7
CT,F,2019,Miracle,7
CT,F,2019,Paris,7
CT,F,2019,Poppy,7
CT,F,2019,Rayna,7
CT,F,2019,Reign,7
CT,F,2019,Reina,7
CT,F,2019,Rory,7
CT,F,2019,Rosie,7
CT,F,2019,Sabrina,7
CT,F,2019,Sarai,7
CT,F,2019,Shanaya,7
CT,F,2019,Skye,7
CT,F,2019,Virginia,7
CT,F,2019,Viviana,7
CT,F,2019,Whitney,7
CT,F,2019,Wren,7
CT,F,2019,Zahra,7
CT,F,2019,Aadhya,6
CT,F,2019,Ainhoa,6
CT,F,2019,Aisha,6
CT,F,2019,Alanna,6
CT,F,2019,Aleah,6
CT,F,2019,Alejandra,6
CT,F,2019,Amayah,6
CT,F,2019,Amber,6
CT,F,2019,Amiya,6
CT,F,2019,Amora,6
CT,F,2019,Andrea,6
CT,F,2019,Angela,6
CT,F,2019,Angie,6
CT,F,2019,Annalise,6
CT,F,2019,Antonia,6
CT,F,2019,Armani,6
CT,F,2019,Blakely,6
CT,F,2019,Brinley,6
CT,F,2019,Brynn,6
CT,F,2019,Camryn,6
CT,F,2019,Carly,6
CT,F,2019,Carmela,6
CT,F,2019,Danielle,6
CT,F,2019,Eileen,6
CT,F,2019,Ember,6
CT,F,2019,Farrah,6
CT,F,2019,Fatima,6
CT,F,2019,Gwendolyn,6
CT,F,2019,Hallie,6
CT,F,2019,Haylee,6
CT,F,2019,Inaaya,6
CT,F,2019,Isadora,6
CT,F,2019,Janelle,6
CT,F,2019,Jayda,6
CT,F,2019,Johanna,6
CT,F,2019,Jordan,6
CT,F,2019,Judith,6
CT,F,2019,Kailani,6
CT,F,2019,Kalani,6
CT,F,2019,Kelsey,6
CT,F,2019,Kennedi,6
CT,F,2019,Kiera,6
CT,F,2019,Leona,6
CT,F,2019,Livia,6
CT,F,2019,Luisa,6
CT,F,2019,Maggie,6
CT,F,2019,Malaysia,6
CT,F,2019,Maliyah,6
CT,F,2019,Marina,6
CT,F,2019,Marlowe,6
CT,F,2019,Matilda,6
CT,F,2019,Mckinley,6
CT,F,2019,Mikaela,6
CT,F,2019,Milena,6
CT,F,2019,Mira,6
CT,F,2019,Mylah,6
CT,F,2019,Nala,6
CT,F,2019,Nia,6
CT,F,2019,Nola,6
CT,F,2019,Pearl,6
CT,F,2019,Phoenix,6
CT,F,2019,Raelyn,6
CT,F,2019,Royalty,6
CT,F,2019,Ruth,6
CT,F,2019,Saige,6
CT,F,2019,Skyla,6
CT,F,2019,Sofie,6
CT,F,2019,Sutton,6
CT,F,2019,Tatum,6
CT,F,2019,Tianna,6
CT,F,2019,Winter,6
CT,F,2019,Alaiya,5
CT,F,2019,Alannah,5
CT,F,2019,Amanda,5
CT,F,2019,Annabella,5
CT,F,2019,Anylah,5
CT,F,2019,Ariyah,5
CT,F,2019,Audra,5
CT,F,2019,Azalea,5
CT,F,2019,Calista,5
CT,F,2019,Carla,5
CT,F,2019,Carmella,5
CT,F,2019,Casey,5
CT,F,2019,Charleigh,5
CT,F,2019,Danna,5
CT,F,2019,Deborah,5
CT,F,2019,Demi,5
CT,F,2019,Dior,5
CT,F,2019,Diya,5
CT,F,2019,Elaina,5
CT,F,2019,Elina,5
CT,F,2019,Elisabeth,5
CT,F,2019,Elora,5
CT,F,2019,Faye,5
CT,F,2019,Giana,5
CT,F,2019,Giavanna,5
CT,F,2019,Giulia,5
CT,F,2019,Harlee,5
CT,F,2019,Hayley,5
CT,F,2019,Henley,5
CT,F,2019,Imani,5
CT,F,2019,Jada,5
CT,F,2019,Jennifer,5
CT,F,2019,Joselyn,5
CT,F,2019,Kairi,5
CT,F,2019,Kaitlyn,5
CT,F,2019,Kataleya,5
CT,F,2019,Kate,5
CT,F,2019,Kelly,5
CT,F,2019,Kylee,5
CT,F,2019,Lacey,5
CT,F,2019,Lainey,5
CT,F,2019,Lara,5
CT,F,2019,Lexi,5
CT,F,2019,Leyla,5
CT,F,2019,Lina,5
CT,F,2019,Lisa,5
CT,F,2019,Lorelai,5
CT,F,2019,Louise,5
CT,F,2019,Lucianna,5
CT,F,2019,Luz,5
CT,F,2019,Madelynn,5
CT,F,2019,Madilynn,5
CT,F,2019,Mae,5
CT,F,2019,Maliah,5
CT,F,2019,Mallory,5
CT,F,2019,Maren,5
CT,F,2019,Mariah,5
CT,F,2019,Megan,5
CT,F,2019,Meghan,5
CT,F,2019,Melany,5
CT,F,2019,Michelle,5
CT,F,2019,Monroe,5
CT,F,2019,Myra,5
CT,F,2019,Nadia,5
CT,F,2019,Nataly,5
CT,F,2019,Natasha,5
CT,F,2019,Nayeli,5
CT,F,2019,Octavia,5
CT,F,2019,Remy,5
CT,F,2019,Riya,5
CT,F,2019,Savanna,5
CT,F,2019,Seraphina,5
CT,F,2019,Serena,5
CT,F,2019,Thalia,5
CT,F,2019,Treasure,5
CT,F,2019,Vivianna,5
CT,F,2019,Waverly,5
CT,F,2019,Ximena,5
CT,F,2019,Zariyah,5
CT,F,2020,Olivia,194
CT,F,2020,Charlotte,192
CT,F,2020,Emma,168
CT,F,2020,Sophia,164
CT,F,2020,Isabella,156
CT,F,2020,Mia,154
CT,F,2020,Ava,146
CT,F,2020,Amelia,142
CT,F,2020,Ella,110
CT,F,2020,Gianna,103
CT,F,2020,Mila,95
CT,F,2020,Grace,93
CT,F,2020,Madison,93
CT,F,2020,Riley,91
CT,F,2020,Harper,90
CT,F,2020,Sofia,88
CT,F,2020,Emily,87
CT,F,2020,Zoe,85
CT,F,2020,Evelyn,81
CT,F,2020,Scarlett,81
CT,F,2020,Savannah,79
CT,F,2020,Aria,78
CT,F,2020,Emilia,78
CT,F,2020,Luna,76
CT,F,2020,Abigail,75
CT,F,2020,Avery,75
CT,F,2020,Chloe,75
CT,F,2020,Elizabeth,73
CT,F,2020,Gabriella,72
CT,F,2020,Eleanor,67
CT,F,2020,Penelope,66
CT,F,2020,Layla,63
CT,F,2020,Nora,63
CT,F,2020,Hailey,61
CT,F,2020,Victoria,60
CT,F,2020,Hannah,59
CT,F,2020,Isla,58
CT,F,2020,Stella,55
CT,F,2020,Camila,53
CT,F,2020,Leah,52
CT,F,2020,Liliana,52
CT,F,2020,Violet,52
CT,F,2020,Lillian,51
CT,F,2020,Lily,51
CT,F,2020,Natalie,50
CT,F,2020,Audrey,49
CT,F,2020,Maya,49
CT,F,2020,Mackenzie,48
CT,F,2020,Quinn,48
CT,F,2020,Zoey,48
CT,F,2020,Sophie,47
CT,F,2020,Valentina,47
CT,F,2020,Eliana,45
CT,F,2020,Lucy,45
CT,F,2020,Ariana,43
CT,F,2020,Aubrey,43
CT,F,2020,Aurora,41
CT,F,2020,Madeline,41
CT,F,2020,Madelyn,41
CT,F,2020,Nova,41
CT,F,2020,Skylar,41
CT,F,2020,Claire,40
CT,F,2020,Anna,39
CT,F,2020,Brooklyn,38
CT,F,2020,Ellie,38
CT,F,2020,Everly,38
CT,F,2020,Julia,38
CT,F,2020,Sarah,38
CT,F,2020,Josephine,37
CT,F,2020,Naomi,37
CT,F,2020,Rose,37
CT,F,2020,Alaia,36
CT,F,2020,Caroline,36
CT,F,2020,Hazel,36
CT,F,2020,Sienna,36
CT,F,2020,Willow,36
CT,F,2020,Samantha,35
CT,F,2020,Aaliyah,34
CT,F,2020,Elena,34
CT,F,2020,Maeve,33
CT,F,2020,Arianna,32
CT,F,2020,Genesis,32
CT,F,2020,Peyton,32
CT,F,2020,Addison,31
CT,F,2020,Alice,31
CT,F,2020,Kennedy,31
CT,F,2020,Arya,30
CT,F,2020,Eva,30
CT,F,2020,Lila,30
CT,F,2020,Ruby,30
CT,F,2020,Rylee,30
CT,F,2020,Sadie,30
CT,F,2020,Cora,29
CT,F,2020,Kinsley,29
CT,F,2020,Natalia,29
CT,F,2020,Autumn,28
CT,F,2020,Brooke,28
CT,F,2020,Kaylee,28
CT,F,2020,Amaya,27
CT,F,2020,Ayla,27
CT,F,2020,Vivian,27
CT,F,2020,Anastasia,26
CT,F,2020,Genevieve,26
CT,F,2020,Juliana,26
CT,F,2020,Bella,25
CT,F,2020,Brielle,25
CT,F,2020,Callie,25
CT,F,2020,Emerson,25
CT,F,2020,Hadley,25
CT,F,2020,Isabelle,25
CT,F,2020,Lyla,25
CT,F,2020,Molly,25
CT,F,2020,Reese,25
CT,F,2020,Cecilia,24
CT,F,2020,Eloise,24
CT,F,2020,Ivy,24
CT,F,2020,Jade,24
CT,F,2020,Leilani,24
CT,F,2020,Margaret,24
CT,F,2020,Clara,23
CT,F,2020,Juliette,23
CT,F,2020,Katherine,23
CT,F,2020,Morgan,23
CT,F,2020,Allison,22
CT,F,2020,Nevaeh,22
CT,F,2020,Serenity,22
CT,F,2020,Teagan,22
CT,F,2020,Alexandra,21
CT,F,2020,Alina,21
CT,F,2020,Julianna,21
CT,F,2020,Lucia,21
CT,F,2020,Melanie,21
CT,F,2020,Paige,21
CT,F,2020,Adriana,20
CT,F,2020,Delilah,20
CT,F,2020,Faith,20
CT,F,2020,Kamila,20
CT,F,2020,Melody,20
CT,F,2020,Piper,20
CT,F,2020,Summer,20
CT,F,2020,Vivienne,20
CT,F,2020,Brianna,19
CT,F,2020,Catalina,19
CT,F,2020,Elle,19
CT,F,2020,Fiona,19
CT,F,2020,Lydia,19
CT,F,2020,Norah,19
CT,F,2020,Paisley,19
CT,F,2020,Parker,19
CT,F,2020,Sloane,19
CT,F,2020,Tessa,19
CT,F,2020,Adeline,18
CT,F,2020,Amara,18
CT,F,2020,Eliza,18
CT,F,2020,Jane,18
CT,F,2020,Khloe,18
CT,F,2020,Leila,18
CT,F,2020,Maria,18
CT,F,2020,Nyla,18
CT,F,2020,Zara,18
CT,F,2020,Ashley,17
CT,F,2020,Cassidy,17
CT,F,2020,Everleigh,17
CT,F,2020,June,17
CT,F,2020,Kaylani,17
CT,F,2020,Lilah,17
CT,F,2020,Lilliana,17
CT,F,2020,Londyn,17
CT,F,2020,Mckenna,17
CT,F,2020,Nina,17
CT,F,2020,Taylor,17
CT,F,2020,Adalyn,16
CT,F,2020,Charlie,16
CT,F,2020,Elliana,16
CT,F,2020,Kehlani,16
CT,F,2020,Zuri,16
CT,F,2020,Ariella,15
CT,F,2020,Gabrielle,15
CT,F,2020,Gemma,15
CT,F,2020,Georgia,15
CT,F,2020,Iris,15
CT,F,2020,Isabel,15
CT,F,2020,Kayla,15
CT,F,2020,Laura,15
CT,F,2020,Marley,15
CT,F,2020,Milani,15
CT,F,2020,Mya,15
CT,F,2020,Nylah,15
CT,F,2020,Siena,15
CT,F,2020,Valerie,15
CT,F,2020,Aliyah,14
CT,F,2020,Alyssa,14
CT,F,2020,Amina,14
CT,F,2020,Amy,14
CT,F,2020,Anaya,14
CT,F,2020,Athena,14
CT,F,2020,Blake,14
CT,F,2020,Briella,14
CT,F,2020,Cameron,14
CT,F,2020,Emery,14
CT,F,2020,Finley,14
CT,F,2020,Freya,14
CT,F,2020,Gia,14
CT,F,2020,Hope,14
CT,F,2020,Jayla,14
CT,F,2020,Jordyn,14
CT,F,2020,Josie,14
CT,F,2020,Kaia,14
CT,F,2020,Keira,14
CT,F,2020,Lena,14
CT,F,2020,Lia,14
CT,F,2020,Makayla,14
CT,F,2020,Makenzie,14
CT,F,2020,Mariah,14
CT,F,2020,Mary,14
CT,F,2020,Mckenzie,14
CT,F,2020,Myla,14
CT,F,2020,Nicole,14
CT,F,2020,Payton,14
CT,F,2020,Reagan,14
CT,F,2020,Rosalie,14
CT,F,2020,Sage,14
CT,F,2020,Sara,14
CT,F,2020,Alaina,13
CT,F,2020,Alana,13
CT,F,2020,Alexa,13
CT,F,2020,Arabella,13
CT,F,2020,Daniela,13
CT,F,2020,Emelia,13
CT,F,2020,Gwendolyn,13
CT,F,2020,Harmony,13
CT,F,2020,Kali,13
CT,F,2020,Lauren,13
CT,F,2020,Magnolia,13
CT,F,2020,Millie,13
CT,F,2020,Phoebe,13
CT,F,2020,Raegan,13
CT,F,2020,Sydney,13
CT,F,2020,Talia,13
CT,F,2020,Ainsley,12
CT,F,2020,Alexis,12
CT,F,2020,Amaia,12
CT,F,2020,Angela,12
CT,F,2020,Angelina,12
CT,F,2020,Bianca,12
CT,F,2020,Delaney,12
CT,F,2020,Diana,12
CT,F,2020,Dylan,12
CT,F,2020,Eden,12
CT,F,2020,Elise,12
CT,F,2020,Esther,12
CT,F,2020,Giuliana,12
CT,F,2020,Joanna,12
CT,F,2020,Kylie,12
CT,F,2020,Lennon,12
CT,F,2020,Liana,12
CT,F,2020,Makenna,12
CT,F,2020,Malia,12
CT,F,2020,Olive,12
CT,F,2020,Phoenix,12
CT,F,2020,Rachel,12
CT,F,2020,Samara,12
CT,F,2020,Viviana,12
CT,F,2020,Ada,11
CT,F,2020,Andrea,11
CT,F,2020,Annabelle,11
CT,F,2020,Aubree,11
CT,F,2020,Bailey,11
CT,F,2020,Catherine,11
CT,F,2020,Demi,11
CT,F,2020,Emory,11
CT,F,2020,Esme,11
CT,F,2020,Francesca,11
CT,F,2020,Harley,11
CT,F,2020,Hayden,11
CT,F,2020,Juniper,11
CT,F,2020,Kayleigh,11
CT,F,2020,Leia,11
CT,F,2020,Lilly,11
CT,F,2020,Luciana,11
CT,F,2020,Miriam,11
CT,F,2020,Remi,11
CT,F,2020,Ruth,11
CT,F,2020,Ryleigh,11
CT,F,2020,Selena,11
CT,F,2020,Skyler,11
CT,F,2020,Vanessa,11
CT,F,2020,Adalynn,10
CT,F,2020,Adelaide,10
CT,F,2020,Adelina,10
CT,F,2020,Adelyn,10
CT,F,2020,Adrianna,10
CT,F,2020,Alanna,10
CT,F,2020,Alaya,10
CT,F,2020,Amalia,10
CT,F,2020,Amira,10
CT,F,2020,Brynn,10
CT,F,2020,Camille,10
CT,F,2020,Cecelia,10
CT,F,2020,Dream,10
CT,F,2020,Esmeralda,10
CT,F,2020,Hayley,10
CT,F,2020,Kailani,10
CT,F,2020,Kiara,10
CT,F,2020,Kimberly,10
CT,F,2020,Lana,10
CT,F,2020,Lennox,10
CT,F,2020,Lina,10
CT,F,2020,Lola,10
CT,F,2020,London,10
CT,F,2020,Madeleine,10
CT,F,2020,Maren,10
CT,F,2020,Noelle,10
CT,F,2020,Raelynn,10
CT,F,2020,Skye,10
CT,F,2020,Vera,10
CT,F,2020,Adira,9
CT,F,2020,Alayna,9
CT,F,2020,Alessandra,9
CT,F,2020,Alexandria,9
CT,F,2020,Alicia,9
CT,F,2020,Alison,9
CT,F,2020,Alora,9
CT,F,2020,Amiyah,9
CT,F,2020,Aniyah,9
CT,F,2020,Arielle,9
CT,F,2020,Astrid,9
CT,F,2020,Avianna,9
CT,F,2020,Cali,9
CT,F,2020,Camilla,9
CT,F,2020,Camryn,9
CT,F,2020,Charlee,9
CT,F,2020,Clare,9
CT,F,2020,Daisy,9
CT,F,2020,Dior,9
CT,F,2020,Elaina,9
CT,F,2020,Emersyn,9
CT,F,2020,Emmy,9
CT,F,2020,Felicity,9
CT,F,2020,Giovanna,9
CT,F,2020,Helen,9
CT,F,2020,Holly,9
CT,F,2020,Izabella,9
CT,F,2020,Jacqueline,9
CT,F,2020,Journee,9
CT,F,2020,Kalani,9
CT,F,2020,Laila,9
CT,F,2020,Lexi,9
CT,F,2020,Madilyn,9
CT,F,2020,Maggie,9
CT,F,2020,Mariana,9
CT,F,2020,Meilani,9
CT,F,2020,Michaela,9
CT,F,2020,Mikayla,9
CT,F,2020,Noa,9
CT,F,2020,Ophelia,9
CT,F,2020,Remy,9
CT,F,2020,Rowan,9
CT,F,2020,Sabrina,9
CT,F,2020,Sarai,9
CT,F,2020,Sierra,9
CT,F,2020,Stephanie,9
CT,F,2020,Veronica,9
CT,F,2020,Ana,8
CT,F,2020,Angie,8
CT,F,2020,Annalise,8
CT,F,2020,Annie,8
CT,F,2020,Antonella,8
CT,F,2020,Ariya,8
CT,F,2020,Ariyah,8
CT,F,2020,Aviana,8
CT,F,2020,Cataleya,8
CT,F,2020,Christina,8
CT,F,2020,Corinne,8
CT,F,2020,Elianna,8
CT,F,2020,Elina,8
CT,F,2020,Elodie,8
CT,F,2020,Evangeline,8
CT,F,2020,Gabriela,8
CT,F,2020,Giselle,8
CT,F,2020,Gracelyn,8
CT,F,2020,Gracie,8
CT,F,2020,Heaven,8
CT,F,2020,Juliet,8
CT,F,2020,Katalina,8
CT,F,2020,Kendall,8
CT,F,2020,Kira,8
CT,F,2020,Kyla,8
CT,F,2020,Louisa,8
CT,F,2020,Malani,8
CT,F,2020,Mallory,8
CT,F,2020,Mara,8
CT,F,2020,Mariam,8
CT,F,2020,Melina,8
CT,F,2020,Milan,8
CT,F,2020,Miracle,8
CT,F,2020,Raelyn,8
CT,F,2020,Savanna,8
CT,F,2020,Sawyer,8
CT,F,2020,Yara,8
CT,F,2020,Zariah,8
CT,F,2020,Zoya,8
CT,F,2020,Adelynn,7
CT,F,2020,Alani,7
CT,F,2020,Alayah,7
CT,F,2020,Alessia,7
CT,F,2020,April,7
CT,F,2020,Ariel,7
CT,F,2020,Bridget,7
CT,F,2020,Brynlee,7
CT,F,2020,Carmen,7
CT,F,2020,Celine,7
CT,F,2020,Dahlia,7
CT,F,2020,Dana,7
CT,F,2020,Daniella,7
CT,F,2020,Daphne,7
CT,F,2020,Destiny,7
CT,F,2020,Eileen,7
CT,F,2020,Eleni,7
CT,F,2020,Elisa,7
CT,F,2020,Eve,7
CT,F,2020,Everlee,7
CT,F,2020,Fatima,7
CT,F,2020,Greta,7
CT,F,2020,Hanna,7
CT,F,2020,Harlow,7
CT,F,2020,Jasmine,7
CT,F,2020,Jaylani,7
CT,F,2020,Jazlyn,7
CT,F,2020,Jenna,7
CT,F,2020,Jillian,7
CT,F,2020,Joey,7
CT,F,2020,Kelsey,7
CT,F,2020,Laylah,7
CT,F,2020,Leanna,7
CT,F,2020,Leona,7
CT,F,2020,Leslie,7
CT,F,2020,Logan,7
CT,F,2020,Margot,7
CT,F,2020,Marianna,7
CT,F,2020,Marina,7
CT,F,2020,Marlowe,7
CT,F,2020,Matilda,7
CT,F,2020,Melissa,7
CT,F,2020,Mikaela,7
CT,F,2020,Milena,7
CT,F,2020,Mira,7
CT,F,2020,Nairobi,7
CT,F,2020,Novah,7
CT,F,2020,Paityn,7
CT,F,2020,Poppy,7
CT,F,2020,Rebecca,7
CT,F,2020,River,7
CT,F,2020,Rory,7
CT,F,2020,Rylie,7
CT,F,2020,Scarlet,7
CT,F,2020,Skyla,7
CT,F,2020,Valeria,7
CT,F,2020,Vienna,7
CT,F,2020,Willa,7
CT,F,2020,Yasmin,7
CT,F,2020,Zaniyah,7
CT,F,2020,Zendaya,7
CT,F,2020,Alivia,6
CT,F,2020,Amani,6
CT,F,2020,Amirah,6
CT,F,2020,Amora,6
CT,F,2020,Ann,6
CT,F,2020,Aylin,6
CT,F,2020,Beatrice,6
CT,F,2020,Brinley,6
CT,F,2020,Brooklynn,6
CT,F,2020,Celia,6
CT,F,2020,Charley,6
CT,F,2020,Collins,6
CT,F,2020,Dakota,6
CT,F,2020,Danna,6
CT,F,2020,Deborah,6
CT,F,2020,Elsie,6
CT,F,2020,Elyse,6
CT,F,2020,Gaia,6
CT,F,2020,Georgina,6
CT,F,2020,Giavanna,6
CT,F,2020,Hallie,6
CT,F,2020,Helena,6
CT,F,2020,Jada,6
CT,F,2020,Karina,6
CT,F,2020,Kenna,6
CT,F,2020,Kenzie,6
CT,F,2020,Khaleesi,6
CT,F,2020,Lainey,6
CT,F,2020,Lauryn,6
CT,F,2020,Liv,6
CT,F,2020,Livia,6
CT,F,2020,Lucille,6
CT,F,2020,Lyanna,6
CT,F,2020,Lylah,6
CT,F,2020,Macie,6
CT,F,2020,Maisie,6
CT,F,2020,Meadow,6
CT,F,2020,Michelle,6
CT,F,2020,Myra,6
CT,F,2020,Nayeli,6
CT,F,2020,Paris,6
CT,F,2020,Rayne,6
CT,F,2020,Ryan,6
CT,F,2020,Serena,6
CT,F,2020,Simone,6
CT,F,2020,Sylvia,6
CT,F,2020,Tess,6
CT,F,2020,Thea,6
CT,F,2020,Theodora,6
CT,F,2020,Trinity,6
CT,F,2020,Whitney,6
CT,F,2020,Winter,6
CT,F,2020,Zhavia,6
CT,F,2020,Zola,6
CT,F,2020,Aadya,5
CT,F,2020,Aarya,5
CT,F,2020,Adaline,5
CT,F,2020,Alaiya,5
CT,F,2020,Alannah,5
CT,F,2020,Aleia,5
CT,F,2020,Alia,5
CT,F,2020,Allie,5
CT,F,2020,Alya,5
CT,F,2020,Amanda,5
CT,F,2020,Annabella,5
CT,F,2020,Anne,5
CT,F,2020,August,5
CT,F,2020,Aurelia,5
CT,F,2020,Azalea,5
CT,F,2020,Calliope,5
CT,F,2020,Capri,5
CT,F,2020,Carly,5
CT,F,2020,Cassandra,5
CT,F,2020,Celeste,5
CT,F,2020,Celina,5
CT,F,2020,Chanel,5
CT,F,2020,Chelsea,5
CT,F,2020,Colette,5
CT,F,2020,Delia,5
CT,F,2020,Dorothy,5
CT,F,2020,Emi,5
CT,F,2020,Emme,5
CT,F,2020,Erin,5
CT,F,2020,Faye,5
CT,F,2020,Giada,5
CT,F,2020,Giulia,5
CT,F,2020,Gracelynn,5
CT,F,2020,Hailie,5
CT,F,2020,Haley,5
CT,F,2020,Hana,5
CT,F,2020,Haylee,5
CT,F,2020,Heavenly,5
CT,F,2020,Jaida,5
CT,F,2020,Janelle,5
CT,F,2020,Jazmine,5
CT,F,2020,Jolene,5
CT,F,2020,Judith,5
CT,F,2020,Kadence,5
CT,F,2020,Kaleigh,5
CT,F,2020,Kalia,5
CT,F,2020,Kallie,5
CT,F,2020,Kara,5
CT,F,2020,Kataleya,5
CT,F,2020,Kate,5
CT,F,2020,Kinley,5
CT,F,2020,Kylee,5
CT,F,2020,Lacey,5
CT,F,2020,Lara,5
CT,F,2020,Laurel,5
CT,F,2020,Legacy,5
CT,F,2020,Lorelai,5
CT,F,2020,Lorelei,5
CT,F,2020,Louise,5
CT,F,2020,Lyra,5
CT,F,2020,Lyric,5
CT,F,2020,Magdalena,5
CT,F,2020,Maia,5
CT,F,2020,Maliyah,5
CT,F,2020,Marceline,5
CT,F,2020,Meera,5
CT,F,2020,Nala,5
CT,F,2020,Nathalie,5
CT,F,2020,Neriah,5
CT,F,2020,Octavia,5
CT,F,2020,Paislee,5
CT,F,2020,Reina,5
CT,F,2020,Reyna,5
CT,F,2020,Rosalyn,5
CT,F,2020,Royalty,5
CT,F,2020,Saige,5
CT,F,2020,Sariah,5
CT,F,2020,Sasha,5
CT,F,2020,Selah,5
CT,F,2020,Serafina,5
CT,F,2020,Shea,5
CT,F,2020,Shelby,5
CT,F,2020,Shiloh,5
CT,F,2020,Sloan,5
CT,F,2020,Stacy,5
CT,F,2020,Teresa,5
CT,F,2020,Tiffany,5
CT,F,2020,Valery,5
CT,F,2020,Veronika,5
CT,F,2020,Waverly,5
CT,F,2020,Zahra,5
CT,F,2020,Zelda,5
CT,F,2020,Zhuri,5
CT,F,2021,Olivia,222
CT,F,2021,Charlotte,188
CT,F,2021,Emma,175
CT,F,2021,Amelia,149
CT,F,2021,Sophia,141
CT,F,2021,Ava,136
CT,F,2021,Mia,124
CT,F,2021,Isabella,119
CT,F,2021,Madison,111
CT,F,2021,Gianna,107
CT,F,2021,Ella,104
CT,F,2021,Grace,97
CT,F,2021,Penelope,91
CT,F,2021,Sofia,88
CT,F,2021,Luna,87
CT,F,2021,Aria,84
CT,F,2021,Mila,84
CT,F,2021,Emilia,83
CT,F,2021,Riley,83
CT,F,2021,Hailey,80
CT,F,2021,Avery,77
CT,F,2021,Eleanor,77
CT,F,2021,Abigail,76
CT,F,2021,Emily,76
CT,F,2021,Lucy,76
CT,F,2021,Harper,75
CT,F,2021,Lily,73
CT,F,2021,Isla,72
CT,F,2021,Scarlett,72
CT,F,2021,Zoe,72
CT,F,2021,Nora,71
CT,F,2021,Evelyn,70
CT,F,2021,Chloe,67
CT,F,2021,Gabriella,65
CT,F,2021,Valentina,63
CT,F,2021,Layla,61
CT,F,2021,Stella,61
CT,F,2021,Violet,60
CT,F,2021,Mackenzie,57
CT,F,2021,Elizabeth,56
CT,F,2021,Zoey,56
CT,F,2021,Claire,55
CT,F,2021,Hannah,55
CT,F,2021,Nova,55
CT,F,2021,Madelyn,54
CT,F,2021,Ellie,53
CT,F,2021,Everly,53
CT,F,2021,Leah,53
CT,F,2021,Eliana,52
CT,F,2021,Camila,50
CT,F,2021,Sophie,50
CT,F,2021,Lillian,49
CT,F,2021,Maya,48
CT,F,2021,Quinn,48
CT,F,2021,Elena,47
CT,F,2021,Madeline,47
CT,F,2021,Josephine,46
CT,F,2021,Aurora,43
CT,F,2021,Skylar,43
CT,F,2021,Addison,42
CT,F,2021,Ariana,42
CT,F,2021,Eva,42
CT,F,2021,Hazel,42
CT,F,2021,Maeve,42
CT,F,2021,Natalie,42
CT,F,2021,Aubrey,41
CT,F,2021,Cora,40
CT,F,2021,Bella,39
CT,F,2021,Caroline,39
CT,F,2021,Liliana,39
CT,F,2021,Savannah,39
CT,F,2021,Sienna,38
CT,F,2021,Alaia,37
CT,F,2021,Alice,37
CT,F,2021,Brielle,37
CT,F,2021,Eloise,37
CT,F,2021,Kennedy,37
CT,F,2021,Isabelle,36
CT,F,2021,Sadie,36
CT,F,2021,Brooke,35
CT,F,2021,Julia,35
CT,F,2021,Molly,35
CT,F,2021,Samantha,35
CT,F,2021,Anna,34
CT,F,2021,Callie,34
CT,F,2021,Delilah,34
CT,F,2021,Ivy,34
CT,F,2021,Piper,34
CT,F,2021,Peyton,33
CT,F,2021,Ruby,33
CT,F,2021,Ayla,32
CT,F,2021,Naomi,32
CT,F,2021,Sloane,32
CT,F,2021,Victoria,32
CT,F,2021,Willow,32
CT,F,2021,Adeline,31
CT,F,2021,Alexandra,31
CT,F,2021,Autumn,31
CT,F,2021,Margaret,31
CT,F,2021,Aaliyah,30
CT,F,2021,Arya,30
CT,F,2021,Genevieve,30
CT,F,2021,Kinsley,30
CT,F,2021,Melody,30
CT,F,2021,Ariella,29
CT,F,2021,Brooklyn,29
CT,F,2021,Natalia,29
CT,F,2021,Margot,28
CT,F,2021,Rose,28
CT,F,2021,Sarah,28
CT,F,2021,Genesis,27
CT,F,2021,Reese,27
CT,F,2021,Audrey,26
CT,F,2021,Clara,26
CT,F,2021,Charlie,25
CT,F,2021,Eliza,25
CT,F,2021,Fiona,25
CT,F,2021,Hadley,25
CT,F,2021,Jade,25
CT,F,2021,Kaylani,25
CT,F,2021,Leila,25
CT,F,2021,Nevaeh,25
CT,F,2021,Serena,25
CT,F,2021,Alina,24
CT,F,2021,Amaya,24
CT,F,2021,Dakota,24
CT,F,2021,Lucia,24
CT,F,2021,Lyla,24
CT,F,2021,Milani,24
CT,F,2021,Sydney,24
CT,F,2021,Taylor,24
CT,F,2021,Cecilia,23
CT,F,2021,Daisy,23
CT,F,2021,Delaney,23
CT,F,2021,Gia,23
CT,F,2021,Juliana,23
CT,F,2021,Kylie,23
CT,F,2021,Leilani,23
CT,F,2021,Marley,23
CT,F,2021,Mya,23
CT,F,2021,Noelle,23
CT,F,2021,Serenity,23
CT,F,2021,Vivian,23
CT,F,2021,Zara,23
CT,F,2021,Alana,22
CT,F,2021,Elliana,22
CT,F,2021,Lila,22
CT,F,2021,Reagan,22
CT,F,2021,Amara,21
CT,F,2021,Emery,21
CT,F,2021,Lena,21
CT,F,2021,Liana,21
CT,F,2021,Madeleine,21
CT,F,2021,Rylee,21
CT,F,2021,Teagan,21
CT,F,2021,Ashley,20
CT,F,2021,Faith,20
CT,F,2021,Iris,20
CT,F,2021,Josie,20
CT,F,2021,Parker,20
CT,F,2021,Remi,20
CT,F,2021,Valerie,20
CT,F,2021,Zuri,20
CT,F,2021,Adriana,19
CT,F,2021,Georgia,19
CT,F,2021,Isabel,19
CT,F,2021,Juliet,19
CT,F,2021,London,19
CT,F,2021,Morgan,19
CT,F,2021,Myla,19
CT,F,2021,Paisley,19
CT,F,2021,Ryleigh,19
CT,F,2021,Tessa,19
CT,F,2021,Bianca,18
CT,F,2021,Blake,18
CT,F,2021,Esme,18
CT,F,2021,Juliette,18
CT,F,2021,June,18
CT,F,2021,Kaylee,18
CT,F,2021,Lia,18
CT,F,2021,Lydia,18
CT,F,2021,Mariana,18
CT,F,2021,Poppy,18
CT,F,2021,Sage,18
CT,F,2021,Selena,18
CT,F,2021,Summer,18
CT,F,2021,Alessia,17
CT,F,2021,Anastasia,17
CT,F,2021,Annabelle,17
CT,F,2021,Brianna,17
CT,F,2021,Catalina,17
CT,F,2021,Emerson,17
CT,F,2021,Nina,17
CT,F,2021,Nyla,17
CT,F,2021,Ada,16
CT,F,2021,Freya,16
CT,F,2021,Gabriela,16
CT,F,2021,Harlow,16
CT,F,2021,Harmony,16
CT,F,2021,Kaia,16
CT,F,2021,Katherine,16
CT,F,2021,Kayla,16
CT,F,2021,Luciana,16
CT,F,2021,Maria,16
CT,F,2021,Olive,16
CT,F,2021,Alaina,15
CT,F,2021,Athena,15
CT,F,2021,Colette,15
CT,F,2021,Dream,15
CT,F,2021,Everleigh,15
CT,F,2021,Gemma,15
CT,F,2021,Jordyn,15
CT,F,2021,Journee,15
CT,F,2021,Kamila,15
CT,F,2021,Laila,15
CT,F,2021,Magnolia,15
CT,F,2021,Paige,15
CT,F,2021,Phoebe,15
CT,F,2021,Rosalie,15
CT,F,2021,Sabrina,15
CT,F,2021,Sara,15
CT,F,2021,Alani,14
CT,F,2021,Aliyah,14
CT,F,2021,Amalia,14
CT,F,2021,Amy,14
CT,F,2021,Angelina,14
CT,F,2021,Aniyah,14
CT,F,2021,Arianna,14
CT,F,2021,Avianna,14
CT,F,2021,Bailey,14
CT,F,2021,Cameron,14
CT,F,2021,Esther,14
CT,F,2021,Francesca,14
CT,F,2021,Hope,14
CT,F,2021,Jane,14
CT,F,2021,Julianna,14
CT,F,2021,Kehlani,14
CT,F,2021,Melanie,14
CT,F,2021,Millie,14
CT,F,2021,Savanna,14
CT,F,2021,Shea,14
CT,F,2021,Vera,14
CT,F,2021,Veronica,14
CT,F,2021,Alessandra,13
CT,F,2021,Alexis,13
CT,F,2021,Allison,13
CT,F,2021,Arabella,13
CT,F,2021,Briella,13
CT,F,2021,Camilla,13
CT,F,2021,Cataleya,13
CT,F,2021,Eden,13
CT,F,2021,Elle,13
CT,F,2021,Emersyn,13
CT,F,2021,Giuliana,13
CT,F,2021,Halo,13
CT,F,2021,Helena,13
CT,F,2021,Jasmine,13
CT,F,2021,Jayla,13
CT,F,2021,Joy,13
CT,F,2021,Lana,13
CT,F,2021,Lennon,13
CT,F,2021,Malia,13
CT,F,2021,Mckenna,13
CT,F,2021,Noa,13
CT,F,2021,Payton,13
CT,F,2021,Raegan,13
CT,F,2021,Rory,13
CT,F,2021,Talia,13
CT,F,2021,Adalyn,12
CT,F,2021,Adrianna,12
CT,F,2021,Alyssa,12
CT,F,2021,Amina,12
CT,F,2021,Anaya,12
CT,F,2021,Andrea,12
CT,F,2021,Aubree,12
CT,F,2021,Brynn,12
CT,F,2021,Cali,12
CT,F,2021,Daphne,12
CT,F,2021,Elise,12
CT,F,2021,Emelia,12
CT,F,2021,Felicity,12
CT,F,2021,Kailani,12
CT,F,2021,Leia,12
CT,F,2021,Lilah,12
CT,F,2021,Mikayla,12
CT,F,2021,Nayeli,12
CT,F,2021,Norah,12
CT,F,2021,Siena,12
CT,F,2021,Angelica,11
CT,F,2021,Annalise,11
CT,F,2021,Diana,11
CT,F,2021,Elaina,11
CT,F,2021,Evangeline,11
CT,F,2021,Fatima,11
CT,F,2021,Finley,11
CT,F,2021,Frances,11
CT,F,2021,Hallie,11
CT,F,2021,Izabella,11
CT,F,2021,Juniper,11
CT,F,2021,Kiara,11
CT,F,2021,Kyla,11
CT,F,2021,Lara,11
CT,F,2021,Logan,11
CT,F,2021,Mae,11
CT,F,2021,Makayla,11
CT,F,2021,Michaela,11
CT,F,2021,Nicole,11
CT,F,2021,Raelynn,11
CT,F,2021,Rayna,11
CT,F,2021,Reign,11
CT,F,2021,Rowan,11
CT,F,2021,Royalty,11
CT,F,2021,Ruth,11
CT,F,2021,Sawyer,11
CT,F,2021,Vanessa,11
CT,F,2021,Winter,11
CT,F,2021,Adelaide,10
CT,F,2021,Ana,10
CT,F,2021,Angela,10
CT,F,2021,Antonella,10
CT,F,2021,Ariel,10
CT,F,2021,Aviana,10
CT,F,2021,Beatrice,10
CT,F,2021,Catherine,10
CT,F,2021,Dahlia,10
CT,F,2021,Daniela,10
CT,F,2021,Daniella,10
CT,F,2021,Ember,10
CT,F,2021,Eve,10
CT,F,2021,Kayleigh,10
CT,F,2021,Khloe,10
CT,F,2021,Laura,10
CT,F,2021,Lilliana,10
CT,F,2021,Londyn,10
CT,F,2021,Maisie,10
CT,F,2021,Mary,10
CT,F,2021,Mckenzie,10
CT,F,2021,Rylie,10
CT,F,2021,Sarai,10
CT,F,2021,Willa,10
CT,F,2021,Alaya,9
CT,F,2021,Amira,9
CT,F,2021,Amiyah,9
CT,F,2021,Amora,9
CT,F,2021,Bria,9
CT,F,2021,Camille,9
CT,F,2021,Camryn,9
CT,F,2021,Celine,9
CT,F,2021,Christina,9
CT,F,2021,Dior,9
CT,F,2021,Elia,9
CT,F,2021,Elianna,9
CT,F,2021,Evie,9
CT,F,2021,Giavanna,9
CT,F,2021,Gracie,9
CT,F,2021,Jaliyah,9
CT,F,2021,Jennifer,9
CT,F,2021,Jordan,9
CT,F,2021,Kenzie,9
CT,F,2021,Kira,9
CT,F,2021,Mabel,9
CT,F,2021,Macie,9
CT,F,2021,Maggie,9
CT,F,2021,Melissa,9
CT,F,2021,Paris,9
CT,F,2021,Raelyn,9
CT,F,2021,Sierra,9
CT,F,2021,Skyler,9
CT,F,2021,Sylvia,9
CT,F,2021,Valeria,9
CT,F,2021,Vivienne,9
CT,F,2021,Wren,9
CT,F,2021,Zahra,9
CT,F,2021,Adalynn,8
CT,F,2021,Adelina,8
CT,F,2021,Adelynn,8
CT,F,2021,Ainsley,8
CT,F,2021,Alanna,8
CT,F,2021,Aleena,8
CT,F,2021,Alena,8
CT,F,2021,Alivia,8
CT,F,2021,Amaia,8
CT,F,2021,Amani,8
CT,F,2021,Anne,8
CT,F,2021,Arielle,8
CT,F,2021,Aurelia,8
CT,F,2021,Briana,8
CT,F,2021,Charley,8
CT,F,2021,Danna,8
CT,F,2021,Demi,8
CT,F,2021,Emely,8
CT,F,2021,Emmy,8
CT,F,2021,Evelina,8
CT,F,2021,Gabrielle,8
CT,F,2021,Giselle,8
CT,F,2021,Gloria,8
CT,F,2021,Gwendolyn,8
CT,F,2021,Johanna,8
CT,F,2021,Jolene,8
CT,F,2021,Kali,8
CT,F,2021,Lauren,8
CT,F,2021,Leighton,8
CT,F,2021,Lexi,8
CT,F,2021,Leyla,8
CT,F,2021,Lilly,8
CT,F,2021,Lorelai,8
CT,F,2021,Lucille,8
CT,F,2021,Lyra,8
CT,F,2021,Maia,8
CT,F,2021,Maliyah,8
CT,F,2021,Maren,8
CT,F,2021,Nia,8
CT,F,2021,Nori,8
CT,F,2021,Nylah,8
CT,F,2021,Rachel,8
CT,F,2021,Ramona,8
CT,F,2021,River,8
CT,F,2021,Rosalia,8
CT,F,2021,Saige,8
CT,F,2021,Scarlet,8
CT,F,2021,Stephanie,8
CT,F,2021,Thea,8
CT,F,2021,Trinity,8
CT,F,2021,Vienna,8
CT,F,2021,Virginia,8
CT,F,2021,Viviana,8
CT,F,2021,Zhuri,8
CT,F,2021,Adaline,7
CT,F,2021,Adele,7
CT,F,2021,Aila,7
CT,F,2021,Aisha,7
CT,F,2021,Aitana,7
CT,F,2021,Amber,7
CT,F,2021,Ariah,7
CT,F,2021,Aubriella,7
CT,F,2021,Azariah,7
CT,F,2021,Bridget,7
CT,F,2021,Brynlee,7
CT,F,2021,Carly,7
CT,F,2021,Cassidy,7
CT,F,2021,Danielle,7
CT,F,2021,Elsie,7
CT,F,2021,Erin,7
CT,F,2021,Georgina,7
CT,F,2021,Haley,7
CT,F,2021,Hana,7
CT,F,2021,Jacqueline,7
CT,F,2021,Jenna,7
CT,F,2021,Joanna,7
CT,F,2021,Jocelyn,7
CT,F,2021,Julie,7
CT,F,2021,Kaliyah,7
CT,F,2021,Kataleya,7
CT,F,2021,Kate,7
CT,F,2021,Keira,7
CT,F,2021,Kelsey,7
CT,F,2021,Kori,7
CT,F,2021,Kyra,7
CT,F,2021,Laurel,7
CT,F,2021,Lennox,7
CT,F,2021,Livia,7
CT,F,2021,Lola,7
CT,F,2021,Lyric,7
CT,F,2021,Meadow,7
CT,F,2021,Melina,7
CT,F,2021,Nadia,7
CT,F,2021,Nala,7
CT,F,2021,Nalani,7
CT,F,2021,Naya,7
CT,F,2021,Nola,7
CT,F,2021,Nyra,7
CT,F,2021,Ryan,7
CT,F,2021,Samara,7
CT,F,2021,Saoirse,7
CT,F,2021,Sonia,7
CT,F,2021,Zainab,7
CT,F,2021,Abby,6
CT,F,2021,Alayah,6
CT,F,2021,Alayna,6
CT,F,2021,Alexa,6
CT,F,2021,Alora,6
CT,F,2021,Anais,6
CT,F,2021,Annie,6
CT,F,2021,Anya,6
CT,F,2021,Ariya,6
CT,F,2021,Armani,6
CT,F,2021,Ayanna,6
CT,F,2021,Ayra,6
CT,F,2021,Brooklynn,6
CT,F,2021,Carolina,6
CT,F,2021,Cassandra,6
CT,F,2021,Celeste,6
CT,F,2021,Charleigh,6
CT,F,2021,Chelsea,6
CT,F,2021,Chiara,6
CT,F,2021,Colbie,6
CT,F,2021,Collins,6
CT,F,2021,Dalia,6
CT,F,2021,Dallas,6
CT,F,2021,Dana,6
CT,F,2021,Dani,6
CT,F,2021,Davina,6
CT,F,2021,Dylan,6
CT,F,2021,Elaine,6
CT,F,2021,Elodie,6
CT,F,2021,Elyse,6
CT,F,2021,Faye,6
CT,F,2021,Gracelyn,6
CT,F,2021,Greta,6
CT,F,2021,Harley,6
CT,F,2021,Hayden,6
CT,F,2021,Hayley,6
CT,F,2021,Helen,6
CT,F,2021,Indie,6
CT,F,2021,Jaylani,6
CT,F,2021,Jazmin,6
CT,F,2021,Jessica,6
CT,F,2021,Jurnee,6
CT,F,2021,Kalani,6
CT,F,2021,Kathryn,6
CT,F,2021,Kelly,6
CT,F,2021,Kendall,6
CT,F,2021,Kennedi,6
CT,F,2021,Kimberly,6
CT,F,2021,Laylah,6
CT,F,2021,Leona,6
CT,F,2021,Lucie,6
CT,F,2021,Madilyn,6
CT,F,2021,Makenna,6
CT,F,2021,Malani,6
CT,F,2021,Mara,6
CT,F,2021,Mariah,6
CT,F,2021,Marie,6
CT,F,2021,Maxine,6
CT,F,2021,Megan,6
CT,F,2021,Milan,6
CT,F,2021,Mira,6
CT,F,2021,Miracle,6
CT,F,2021,Novalee,6
CT,F,2021,Raya,6
CT,F,2021,Serafina,6
CT,F,2021,Teresa,6
CT,F,2021,Theresa,6
CT,F,2021,Wynter,6
CT,F,2021,Zelda,6
CT,F,2021,Zora,6
CT,F,2021,Adelyn,5
CT,F,2021,Adley,5
CT,F,2021,Alicia,5
CT,F,2021,Amarah,5
CT,F,2021,Analia,5
CT,F,2021,April,5
CT,F,2021,Avah,5
CT,F,2021,Ayana,5
CT,F,2021,Bethany,5
CT,F,2021,Blakely,5
CT,F,2021,Cadence,5
CT,F,2021,Calliope,5
CT,F,2021,Capri,5
CT,F,2021,Carina,5
CT,F,2021,Carmela,5
CT,F,2021,Carter,5
CT,F,2021,Charli,5
CT,F,2021,Claudia,5
CT,F,2021,Coraline,5
CT,F,2021,Dara,5
CT,F,2021,Dorothy,5
CT,F,2021,Dulce,5
CT,F,2021,Elara,5
CT,F,2021,Elisabeth,5
CT,F,2021,Erica,5
CT,F,2021,Esmeralda,5
CT,F,2021,Evelynn,5
CT,F,2021,Everlee,5
CT,F,2021,Fernanda,5
CT,F,2021,Flora,5
CT,F,2021,Frankie,5
CT,F,2021,Giada,5
CT,F,2021,Giana,5
CT,F,2021,Giovanna,5
CT,F,2021,Goldie,5
CT,F,2021,Harriet,5
CT,F,2021,Holly,5
CT,F,2021,Imani,5
CT,F,2021,India,5
CT,F,2021,Irene,5
CT,F,2021,Ivory,5
CT,F,2021,Jamie,5
CT,F,2021,Janiyah,5
CT,F,2021,Jayleen,5
CT,F,2021,Journey,5
CT,F,2021,Jovie,5
CT,F,2021,Keily,5
CT,F,2021,Khadija,5
CT,F,2021,Kiera,5
CT,F,2021,Lacey,5
CT,F,2021,Layne,5
CT,F,2021,Lea,5
CT,F,2021,Leslie,5
CT,F,2021,Liz,5
CT,F,2021,Lyanna,5
CT,F,2021,Lylah,5
CT,F,2021,Maci,5
CT,F,2021,Mackenna,5
CT,F,2021,Makenzie,5
CT,F,2021,Mariella,5
CT,F,2021,Marina,5
CT,F,2021,Meghan,5
CT,F,2021,Milania,5
CT,F,2021,Milena,5
CT,F,2021,Miranda,5
CT,F,2021,Monica,5
CT,F,2021,Nashla,5
CT,F,2021,Navy,5
CT,F,2021,Nellie,5
CT,F,2021,Oakley,5
CT,F,2021,Ophelia,5
CT,F,2021,Penny,5
CT,F,2021,Phoenix,5
CT,F,2021,Pippa,5
CT,F,2021,Promise,5
CT,F,2021,Raven,5
CT,F,2021,Remy,5
CT,F,2021,Rosemary,5
CT,F,2021,Ryder,5
CT,F,2021,Shanaya,5
CT,F,2021,Shay,5
CT,F,2021,Shayla,5
CT,F,2021,Shiloh,5
CT,F,2021,Sky,5
CT,F,2021,Stevie,5
CT,F,2021,Sutton,5
CT,F,2021,Sylvie,5
CT,F,2021,Tara,5
CT,F,2021,Tori,5
CT,F,2021,Winifred,5
CT,F,2021,Ziva,5
CT,F,2022,Olivia,209
CT,F,2022,Emma,172
CT,F,2022,Charlotte,158
CT,F,2022,Isabella,158
CT,F,2022,Mia,155
CT,F,2022,Sophia,153
CT,F,2022,Ava,149
CT,F,2022,Amelia,139
CT,F,2022,Madison,104
CT,F,2022,Sofia,103
CT,F,2022,Gianna,97
CT,F,2022,Luna,92
CT,F,2022,Ella,87
CT,F,2022,Nora,86
CT,F,2022,Lily,85
CT,F,2022,Harper,82
CT,F,2022,Grace,81
CT,F,2022,Scarlett,81
CT,F,2022,Chloe,80
CT,F,2022,Camila,79
CT,F,2022,Eleanor,78
CT,F,2022,Emily,78
CT,F,2022,Mila,76
CT,F,2022,Penelope,76
CT,F,2022,Avery,72
CT,F,2022,Evelyn,72
CT,F,2022,Emilia,70
CT,F,2022,Lucy,70
CT,F,2022,Aria,69
CT,F,2022,Elizabeth,69
CT,F,2022,Abigail,68
CT,F,2022,Layla,68
CT,F,2022,Zoe,67
CT,F,2022,Riley,66
CT,F,2022,Isla,62
CT,F,2022,Violet,62
CT,F,2022,Maya,60
CT,F,2022,Zoey,59
CT,F,2022,Gabriella,57
CT,F,2022,Lillian,57
CT,F,2022,Maeve,57
CT,F,2022,Victoria,57
CT,F,2022,Stella,56
CT,F,2022,Eliana,54
CT,F,2022,Hannah,54
CT,F,2022,Valentina,53
CT,F,2022,Madeline,51
CT,F,2022,Addison,50
CT,F,2022,Aurora,48
CT,F,2022,Hailey,48
CT,F,2022,Nova,48
CT,F,2022,Ellie,47
CT,F,2022,Hazel,47
CT,F,2022,Natalie,47
CT,F,2022,Sienna,47
CT,F,2022,Claire,46
CT,F,2022,Alice,45
CT,F,2022,Elena,44
CT,F,2022,Savannah,44
CT,F,2022,Cora,43
CT,F,2022,Leah,43
CT,F,2022,Naomi,43
CT,F,2022,Skylar,43
CT,F,2022,Sophie,43
CT,F,2022,Autumn,42
CT,F,2022,Brooklyn,41
CT,F,2022,Kinsley,41
CT,F,2022,Liliana,41
CT,F,2022,Madelyn,41
CT,F,2022,Quinn,41
CT,F,2022,Vivian,41
CT,F,2022,Josephine,40
CT,F,2022,Julia,40
CT,F,2022,Sadie,39
CT,F,2022,Kennedy,38
CT,F,2022,Willow,38
CT,F,2022,Everly,37
CT,F,2022,Mackenzie,37
CT,F,2022,Peyton,37
CT,F,2022,Ruby,37
CT,F,2022,Aaliyah,36
CT,F,2022,Isabelle,36
CT,F,2022,Cecilia,35
CT,F,2022,Lyla,35
CT,F,2022,Aubrey,34
CT,F,2022,Sloane,34
CT,F,2022,Jade,33
CT,F,2022,Juliette,33
CT,F,2022,Ariana,32
CT,F,2022,Ayla,32
CT,F,2022,Eva,31
CT,F,2022,Eloise,30
CT,F,2022,Samantha,30
CT,F,2022,Sarah,30
CT,F,2022,Brielle,29
CT,F,2022,Hadley,29
CT,F,2022,Rose,29
CT,F,2022,Summer,29
CT,F,2022,Audrey,28
CT,F,2022,Caroline,28
CT,F,2022,Sage,28
CT,F,2022,Amaya,27
CT,F,2022,Bella,27
CT,F,2022,Daisy,27
CT,F,2022,Delilah,27
CT,F,2022,Serenity,27
CT,F,2022,Anna,26
CT,F,2022,Brianna,26
CT,F,2022,Gemma,26
CT,F,2022,Maria,26
CT,F,2022,Eliza,25
CT,F,2022,Gia,25
CT,F,2022,Natalia,25
CT,F,2022,Athena,24
CT,F,2022,Elliana,24
CT,F,2022,Lia,24
CT,F,2022,Margaret,24
CT,F,2022,Paige,24
CT,F,2022,Rylee,24
CT,F,2022,Tessa,24
CT,F,2022,Callie,23
CT,F,2022,Clara,23
CT,F,2022,Isabel,23
CT,F,2022,Ivy,23
CT,F,2022,Lila,23
CT,F,2022,Taylor,23
CT,F,2022,Zara,23
CT,F,2022,Alaia,22
CT,F,2022,Alessia,22
CT,F,2022,Alexandra,22
CT,F,2022,Lilliana,22
CT,F,2022,Nyla,22
CT,F,2022,Rory,22
CT,F,2022,Valerie,22
CT,F,2022,Adeline,21
CT,F,2022,Ariella,21
CT,F,2022,Arya,21
CT,F,2022,Catalina,21
CT,F,2022,Faith,21
CT,F,2022,Genevieve,21
CT,F,2022,Juliana,21
CT,F,2022,Margot,21
CT,F,2022,Nevaeh,21
CT,F,2022,Noelle,21
CT,F,2022,Adriana,20
CT,F,2022,Anastasia,20
CT,F,2022,Arianna,20
CT,F,2022,Jayla,20
CT,F,2022,Kaia,20
CT,F,2022,Katherine,20
CT,F,2022,Lucia,20
CT,F,2022,Piper,20
CT,F,2022,Reese,20
CT,F,2022,Amara,19
CT,F,2022,Blake,19
CT,F,2022,Brooke,19
CT,F,2022,Charlie,19
CT,F,2022,Delaney,19
CT,F,2022,Emerson,19
CT,F,2022,Mckenna,19
CT,F,2022,Parker,19
CT,F,2022,Phoebe,19
CT,F,2022,Ruth,19
CT,F,2022,Sydney,19
CT,F,2022,Alaina,18
CT,F,2022,Alana,18
CT,F,2022,Anya,18
CT,F,2022,Camille,18
CT,F,2022,Emersyn,18
CT,F,2022,Emery,18
CT,F,2022,Francesca,18
CT,F,2022,Georgia,18
CT,F,2022,Iris,18
CT,F,2022,Josie,18
CT,F,2022,Leilani,18
CT,F,2022,Lydia,18
CT,F,2022,Marley,18
CT,F,2022,Melody,18
CT,F,2022,Molly,18
CT,F,2022,Raelynn,18
CT,F,2022,Vera,18
CT,F,2022,Adalyn,17
CT,F,2022,Alayna,17
CT,F,2022,Amy,17
CT,F,2022,Eden,17
CT,F,2022,Fiona,17
CT,F,2022,Genesis,17
CT,F,2022,Juniper,17
CT,F,2022,Lilah,17
CT,F,2022,Madeleine,17
CT,F,2022,Meadow,17
CT,F,2022,Melanie,17
CT,F,2022,Morgan,17
CT,F,2022,Reagan,17
CT,F,2022,Remi,17
CT,F,2022,Teagan,17
CT,F,2022,Vivienne,17
CT,F,2022,Alina,16
CT,F,2022,Amira,16
CT,F,2022,Annie,16
CT,F,2022,Gabriela,16
CT,F,2022,Harlow,16
CT,F,2022,Kayla,16
CT,F,2022,Kaylani,16
CT,F,2022,Malia,16
CT,F,2022,Milani,16
CT,F,2022,Mya,16
CT,F,2022,Rosalie,16
CT,F,2022,Rowan,16
CT,F,2022,Selena,16
CT,F,2022,Alani,15
CT,F,2022,Alyssa,15
CT,F,2022,Andrea,15
CT,F,2022,Ashley,15
CT,F,2022,Camilla,15
CT,F,2022,Camryn,15
CT,F,2022,Celine,15
CT,F,2022,Evangeline,15
CT,F,2022,Freya,15
CT,F,2022,Giuliana,15
CT,F,2022,Juliet,15
CT,F,2022,Kali,15
CT,F,2022,Kehlani,15
CT,F,2022,Kiara,15
CT,F,2022,Leila,15
CT,F,2022,Lilly,15
CT,F,2022,Mary,15
CT,F,2022,Ada,14
CT,F,2022,Adalynn,14
CT,F,2022,Bianca,14
CT,F,2022,Colette,14
CT,F,2022,Izabella,14
CT,F,2022,Julianna,14
CT,F,2022,Kaylee,14
CT,F,2022,Lena,14
CT,F,2022,Lennon,14
CT,F,2022,London,14
CT,F,2022,Magnolia,14
CT,F,2022,Nina,14
CT,F,2022,Norah,14
CT,F,2022,Paisley,14
CT,F,2022,Ryleigh,14
CT,F,2022,Sara,14
CT,F,2022,Adelaide,13
CT,F,2022,Adelina,13
CT,F,2022,Amora,13
CT,F,2022,Annabelle,13
CT,F,2022,Ariyah,13
CT,F,2022,Daniela,13
CT,F,2022,Elsie,13
CT,F,2022,Hope,13
CT,F,2022,Kamila,13
CT,F,2022,Keira,13
CT,F,2022,Laura,13
CT,F,2022,Logan,13
CT,F,2022,Mae,13
CT,F,2022,Mariana,13
CT,F,2022,Mckenzie,13
CT,F,2022,Michaela,13
CT,F,2022,Myla,13
CT,F,2022,Olive,13
CT,F,2022,Stevie,13
CT,F,2022,Alanna,12
CT,F,2022,Alessandra,12
CT,F,2022,Amaia,12
CT,F,2022,Ariya,12
CT,F,2022,Aurelia,12
CT,F,2022,Cali,12
CT,F,2022,Catherine,12
CT,F,2022,Cecelia,12
CT,F,2022,Celeste,12
CT,F,2022,Elise,12
CT,F,2022,Everleigh,12
CT,F,2022,Felicity,12
CT,F,2022,Harmony,12
CT,F,2022,Jasmine,12
CT,F,2022,Kendall,12
CT,F,2022,Kylie,12
CT,F,2022,Lainey,12
CT,F,2022,Lola,12
CT,F,2022,Londyn,12
CT,F,2022,Maryam,12
CT,F,2022,Noa,12
CT,F,2022,Payton,12
CT,F,2022,Raegan,12
CT,F,2022,Siena,12
CT,F,2022,Alora,11
CT,F,2022,Amina,11
CT,F,2022,Anaya,11
CT,F,2022,Aniyah,11
CT,F,2022,Annalise,11
CT,F,2022,Daphne,11
CT,F,2022,Elaina,11
CT,F,2022,Esther,11
CT,F,2022,Hayden,11
CT,F,2022,Kate,11
CT,F,2022,Kayleigh,11
CT,F,2022,Khloe,11
CT,F,2022,Kimberly,11
CT,F,2022,Lina,11
CT,F,2022,Louise,11
CT,F,2022,Maisie,11
CT,F,2022,Melissa,11
CT,F,2022,Mikaela,11
CT,F,2022,Millie,11
CT,F,2022,Raya,11
CT,F,2022,Reign,11
CT,F,2022,River,11
CT,F,2022,Serena,11
CT,F,2022,Zuri,11
CT,F,2022,Aitana,10
CT,F,2022,Allison,10
CT,F,2022,Angela,10
CT,F,2022,Antonella,10
CT,F,2022,Arabella,10
CT,F,2022,Brynn,10
CT,F,2022,Cameron,10
CT,F,2022,Clare,10
CT,F,2022,Danna,10
CT,F,2022,Demi,10
CT,F,2022,Diana,10
CT,F,2022,Dylan,10
CT,F,2022,Elle,10
CT,F,2022,Esme,10
CT,F,2022,Finley,10
CT,F,2022,Giselle,10
CT,F,2022,Helena,10
CT,F,2022,Holly,10
CT,F,2022,Isabela,10
CT,F,2022,June,10
CT,F,2022,Kyra,10
CT,F,2022,Madisyn,10
CT,F,2022,Makenna,10
CT,F,2022,Mara,10
CT,F,2022,Nia,10
CT,F,2022,Nicole,10
CT,F,2022,Ophelia,10
CT,F,2022,Poppy,10
CT,F,2022,Sarai,10
CT,F,2022,Sawyer,10
CT,F,2022,Skyler,10
CT,F,2022,Amalia,9
CT,F,2022,Amari,9
CT,F,2022,Amber,9
CT,F,2022,Arielle,9
CT,F,2022,Astrid,9
CT,F,2022,Bailey,9
CT,F,2022,Blair,9
CT,F,2022,Briana,9
CT,F,2022,Briella,9
CT,F,2022,Cassidy,9
CT,F,2022,Dahlia,9
CT,F,2022,Dakota,9
CT,F,2022,Daniella,9
CT,F,2022,Elianna,9
CT,F,2022,Emelia,9
CT,F,2022,Estelle,9
CT,F,2022,Hadassah,9
CT,F,2022,Hallie,9
CT,F,2022,Hanna,9
CT,F,2022,Harley,9
CT,F,2022,Haven,9
CT,F,2022,Helen,9
CT,F,2022,Jaliyah,9
CT,F,2022,Jordyn,9
CT,F,2022,Kailani,9
CT,F,2022,Kira,9
CT,F,2022,Kyla,9
CT,F,2022,Laila,9
CT,F,2022,Liv,9
CT,F,2022,Liz,9
CT,F,2022,Mariah,9
CT,F,2022,Marina,9
CT,F,2022,Myra,9
CT,F,2022,Phoenix,9
CT,F,2022,Sabrina,9
CT,F,2022,Seraphina,9
CT,F,2022,Skye,9
CT,F,2022,Talia,9
CT,F,2022,Thea,9
CT,F,2022,Valeria,9
CT,F,2022,Vienna,9
CT,F,2022,Wren,9
CT,F,2022,Alayah,8
CT,F,2022,Alma,8
CT,F,2022,Angelica,8
CT,F,2022,Ariel,8
CT,F,2022,Aviana,8
CT,F,2022,Beatrice,8
CT,F,2022,Carla,8
CT,F,2022,Cataleya,8
CT,F,2022,Destiny,8
CT,F,2022,Emmy,8
CT,F,2022,Giovanna,8
CT,F,2022,Giulia,8
CT,F,2022,Gwendolyn,8
CT,F,2022,Haley,8
CT,F,2022,Hana,8
CT,F,2022,Jane,8
CT,F,2022,Joanna,8
CT,F,2022,Jordan,8
CT,F,2022,Journey,8
CT,F,2022,Kenzie,8
CT,F,2022,Khaleesi,8
CT,F,2022,Lara,8
CT,F,2022,Lea,8
CT,F,2022,Leia,8
CT,F,2022,Liana,8
CT,F,2022,Lucille,8
CT,F,2022,Macie,8
CT,F,2022,Marlee,8
CT,F,2022,Marlowe,8
CT,F,2022,Matilda,8
CT,F,2022,Melina,8
CT,F,2022,Michelle,8
CT,F,2022,Mikayla,8
CT,F,2022,Mylah,8
CT,F,2022,Nola,8
CT,F,2022,Rosemary,8
CT,F,2022,Rosie,8
CT,F,2022,Ryan,8
CT,F,2022,Samara,8
CT,F,2022,Sasha,8
CT,F,2022,Shay,8
CT,F,2022,Simone,8
CT,F,2022,Stephanie,8
CT,F,2022,Willa,8
CT,F,2022,Adaline,7
CT,F,2022,Adelyn,7
CT,F,2022,Alison,7
CT,F,2022,Alivia,7
CT,F,2022,Amayah,7
CT,F,2022,Analia,7
CT,F,2022,Angelina,7
CT,F,2022,Antonia,7
CT,F,2022,Ariah,7
CT,F,2022,Aubree,7
CT,F,2022,Aura,7
CT,F,2022,Cassandra,7
CT,F,2022,Celia,7
CT,F,2022,Charli,7
CT,F,2022,Chelsea,7
CT,F,2022,Eileen,7
CT,F,2022,Elodie,7
CT,F,2022,Ember,7
CT,F,2022,Erin,7
CT,F,2022,Everlee,7
CT,F,2022,Gabrielle,7
CT,F,2022,Jaylani,7
CT,F,2022,Journee,7
CT,F,2022,Kenna,7
CT,F,2022,Kora,7
CT,F,2022,Leona,7
CT,F,2022,Lilyana,7
CT,F,2022,Lorelai,7
CT,F,2022,Luciana,7
CT,F,2022,Lyric,7
CT,F,2022,Maddison,7
CT,F,2022,Madelynn,7
CT,F,2022,Maia,7
CT,F,2022,Mina,7
CT,F,2022,Navy,7
CT,F,2022,Noor,7
CT,F,2022,Nylah,7
CT,F,2022,Reina,7
CT,F,2022,Remy,7
CT,F,2022,Sapphire,7
CT,F,2022,Selah,7
CT,F,2022,Tara,7
CT,F,2022,Winter,7
CT,F,2022,Wynter,7
CT,F,2022,Yara,7
CT,F,2022,Zaya,7
CT,F,2022,Adrianna,6
CT,F,2022,Aila,6
CT,F,2022,Alaya,6
CT,F,2022,Alexis,6
CT,F,2022,Aliana,6
CT,F,2022,Alisson,6
CT,F,2022,Aliyah,6
CT,F,2022,Amirah,6
CT,F,2022,Ana,6
CT,F,2022,Anais,6
CT,F,2022,Angie,6
CT,F,2022,Annika,6
CT,F,2022,Aspen,6
CT,F,2022,Averie,6
CT,F,2022,Avianna,6
CT,F,2022,Azalea,6
CT,F,2022,Azariah,6
CT,F,2022,Blakely,6
CT,F,2022,Bria,6
CT,F,2022,Capri,6
CT,F,2022,Carolina,6
CT,F,2022,Cassie,6
CT,F,2022,Colbie,6
CT,F,2022,Collins,6
CT,F,2022,Crystal,6
CT,F,2022,Elisa,6
CT,F,2022,Elisabeth,6
CT,F,2022,Ellianna,6
CT,F,2022,Emerald,6
CT,F,2022,Emme,6
CT,F,2022,Ester,6
CT,F,2022,Eve,6
CT,F,2022,Evie,6
CT,F,2022,Fatima,6
CT,F,2022,Giada,6
CT,F,2022,Gracelyn,6
CT,F,2022,Heidi,6
CT,F,2022,Imani,6
CT,F,2022,Iyla,6
CT,F,2022,Jada,6
CT,F,2022,Janelle,6
CT,F,2022,Jemma,6
CT,F,2022,Joy,6
CT,F,2022,Kalani,6
CT,F,2022,Kaliyah,6
CT,F,2022,Katie,6
CT,F,2022,Lacey,6
CT,F,2022,Legacy,6
CT,F,2022,Leyla,6
CT,F,2022,Lilian,6
CT,F,2022,Lucie,6
CT,F,2022,Madilyn,6
CT,F,2022,Malani,6
CT,F,2022,Maren,6
CT,F,2022,Marie,6
CT,F,2022,Mira,6
CT,F,2022,Miriam,6
CT,F,2022,Nadia,6
CT,F,2022,Nala,6
CT,F,2022,Novalee,6
CT,F,2022,Palmer,6
CT,F,2022,Paloma,6
CT,F,2022,Paris,6
CT,F,2022,Pearl,6
CT,F,2022,Persephone,6
CT,F,2022,Rebecca,6
CT,F,2022,Robin,6
CT,F,2022,Saige,6
CT,F,2022,Sariyah,6
CT,F,2022,Sevyn,6
CT,F,2022,Shea,6
CT,F,2022,Sylvia,6
CT,F,2022,Sylvie,6
CT,F,2022,Vanessa,6
CT,F,2022,Veda,6
CT,F,2022,Veronica,6
CT,F,2022,Virginia,6
CT,F,2022,Zariyah,6
CT,F,2022,Abby,5
CT,F,2022,Abrielle,5
CT,F,2022,Adira,5
CT,F,2022,Anahi,5
CT,F,2022,Anne,5
CT,F,2022,Armani,5
CT,F,2022,Audriana,5
CT,F,2022,Aylah,5
CT,F,2022,Bonnie,5
CT,F,2022,Bridget,5
CT,F,2022,Brooklynn,5
CT,F,2022,Calliope,5
CT,F,2022,Carmela,5
CT,F,2022,Carter,5
CT,F,2022,Charleigh,5
CT,F,2022,Christina,5
CT,F,2022,Clementine,5
CT,F,2022,Coraline,5
CT,F,2022,Dani,5
CT,F,2022,Danielle,5
CT,F,2022,Delia,5
CT,F,2022,Dream,5
CT,F,2022,Drew,5
CT,F,2022,Dua,5
CT,F,2022,Elora,5
CT,F,2022,Emiliana,5
CT,F,2022,Evelynn,5
CT,F,2022,Giana,5
CT,F,2022,Gracie,5
CT,F,2022,Harmoni,5
CT,F,2022,Haylee,5
CT,F,2022,Iliana,5
CT,F,2022,Jazlyn,5
CT,F,2022,Jessica,5
CT,F,2022,Joan,5
CT,F,2022,Jocelyn,5
CT,F,2022,Kailey,5
CT,F,2022,Kaitlyn,5
CT,F,2022,Kaiya,5
CT,F,2022,Kaylie,5
CT,F,2022,Kelsey,5
CT,F,2022,Kiyomi,5
CT,F,2022,Lana,5
CT,F,2022,Lilith,5
CT,F,2022,Livia,5
CT,F,2022,Love,5
CT,F,2022,Lylah,5
CT,F,2022,Maggie,5
CT,F,2022,Makayla,5
CT,F,2022,Malaysia,5
CT,F,2022,Maliyah,5
CT,F,2022,Marceline,5
CT,F,2022,Marleigh,5
CT,F,2022,May,5
CT,F,2022,Meghan,5
CT,F,2022,Merritt,5
CT,F,2022,Milan,5
CT,F,2022,Miracle,5
CT,F,2022,Monroe,5
CT,F,2022,Nailah,5
CT,F,2022,Nathalie,5
CT,F,2022,Noah,5
CT,F,2022,Noemi,5
CT,F,2022,Oakley,5
CT,F,2022,Ocean,5
CT,F,2022,Octavia,5
CT,F,2022,Rachel,5
CT,F,2022,Raquel,5
CT,F,2022,Remington,5
CT,F,2022,Royal,5
CT,F,2022,Ryder,5
CT,F,2022,Rylie,5
CT,F,2022,Saoirse,5
CT,F,2022,Saylor,5
CT,F,2022,Scarlet,5
CT,F,2022,Scarlette,5
CT,F,2022,Shelby,5
CT,F,2022,Sloan,5
CT,F,2022,Theodora,5
CT,F,2022,Trinity,5
CT,F,2022,Zahra,5
CT,F,2022,Zariah,5
CT,F,2022,Zayla,5
CT,F,2022,Zendaya,5
CT,F,2023,Olivia,172
CT,F,2023,Charlotte,163
CT,F,2023,Mia,161
CT,F,2023,Emma,154
CT,F,2023,Amelia,148
CT,F,2023,Ava,143
CT,F,2023,Sophia,141
CT,F,2023,Isabella,129
CT,F,2023,Madison,109
CT,F,2023,Sofia,100
CT,F,2023,Mila,95
CT,F,2023,Penelope,95
CT,F,2023,Gianna,94
CT,F,2023,Chloe,85
CT,F,2023,Harper,85
CT,F,2023,Nora,85
CT,F,2023,Luna,80
CT,F,2023,Lily,75
CT,F,2023,Zoe,75
CT,F,2023,Emily,72
CT,F,2023,Emilia,70
CT,F,2023,Isla,70
CT,F,2023,Aria,68
CT,F,2023,Stella,68
CT,F,2023,Elizabeth,67
CT,F,2023,Evelyn,67
CT,F,2023,Avery,66
CT,F,2023,Maya,65
CT,F,2023,Violet,65
CT,F,2023,Grace,64
CT,F,2023,Aurora,63
CT,F,2023,Camila,63
CT,F,2023,Ella,63
CT,F,2023,Hannah,62
CT,F,2023,Layla,62
CT,F,2023,Eliana,61
CT,F,2023,Scarlett,61
CT,F,2023,Lucy,60
CT,F,2023,Maeve,59
CT,F,2023,Abigail,58
CT,F,2023,Eleanor,58
CT,F,2023,Riley,58
CT,F,2023,Savannah,55
CT,F,2023,Valentina,54
CT,F,2023,Zoey,52
CT,F,2023,Lillian,51
CT,F,2023,Elena,50
CT,F,2023,Gabriella,50
CT,F,2023,Hazel,50
CT,F,2023,Nova,50
CT,F,2023,Cecilia,49
CT,F,2023,Madelyn,49
CT,F,2023,Natalie,49
CT,F,2023,Josephine,47
CT,F,2023,Sophie,47
CT,F,2023,Ellie,45
CT,F,2023,Hailey,44
CT,F,2023,Julia,44
CT,F,2023,Liliana,44
CT,F,2023,Quinn,43
CT,F,2023,Victoria,43
CT,F,2023,Ivy,42
CT,F,2023,Lyla,42
CT,F,2023,Sienna,42
CT,F,2023,Ariana,41
CT,F,2023,Claire,41
CT,F,2023,Skylar,41
CT,F,2023,Eloise,40
CT,F,2023,Alice,39
CT,F,2023,Anna,37
CT,F,2023,Eva,36
CT,F,2023,Madeline,36
CT,F,2023,Mackenzie,35
CT,F,2023,Sloane,35
CT,F,2023,Alexandra,34
CT,F,2023,Cora,34
CT,F,2023,Naomi,34
CT,F,2023,Leah,33
CT,F,2023,Rose,33
CT,F,2023,Sadie,33
CT,F,2023,Caroline,32
CT,F,2023,Jade,32
CT,F,2023,Kinsley,32
CT,F,2023,Margaret,32
CT,F,2023,Addison,31
CT,F,2023,Hadley,31
CT,F,2023,Adeline,30
CT,F,2023,Aubrey,30
CT,F,2023,Clara,30
CT,F,2023,Everly,30
CT,F,2023,Isabelle,30
CT,F,2023,Kennedy,30
CT,F,2023,Leilani,30
CT,F,2023,Vivian,30
CT,F,2023,Peyton,29
CT,F,2023,Amara,28
CT,F,2023,Audrey,28
CT,F,2023,Eliza,28
CT,F,2023,Lucia,28
CT,F,2023,Margot,28
CT,F,2023,Willow,28
CT,F,2023,Alessia,27
CT,F,2023,Autumn,27
CT,F,2023,Juliana,27
CT,F,2023,Brooke,26
CT,F,2023,Delilah,26
CT,F,2023,Genesis,26
CT,F,2023,Rosalie,26
CT,F,2023,Samantha,26
CT,F,2023,Ayla,25
CT,F,2023,Callie,25
CT,F,2023,Genevieve,25
CT,F,2023,Josie,25
CT,F,2023,Lila,25
CT,F,2023,Melody,25
CT,F,2023,Piper,25
CT,F,2023,Alina,24
CT,F,2023,Brooklyn,24
CT,F,2023,Lena,24
CT,F,2023,Lia,24
CT,F,2023,Lilah,24
CT,F,2023,Molly,24
CT,F,2023,Parker,24
CT,F,2023,Ruby,24
CT,F,2023,Talia,24
CT,F,2023,Alaia,23
CT,F,2023,Bella,23
CT,F,2023,Brielle,23
CT,F,2023,Fiona,23
CT,F,2023,Juliette,23
CT,F,2023,Lydia,23
CT,F,2023,Maria,23
CT,F,2023,Serenity,23
CT,F,2023,Arya,22
CT,F,2023,Ashley,22
CT,F,2023,Blake,22
CT,F,2023,Eden,22
CT,F,2023,Noelle,22
CT,F,2023,Remi,22
CT,F,2023,Rylee,22
CT,F,2023,Taylor,22
CT,F,2023,Aaliyah,21
CT,F,2023,Amaya,21
CT,F,2023,Angelina,21
CT,F,2023,Charlie,21
CT,F,2023,Gemma,21
CT,F,2023,Isabel,21
CT,F,2023,Morgan,21
CT,F,2023,Sage,21
CT,F,2023,Sarah,21
CT,F,2023,Athena,20
CT,F,2023,Freya,20
CT,F,2023,Kaia,20
CT,F,2023,Rowan,20
CT,F,2023,Tessa,20
CT,F,2023,Anastasia,19
CT,F,2023,Elliana,19
CT,F,2023,Emery,19
CT,F,2023,Francesca,19
CT,F,2023,Gia,19
CT,F,2023,Julianna,19
CT,F,2023,Juniper,19
CT,F,2023,Leila,19
CT,F,2023,Madeleine,19
CT,F,2023,Poppy,19
CT,F,2023,Teagan,19
CT,F,2023,Vivienne,19
CT,F,2023,Amira,18
CT,F,2023,Ariella,18
CT,F,2023,Bailey,18
CT,F,2023,Catalina,18
CT,F,2023,Cecelia,18
CT,F,2023,Giuliana,18
CT,F,2023,Kehlani,18
CT,F,2023,Lainey,18
CT,F,2023,Mckenna,18
CT,F,2023,Myla,18
CT,F,2023,Phoebe,18
CT,F,2023,Reese,18
CT,F,2023,Serena,18
CT,F,2023,Zara,18
CT,F,2023,Zuri,18
CT,F,2023,Allison,17
CT,F,2023,Daisy,17
CT,F,2023,Iris,17
CT,F,2023,Luciana,17
CT,F,2023,Mary,17
CT,F,2023,Norah,17
CT,F,2023,Paige,17
CT,F,2023,Summer,17
CT,F,2023,Valerie,17
CT,F,2023,Adelina,16
CT,F,2023,Brianna,16
CT,F,2023,Danna,16
CT,F,2023,Katherine,16
CT,F,2023,Milani,16
CT,F,2023,Reagan,16
CT,F,2023,Ruth,16
CT,F,2023,Alana,15
CT,F,2023,Antonella,15
CT,F,2023,Arianna,15
CT,F,2023,Camille,15
CT,F,2023,Daniela,15
CT,F,2023,Delaney,15
CT,F,2023,Juliet,15
CT,F,2023,Kaylani,15
CT,F,2023,Kylie,15
CT,F,2023,Liana,15
CT,F,2023,Melanie,15
CT,F,2023,Millie,15
CT,F,2023,Nina,15
CT,F,2023,Shea,15
CT,F,2023,Sydney,15
CT,F,2023,Vienna,15
CT,F,2023,Amy,14
CT,F,2023,Bridget,14
CT,F,2023,Catherine,14
CT,F,2023,Dakota,14
CT,F,2023,Daphne,14
CT,F,2023,Elsie,14
CT,F,2023,Esme,14
CT,F,2023,Kiara,14
CT,F,2023,Lilith,14
CT,F,2023,Mya,14
CT,F,2023,Natalia,14
CT,F,2023,Nyla,14
CT,F,2023,Rory,14
CT,F,2023,Zariah,14
CT,F,2023,Adriana,13
CT,F,2023,Anaya,13
CT,F,2023,Ariel,13
CT,F,2023,Brynn,13
CT,F,2023,Cameron,13
CT,F,2023,Camilla,13
CT,F,2023,Cataleya,13
CT,F,2023,Elise,13
CT,F,2023,Faith,13
CT,F,2023,Georgia,13
CT,F,2023,Holly,13
CT,F,2023,Lola,13
CT,F,2023,Nylah,13
CT,F,2023,Rosemary,13
CT,F,2023,Samara,13
CT,F,2023,Vera,13
CT,F,2023,Zahra,13
CT,F,2023,Aitana,12
CT,F,2023,Alani,12
CT,F,2023,Amina,12
CT,F,2023,Celeste,12
CT,F,2023,Dahlia,12
CT,F,2023,Demi,12
CT,F,2023,Emersyn,12
CT,F,2023,Esther,12
CT,F,2023,Everleigh,12
CT,F,2023,Fatima,12
CT,F,2023,Helen,12
CT,F,2023,June,12
CT,F,2023,Kayla,12
CT,F,2023,Kaylee,12
CT,F,2023,Paisley,12
CT,F,2023,Selena,12
CT,F,2023,Siena,12
CT,F,2023,Viviana,12
CT,F,2023,Adelaide,11
CT,F,2023,Adrianna,11
CT,F,2023,Alyssa,11
CT,F,2023,Azalea,11
CT,F,2023,Dylan,11
CT,F,2023,Elianna,11
CT,F,2023,Finley,11
CT,F,2023,Flora,11
CT,F,2023,Gabriela,11
CT,F,2023,Giana,11
CT,F,2023,Giavanna,11
CT,F,2023,Harlow,11
CT,F,2023,Hope,11
CT,F,2023,Jayla,11
CT,F,2023,Kailani,11
CT,F,2023,Kali,11
CT,F,2023,Laura,11
CT,F,2023,Lennon,11
CT,F,2023,Liz,11
CT,F,2023,Mae,11
CT,F,2023,Marley,11
CT,F,2023,Nicole,11
CT,F,2023,Noa,11
CT,F,2023,Palmer,11
CT,F,2023,Payton,11
CT,F,2023,Raelynn,11
CT,F,2023,River,11
CT,F,2023,Saoirse,11
CT,F,2023,Sara,11
CT,F,2023,Ada,10
CT,F,2023,Alaya,10
CT,F,2023,Alison,10
CT,F,2023,Alora,10
CT,F,2023,Amora,10
CT,F,2023,Aubree,10
CT,F,2023,Bianca,10
CT,F,2023,Celine,10
CT,F,2023,Colette,10
CT,F,2023,Diana,10
CT,F,2023,Elaina,10
CT,F,2023,Emely,10
CT,F,2023,Emory,10
CT,F,2023,Evangeline,10
CT,F,2023,Evie,10
CT,F,2023,Hadassah,10
CT,F,2023,Hallie,10
CT,F,2023,Harley,10
CT,F,2023,Helena,10
CT,F,2023,Jaylani,10
CT,F,2023,Journee,10
CT,F,2023,Journey,10
CT,F,2023,Keira,10
CT,F,2023,Kendall,10
CT,F,2023,Khloe,10
CT,F,2023,Lilian,10
CT,F,2023,Lorelei,10
CT,F,2023,Maisie,10
CT,F,2023,Malia,10
CT,F,2023,Meadow,10
CT,F,2023,Meredith,10
CT,F,2023,Tatum,10
CT,F,2023,Adaline,9
CT,F,2023,Alessandra,9
CT,F,2023,Alianna,9
CT,F,2023,Aliyah,9
CT,F,2023,Annie,9
CT,F,2023,Aylin,9
CT,F,2023,Clare,9
CT,F,2023,Collins,9
CT,F,2023,Destiny,9
CT,F,2023,Elora,9
CT,F,2023,Emelia,9
CT,F,2023,Emerson,9
CT,F,2023,Esmeralda,9
CT,F,2023,Felicity,9
CT,F,2023,Giselle,9
CT,F,2023,Hayden,9
CT,F,2023,Jordyn,9
CT,F,2023,Joy,9
CT,F,2023,Kayleigh,9
CT,F,2023,Khaleesi,9
CT,F,2023,Kira,9
CT,F,2023,Leia,9
CT,F,2023,Lilly,9
CT,F,2023,Logan,9
CT,F,2023,London,9
CT,F,2023,Maddison,9
CT,F,2023,Malani,9
CT,F,2023,Mariah,9
CT,F,2023,Marina,9
CT,F,2023,Matilda,9
CT,F,2023,Michaela,9
CT,F,2023,Mira,9
CT,F,2023,Nevaeh,9
CT,F,2023,Nia,9
CT,F,2023,Olive,9
CT,F,2023,Raven,9
CT,F,2023,Ryleigh,9
CT,F,2023,Rylie,9
CT,F,2023,Sarai,9
CT,F,2023,Valeria,9
CT,F,2023,Vanessa,9
CT,F,2023,Willa,9
CT,F,2023,Zhuri,9
CT,F,2023,Adalyn,8
CT,F,2023,Adalynn,8
CT,F,2023,Adhara,8
CT,F,2023,Alaina,8
CT,F,2023,Aliana,8
CT,F,2023,Amaia,8
CT,F,2023,Amalia,8
CT,F,2023,Amirah,8
CT,F,2023,Andrea,8
CT,F,2023,Anne,8
CT,F,2023,Arabella,8
CT,F,2023,Ariah,8
CT,F,2023,Aurelia,8
CT,F,2023,Briana,8
CT,F,2023,Capri,8
CT,F,2023,Cassidy,8
CT,F,2023,Faye,8
CT,F,2023,Haley,8
CT,F,2023,Izabella,8
CT,F,2023,Jamie,8
CT,F,2023,Jasmine,8
CT,F,2023,Jillian,8
CT,F,2023,Kamila,8
CT,F,2023,Kate,8
CT,F,2023,Laila,8
CT,F,2023,Leyla,8
CT,F,2023,Lina,8
CT,F,2023,Liv,8
CT,F,2023,Livia,8
CT,F,2023,Luisa,8
CT,F,2023,Lyra,8
CT,F,2023,Maggie,8
CT,F,2023,Makenzie,8
CT,F,2023,Margaux,8
CT,F,2023,Mikayla,8
CT,F,2023,Mylah,8
CT,F,2023,Ophelia,8
CT,F,2023,Phoenix,8
CT,F,2023,Rosie,8
CT,F,2023,Ryan,8
CT,F,2023,Sierra,8
CT,F,2023,Stevie,8
CT,F,2023,Thea,8
CT,F,2023,Adelynn,7
CT,F,2023,Alayah,7
CT,F,2023,Alicia,7
CT,F,2023,Aliza,7
CT,F,2023,Alma,7
CT,F,2023,Annabelle,7
CT,F,2023,Azariah,7
CT,F,2023,Briella,7
CT,F,2023,Camryn,7
CT,F,2023,Casey,7
CT,F,2023,Chaya,7
CT,F,2023,Davina,7
CT,F,2023,Emiliana,7
CT,F,2023,Eve,7
CT,F,2023,Fallon,7
CT,F,2023,Giovanna,7
CT,F,2023,Gwendolyn,7
CT,F,2023,Harmony,7
CT,F,2023,Haven,7
CT,F,2023,Icelynn,7
CT,F,2023,Ila,7
CT,F,2023,Jaliyah,7
CT,F,2023,Jazmin,7
CT,F,2023,Joanna,7
CT,F,2023,Jordan,7
CT,F,2023,Kenzie,7
CT,F,2023,Kimberly,7
CT,F,2023,Lauren,7
CT,F,2023,Lilliana,7
CT,F,2023,Louise,7
CT,F,2023,Maci,7
CT,F,2023,Magnolia,7
CT,F,2023,Maia,7
CT,F,2023,Mallory,7
CT,F,2023,Mariana,7
CT,F,2023,Marlowe,7
CT,F,2023,Mckenzie,7
CT,F,2023,Meghan,7
CT,F,2023,Melina,7
CT,F,2023,Micaela,7
CT,F,2023,Mikaela,7
CT,F,2023,Mina,7
CT,F,2023,Raegan,7
CT,F,2023,Raya,7
CT,F,2023,Rayna,7
CT,F,2023,Royalty,7
CT,F,2023,Salem,7
CT,F,2023,Scarlet,7
CT,F,2023,Thalia,7
CT,F,2023,Yasmin,7
CT,F,2023,Abby,6
CT,F,2023,Ainsley,6
CT,F,2023,Alena,6
CT,F,2023,Alia,6
CT,F,2023,Alisha,6
CT,F,2023,Allie,6
CT,F,2023,Angel,6
CT,F,2023,Ann,6
CT,F,2023,Annabella,6
CT,F,2023,Annalise,6
CT,F,2023,Anya,6
CT,F,2023,Arielle,6
CT,F,2023,Aya,6
CT,F,2023,Blair,6
CT,F,2023,Brooklynn,6
CT,F,2023,Cassandra,6
CT,F,2023,Daniella,6
CT,F,2023,Della,6
CT,F,2023,Dina,6
CT,F,2023,Dua,6
CT,F,2023,Elina,6
CT,F,2023,Elisa,6
CT,F,2023,Emmie,6
CT,F,2023,Emmy,6
CT,F,2023,Hayley,6
CT,F,2023,Isabela,6
CT,F,2023,Jacqueline,6
CT,F,2023,Kaitlyn,6
CT,F,2023,Kataleya,6
CT,F,2023,Keilani,6
CT,F,2023,Kyla,6
CT,F,2023,Leighton,6
CT,F,2023,Lianna,6
CT,F,2023,Londyn,6
CT,F,2023,Lorelai,6
CT,F,2023,Lucille,6
CT,F,2023,Luz,6
CT,F,2023,Madilyn,6
CT,F,2023,Makenna,6
CT,F,2023,Mara,6
CT,F,2023,Maren,6
CT,F,2023,Miley,6
CT,F,2023,Miriam,6
CT,F,2023,Novah,6
CT,F,2023,Pearl,6
CT,F,2023,Ramona,6
CT,F,2023,Rayne,6
CT,F,2023,Reign,6
CT,F,2023,Reina,6
CT,F,2023,Remy,6
CT,F,2023,Rhea,6
CT,F,2023,Romy,6
CT,F,2023,Rosalia,6
CT,F,2023,Sasha,6
CT,F,2023,Serafina,6
CT,F,2023,Skyler,6
CT,F,2023,Soleil,6
CT,F,2023,Stephanie,6
CT,F,2023,Theodora,6
CT,F,2023,Veronica,6
CT,F,2023,Violette,6
CT,F,2023,Zariyah,6
CT,F,2023,Zelda,6
CT,F,2023,Aila,5
CT,F,2023,Alexa,5
CT,F,2023,Amani,5
CT,F,2023,Amari,5
CT,F,2023,Amber,5
CT,F,2023,Amoura,5
CT,F,2023,Amyra,5
CT,F,2023,Ana,5
CT,F,2023,Angela,5
CT,F,2023,Angelica,5
CT,F,2023,April,5
CT,F,2023,Arden,5
CT,F,2023,Ariya,5
CT,F,2023,Ariyah,5
CT,F,2023,Arleth,5
CT,F,2023,Astrid,5
CT,F,2023,Aura,5
CT,F,2023,Avalee,5
CT,F,2023,Avayah,5
CT,F,2023,Averie,5
CT,F,2023,Avianna,5
CT,F,2023,Ayana,5
CT,F,2023,Azaria,5
CT,F,2023,Beatrice,5
CT,F,2023,Blakely,5
CT,F,2023,Carla,5
CT,F,2023,Carly,5
CT,F,2023,Cattleya,5
CT,F,2023,Charleigh,5
CT,F,2023,Charli,5
CT,F,2023,Christina,5
CT,F,2023,Ciara,5
CT,F,2023,Cordelia,5
CT,F,2023,Dasha,5
CT,F,2023,Dorothy,5
CT,F,2023,Dream,5
CT,F,2023,Elaine,5
CT,F,2023,Elle,5
CT,F,2023,Elodie,5
CT,F,2023,Emmeline,5
CT,F,2023,Estelle,5
CT,F,2023,Freyja,5
CT,F,2023,Gabrielle,5
CT,F,2023,Giulia,5
CT,F,2023,Halle,5
CT,F,2023,Imani,5
CT,F,2023,Inara,5
CT,F,2023,Isadora,5
CT,F,2023,Janelle,5
CT,F,2023,Jemma,5
CT,F,2023,Jenna,5
CT,F,2023,Jolene,5
CT,F,2023,Julieth,5
CT,F,2023,Kalani,5
CT,F,2023,Kallie,5
CT,F,2023,Kathleen,5
CT,F,2023,Keidy,5
CT,F,2023,Keily,5
CT,F,2023,Kelly,5
CT,F,2023,Kya,5
CT,F,2023,Lacey,5
CT,F,2023,Lara,5
CT,F,2023,Lea,5
CT,F,2023,Lennox,5
CT,F,2023,Liberty,5
CT,F,2023,Mabel,5
CT,F,2023,Makayla,5
CT,F,2023,Maliah,5
CT,F,2023,Marlee,5
CT,F,2023,Maxine,5
CT,F,2023,Melissa,5
CT,F,2023,Michelle,5
CT,F,2023,Milan,5
CT,F,2023,Miracle,5
CT,F,2023,Monroe,5
CT,F,2023,Nataly,5
CT,F,2023,Oakley,5
CT,F,2023,Oaklynn,5
CT,F,2023,Octavia,5
CT,F,2023,Presley,5
CT,F,2023,Rebecca,5
CT,F,2023,Rihanna,5
CT,F,2023,Sabrina,5
CT,F,2023,Samira,5
CT,F,2023,Savanna,5
CT,F,2023,Saylor,5
CT,F,2023,Seraphina,5
CT,F,2023,Sidney,5
CT,F,2023,Sutton,5
CT,F,2023,Sylvia,5
CT,F,2023,Sylvie,5
CT,F,2023,Tallulah,5
CT,F,2023,Tiana,5
CT,F,2023,Tiffany,5
CT,F,2023,True,5
CT,F,2023,Vada,5
CT,F,2023,Whitney,5
CT,F,2023,Winona,5
CT,F,2023,Winter,5
CT,F,2023,Zaira,5
CT,F,2023,Zia,5
CT,F,2024,Mia,167
CT,F,2024,Olivia,167
CT,F,2024,Charlotte,155
CT,F,2024,Emma,152
CT,F,2024,Amelia,144
CT,F,2024,Isabella,143
CT,F,2024,Sophia,140
CT,F,2024,Ava,104
CT,F,2024,Chloe,91
CT,F,2024,Ella,88
CT,F,2024,Sofia,86
CT,F,2024,Lucy,84
CT,F,2024,Gianna,82
CT,F,2024,Harper,82
CT,F,2024,Luna,82
CT,F,2024,Isla,79
CT,F,2024,Nora,78
CT,F,2024,Madison,77
CT,F,2024,Emilia,76
CT,F,2024,Riley,75
CT,F,2024,Grace,74
CT,F,2024,Maya,74
CT,F,2024,Aria,73
CT,F,2024,Stella,73
CT,F,2024,Zoe,72
CT,F,2024,Mila,70
CT,F,2024,Elizabeth,69
CT,F,2024,Evelyn,69
CT,F,2024,Layla,68
CT,F,2024,Lily,66
CT,F,2024,Aurora,64
CT,F,2024,Avery,62
CT,F,2024,Abigail,60
CT,F,2024,Eliana,59
CT,F,2024,Violet,59
CT,F,2024,Scarlett,58
CT,F,2024,Sophie,58
CT,F,2024,Valentina,58
CT,F,2024,Camila,56
CT,F,2024,Madeline,56
CT,F,2024,Ellie,55
CT,F,2024,Penelope,55
CT,F,2024,Eleanor,54
CT,F,2024,Maeve,54
CT,F,2024,Victoria,54
CT,F,2024,Hailey,53
CT,F,2024,Hazel,53
CT,F,2024,Emily,52
CT,F,2024,Eloise,49
CT,F,2024,Leah,49
CT,F,2024,Clara,48
CT,F,2024,Madelyn,48
CT,F,2024,Hannah,47
CT,F,2024,Sienna,47
CT,F,2024,Cora,45
CT,F,2024,Mackenzie,45
CT,F,2024,Josephine,44
CT,F,2024,Alice,43
CT,F,2024,Ayla,43
CT,F,2024,Liliana,43
CT,F,2024,Savannah,43
CT,F,2024,Zoey,43
CT,F,2024,Elena,42
CT,F,2024,Alaia,40
CT,F,2024,Quinn,40
CT,F,2024,Peyton,39
CT,F,2024,Leilani,37
CT,F,2024,Lyla,37
CT,F,2024,Maria,37
CT,F,2024,Ruby,37
CT,F,2024,Cecilia,36
CT,F,2024,Sloane,36
CT,F,2024,Gabriella,35
CT,F,2024,Nova,35
CT,F,2024,Bella,34
CT,F,2024,Lillian,34
CT,F,2024,Addison,33
CT,F,2024,Autumn,33
CT,F,2024,Caroline,33
CT,F,2024,Eliza,33
CT,F,2024,Lila,33
CT,F,2024,Lucia,33
CT,F,2024,Claire,32
CT,F,2024,Genesis,32
CT,F,2024,Ivy,32
CT,F,2024,Sadie,32
CT,F,2024,Alexandra,31
CT,F,2024,Alina,31
CT,F,2024,Ariella,31
CT,F,2024,Brooke,31
CT,F,2024,Daisy,31
CT,F,2024,Jade,31
CT,F,2024,Margot,31
CT,F,2024,Delilah,30
CT,F,2024,Francesca,30
CT,F,2024,Gemma,30
CT,F,2024,Naomi,30
CT,F,2024,Adeline,29
CT,F,2024,Alana,29
CT,F,2024,Amira,29
CT,F,2024,Audrey,29
CT,F,2024,Julia,29
CT,F,2024,Natalie,29
CT,F,2024,Rose,29
CT,F,2024,Skylar,29
CT,F,2024,Alessia,28
CT,F,2024,Delaney,28
CT,F,2024,Juliana,28
CT,F,2024,Lainey,28
CT,F,2024,Vivienne,28
CT,F,2024,Juliette,27
CT,F,2024,Kennedy,27
CT,F,2024,Ariana,26
CT,F,2024,Callie,26
CT,F,2024,Isabel,26
CT,F,2024,Margaret,26
CT,F,2024,Sage,26
CT,F,2024,Eden,25
CT,F,2024,Kaia,25
CT,F,2024,Anna,24
CT,F,2024,Everly,24
CT,F,2024,Isabelle,24
CT,F,2024,Kehlani,24
CT,F,2024,Natalia,24
CT,F,2024,Tessa,24
CT,F,2024,Zara,24
CT,F,2024,Brianna,23
CT,F,2024,Emerson,23
CT,F,2024,Gia,23
CT,F,2024,Sarah,23
CT,F,2024,Vivian,23
CT,F,2024,Aaliyah,22
CT,F,2024,Iris,22
CT,F,2024,Lia,22
CT,F,2024,Remi,22
CT,F,2024,Samantha,22
CT,F,2024,Vera,22
CT,F,2024,Amara,21
CT,F,2024,Parker,21
CT,F,2024,Siena,21
CT,F,2024,Willow,21
CT,F,2024,Daphne,20
CT,F,2024,Eva,20
CT,F,2024,Genevieve,20
CT,F,2024,Molly,20
CT,F,2024,Morgan,20
CT,F,2024,Noa,20
CT,F,2024,Serena,20
CT,F,2024,Talia,20
CT,F,2024,Ailany,19
CT,F,2024,Arianna,19
CT,F,2024,Aubrey,19
CT,F,2024,Bailey,19
CT,F,2024,Blake,19
CT,F,2024,Kiara,19
CT,F,2024,Kinsley,19
CT,F,2024,Lilah,19
CT,F,2024,Meadow,19
CT,F,2024,Noelle,19
CT,F,2024,Phoebe,19
CT,F,2024,Rylee,19
CT,F,2024,Shea,19
CT,F,2024,Adelaide,18
CT,F,2024,Amina,18
CT,F,2024,Annabelle,18
CT,F,2024,Brynn,18
CT,F,2024,Elliana,18
CT,F,2024,Hadley,18
CT,F,2024,Katherine,18
CT,F,2024,Melody,18
CT,F,2024,Olive,18
CT,F,2024,Rosalie,18
CT,F,2024,Teagan,18
CT,F,2024,Aliyah,17
CT,F,2024,Amy,17
CT,F,2024,Antonella,17
CT,F,2024,Arya,17
CT,F,2024,Brooklyn,17
CT,F,2024,Cataleya,17
CT,F,2024,Fiona,17
CT,F,2024,Georgia,17
CT,F,2024,Giada,17
CT,F,2024,Juniper,17
CT,F,2024,Myla,17
CT,F,2024,Nevaeh,17
CT,F,2024,Paisley,17
CT,F,2024,Serenity,17
CT,F,2024,Valerie,17
CT,F,2024,Adriana,16
CT,F,2024,Amaya,16
CT,F,2024,Brielle,16
CT,F,2024,Camilla,16
CT,F,2024,Cecelia,16
CT,F,2024,Dahlia,16
CT,F,2024,Elise,16
CT,F,2024,Jasmine,16
CT,F,2024,Josie,16
CT,F,2024,Luciana,16
CT,F,2024,Lucille,16
CT,F,2024,Millie,16
CT,F,2024,Paige,16
CT,F,2024,Sarai,16
CT,F,2024,Stevie,16
CT,F,2024,Viviana,16
CT,F,2024,Angelina,15
CT,F,2024,Camille,15
CT,F,2024,Catalina,15
CT,F,2024,Emery,15
CT,F,2024,Evangeline,15
CT,F,2024,Lilliana,15
CT,F,2024,Lydia,15
CT,F,2024,Maia,15
CT,F,2024,Malia,15
CT,F,2024,Mariana,15
CT,F,2024,Mary,15
CT,F,2024,Mckenna,15
CT,F,2024,Milani,15
CT,F,2024,Mylah,15
CT,F,2024,Nyla,15
CT,F,2024,Raelyn,15
CT,F,2024,Rory,15
CT,F,2024,Saylor,15
CT,F,2024,Selena,15
CT,F,2024,Anastasia,14
CT,F,2024,Ashley,14
CT,F,2024,Athena,14
CT,F,2024,Catherine,14
CT,F,2024,Elianna,14
CT,F,2024,Julianna,14
CT,F,2024,June,14
CT,F,2024,Kendall,14
CT,F,2024,Laura,14
CT,F,2024,Liana,14
CT,F,2024,Lilith,14
CT,F,2024,Lola,14
CT,F,2024,Melanie,14
CT,F,2024,Piper,14
CT,F,2024,Alani,13
CT,F,2024,Alanna,13
CT,F,2024,Amayah,13
CT,F,2024,Annie,13
CT,F,2024,Daniela,13
CT,F,2024,Danna,13
CT,F,2024,Emely,13
CT,F,2024,Esme,13
CT,F,2024,Giuliana,13
CT,F,2024,Kailani,13
CT,F,2024,Kaylani,13
CT,F,2024,Kylie,13
CT,F,2024,Lena,13
CT,F,2024,Malani,13
CT,F,2024,Miriam,13
CT,F,2024,Mya,13
CT,F,2024,Nina,13
CT,F,2024,Rowan,13
CT,F,2024,Ryleigh,13
CT,F,2024,Sabrina,13
CT,F,2024,Sara,13
CT,F,2024,Serafina,13
CT,F,2024,Summer,13
CT,F,2024,Sydney,13
CT,F,2024,Sylvia,13
CT,F,2024,Allison,12
CT,F,2024,Alora,12
CT,F,2024,Anaya,12
CT,F,2024,Aurelia,12
CT,F,2024,Bianca,12
CT,F,2024,Daniella,12
CT,F,2024,Diana,12
CT,F,2024,Emersyn,12
CT,F,2024,Everleigh,12
CT,F,2024,Hallie,12
CT,F,2024,Jane,12
CT,F,2024,Lennon,12
CT,F,2024,Lina,12
CT,F,2024,Norah,12
CT,F,2024,Ophelia,12
CT,F,2024,Zahra,12
CT,F,2024,Zuri,12
CT,F,2024,Adaline,11
CT,F,2024,Adalyn,11
CT,F,2024,Aitana,11
CT,F,2024,Ana,11
CT,F,2024,Arabella,11
CT,F,2024,Aubree,11
CT,F,2024,Briella,11
CT,F,2024,Camryn,11
CT,F,2024,Charli,11
CT,F,2024,Esther,11
CT,F,2024,Freya,11
CT,F,2024,Gabriela,11
CT,F,2024,Juliet,11
CT,F,2024,Londyn,11
CT,F,2024,Mabel,11
CT,F,2024,Navy,11
CT,F,2024,Reagan,11
CT,F,2024,Reese,11
CT,F,2024,Shiloh,11
CT,F,2024,Alaya,10
CT,F,2024,Alessandra,10
CT,F,2024,Amirah,10
CT,F,2024,Amoura,10
CT,F,2024,Anne,10
CT,F,2024,Beatrice,10
CT,F,2024,Cali,10
CT,F,2024,Cameron,10
CT,F,2024,Faith,10
CT,F,2024,Faye,10
CT,F,2024,Giselle,10
CT,F,2024,Giulia,10
CT,F,2024,Helena,10
CT,F,2024,Izabella,10
CT,F,2024,Kali,10
CT,F,2024,Lilly,10
CT,F,2024,London,10
CT,F,2024,Madeleine,10
CT,F,2024,Magnolia,10
CT,F,2024,Marie,10
CT,F,2024,Matilda,10
CT,F,2024,Rachel,10
CT,F,2024,Thea,10
CT,F,2024,Veronica,10
CT,F,2024,Winnie,10
CT,F,2024,Ada,9
CT,F,2024,Alayna,9
CT,F,2024,Amora,9
CT,F,2024,Annalise,9
CT,F,2024,Ariyah,9
CT,F,2024,Dakota,9
CT,F,2024,Dream,9
CT,F,2024,Elaina,9
CT,F,2024,Elisa,9
CT,F,2024,Elodie,9
CT,F,2024,Elsie,9
CT,F,2024,Emmy,9
CT,F,2024,Fatima,9
CT,F,2024,Frances,9
CT,F,2024,Giavanna,9
CT,F,2024,Giovanna,9
CT,F,2024,Harley,9
CT,F,2024,Harlow,9
CT,F,2024,Hayden,9
CT,F,2024,Jaylani,9
CT,F,2024,Kayla,9
CT,F,2024,Lara,9
CT,F,2024,Lauren,9
CT,F,2024,Livia,9
CT,F,2024,Logan,9
CT,F,2024,Mae,9
CT,F,2024,Maisie,9
CT,F,2024,Melissa,9
CT,F,2024,Nalani,9
CT,F,2024,Nayeli,9
CT,F,2024,Palmer,9
CT,F,2024,Raegan,9
CT,F,2024,Raelynn,9
CT,F,2024,Rebecca,9
CT,F,2024,Rhea,9
CT,F,2024,Rosalia,9
CT,F,2024,Ryan,9
CT,F,2024,Samara,9
CT,F,2024,Willa,9
CT,F,2024,Winter,9
CT,F,2024,Abby,8
CT,F,2024,Adalynn,8
CT,F,2024,Adele,8
CT,F,2024,Adelynn,8
CT,F,2024,Ailani,8
CT,F,2024,Alivia,8
CT,F,2024,Anika,8
CT,F,2024,Annika,8
CT,F,2024,April,8
CT,F,2024,Astrid,8
CT,F,2024,Blair,8
CT,F,2024,Carmela,8
CT,F,2024,Celia,8
CT,F,2024,Colette,8
CT,F,2024,Demi,8
CT,F,2024,Elora,8
CT,F,2024,Florence,8
CT,F,2024,Hadassah,8
CT,F,2024,Harmony,8
CT,F,2024,Holly,8
CT,F,2024,Hope,8
CT,F,2024,Imani,8
CT,F,2024,Journee,8
CT,F,2024,Kaylee,8
CT,F,2024,Keira,8
CT,F,2024,Kelsey,8
CT,F,2024,Keyla,8
CT,F,2024,Keziah,8
CT,F,2024,Kimberly,8
CT,F,2024,Lana,8
CT,F,2024,Leyla,8
CT,F,2024,Lorelai,8
CT,F,2024,Lyra,8
CT,F,2024,Makenna,8
CT,F,2024,Marlee,8
CT,F,2024,Marley,8
CT,F,2024,Marlowe,8
CT,F,2024,Maryam,8
CT,F,2024,Melina,8
CT,F,2024,Mikaela,8
CT,F,2024,Mira,8
CT,F,2024,Naya,8
CT,F,2024,Nellie,8
CT,F,2024,Nia,8
CT,F,2024,Nylah,8
CT,F,2024,Reign,8
CT,F,2024,Ruth,8
CT,F,2024,Saoirse,8
CT,F,2024,Skye,8
CT,F,2024,Tatum,8
CT,F,2024,Trinity,8
CT,F,2024,Wren,8
CT,F,2024,Yara,8
CT,F,2024,Adelina,7
CT,F,2024,Adhara,7
CT,F,2024,Alicia,7
CT,F,2024,Alma,7
CT,F,2024,Amaia,7
CT,F,2024,Amalia,7
CT,F,2024,Amiyah,7
CT,F,2024,Andrea,7
CT,F,2024,Angela,7
CT,F,2024,Briana,7
CT,F,2024,Bridget,7
CT,F,2024,Brynlee,7
CT,F,2024,Calliope,7
CT,F,2024,Cassidy,7
CT,F,2024,Cattleya,7
CT,F,2024,Celine,7
CT,F,2024,Charlie,7
CT,F,2024,Elle,7
CT,F,2024,Elliot,7
CT,F,2024,Ember,7
CT,F,2024,Evie,7
CT,F,2024,Haley,7
CT,F,2024,Hanna,7
CT,F,2024,Jacqueline,7
CT,F,2024,Jamie,7
CT,F,2024,Jordan,7
CT,F,2024,Joy,7
CT,F,2024,Kamila,7
CT,F,2024,Katalina,7
CT,F,2024,Khloe,7
CT,F,2024,Kira,7
CT,F,2024,Laila,7
CT,F,2024,Lea,7
CT,F,2024,Leia,7
CT,F,2024,Leila,7
CT,F,2024,Madilyn,7
CT,F,2024,Makayla,7
CT,F,2024,Maren,7
CT,F,2024,Margo,7
CT,F,2024,Mavie,7
CT,F,2024,Melany,7
CT,F,2024,Michelle,7
CT,F,2024,Milania,7
CT,F,2024,Miley,7
CT,F,2024,Mina,7
CT,F,2024,Nadia,7
CT,F,2024,Nicole,7
CT,F,2024,Oakley,7
CT,F,2024,Payton,7
CT,F,2024,Phoenix,7
CT,F,2024,Remy,7
CT,F,2024,Scarlet,7
CT,F,2024,Valeria,7
CT,F,2024,Winona,7
CT,F,2024,Alaina,6
CT,F,2024,Alejandra,6
CT,F,2024,Alison,6
CT,F,2024,Alyssa,6
CT,F,2024,Amal,6
CT,F,2024,Amari,6
CT,F,2024,Anneliese,6
CT,F,2024,Anya,6
CT,F,2024,Arielle,6
CT,F,2024,Arisbeth,6
CT,F,2024,Arleth,6
CT,F,2024,Azalea,6
CT,F,2024,Azariah,6
CT,F,2024,Briar,6
CT,F,2024,Capri,6
CT,F,2024,Carly,6
CT,F,2024,Carmella,6
CT,F,2024,Celina,6
CT,F,2024,Chiara,6
CT,F,2024,Corinne,6
CT,F,2024,Danielle,6
CT,F,2024,Dua,6
CT,F,2024,Elowyn,6
CT,F,2024,Elyse,6
CT,F,2024,Emelia,6
CT,F,2024,Estella,6
CT,F,2024,Estelle,6
CT,F,2024,Frankie,6
CT,F,2024,Gabrielle,6
CT,F,2024,Halo,6
CT,F,2024,Isabela,6
CT,F,2024,Jayla,6
CT,F,2024,Journey,6
CT,F,2024,Karla,6
CT,F,2024,Katerina,6
CT,F,2024,Khaleesi,6
CT,F,2024,Kora,6
CT,F,2024,Lacey,6
CT,F,2024,Laurel,6
CT,F,2024,Legacy,6
CT,F,2024,Lenora,6
CT,F,2024,Lesly,6
CT,F,2024,Love,6
CT,F,2024,Lyanna,6
CT,F,2024,Maddison,6
CT,F,2024,Maxine,6
CT,F,2024,Milan,6
CT,F,2024,Neriah,6
CT,F,2024,Novalee,6
CT,F,2024,Poppy,6
CT,F,2024,Raven,6
CT,F,2024,River,6
CT,F,2024,Sawyer,6
CT,F,2024,Selene,6
CT,F,2024,Seraphina,6
CT,F,2024,Sierra,6
CT,F,2024,Sky,6
CT,F,2024,Skyla,6
CT,F,2024,Taylor,6
CT,F,2024,Teresa,6
CT,F,2024,Virginia,6
CT,F,2024,Zariah,6
CT,F,2024,Adelyn,5
CT,F,2024,Ainara,5
CT,F,2024,Ainsley,5
CT,F,2024,Aisha,5
CT,F,2024,Aleia,5
CT,F,2024,Alexis,5
CT,F,2024,Aleyna,5
CT,F,2024,Alia,5
CT,F,2024,Aliana,5
CT,F,2024,Anais,5
CT,F,2024,Ariah,5
CT,F,2024,Ariel,5
CT,F,2024,Artemis,5
CT,F,2024,Arwa,5
CT,F,2024,August,5
CT,F,2024,Aviana,5
CT,F,2024,Aya,5
CT,F,2024,Aylin,5
CT,F,2024,Azaria,5
CT,F,2024,Blakely,5
CT,F,2024,Calla,5
CT,F,2024,Cara,5
CT,F,2024,Cassandra,5
CT,F,2024,Celeste,5
CT,F,2024,Chanel,5
CT,F,2024,Charley,5
CT,F,2024,Christina,5
CT,F,2024,Ciara,5
CT,F,2024,Dayana,5
CT,F,2024,Dorothy,5
CT,F,2024,Dulce,5
CT,F,2024,Dylan,5
CT,F,2024,Elina,5
CT,F,2024,Emmie,5
CT,F,2024,Felicity,5
CT,F,2024,Giana,5
CT,F,2024,Gwendolyn,5
CT,F,2024,Heidi,5
CT,F,2024,Helen,5
CT,F,2024,Hellen,5
CT,F,2024,Itzel,5
CT,F,2024,Ivory,5
CT,F,2024,Jemma,5
CT,F,2024,Jessica,5
CT,F,2024,Joanna,5
CT,F,2024,Joelle,5
CT,F,2024,Jordyn,5
CT,F,2024,Kaira,5
CT,F,2024,Kaitlyn,5
CT,F,2024,Kaliyah,5
CT,F,2024,Karolina,5
CT,F,2024,Kelly,5
CT,F,2024,Kori,5
CT,F,2024,Kyla,5
CT,F,2024,Laylani,5
CT,F,2024,Leanna,5
CT,F,2024,Lorelei,5
CT,F,2024,Lottie,5
CT,F,2024,Magdalena,5
CT,F,2024,Maggie,5
CT,F,2024,Mallory,5
CT,F,2024,Mara,5
CT,F,2024,Margaux,5
CT,F,2024,Martha,5
CT,F,2024,Meilani,5
CT,F,2024,Michaela,5
CT,F,2024,Mikayla,5
CT,F,2024,Noor,5
CT,F,2024,Oaklynn,5
CT,F,2024,Octavia,5
CT,F,2024,Paula,5
CT,F,2024,Pearl,5
CT,F,2024,Petra,5
CT,F,2024,Presley,5
CT,F,2024,Raya,5
CT,F,2024,Rylynn,5
CT,F,2024,Shanaya,5
CT,F,2024,Soraya,5
CT,F,2024,Stacy,5
CT,F,2024,Tiana,5
CT,F,2024,Vanessa,5
CT,F,2024,Wynter,5
CT,F,2024,Yusra,5
CT,F,2024,Zainab,5
CT,F,2024,Zaniyah,5
CT,F,2024,Zariyah,5
CT,M,1910,John,124
CT,M,1910,Joseph,103
CT,M,1910,William,78
CT,M,1910,Charles,63
CT,M,1910,Edward,63
CT,M,1910,Frank,62
CT,M,1910,George,61
CT,M,1910,James,49
CT,M,1910,Anthony,42
CT,M,1910,Walter,36
CT,M,1910,Thomas,34
CT,M,1910,Francis,33
CT,M,1910,Michael,33
CT,M,1910,Harold,27
CT,M,1910,Robert,26
CT,M,1910,Stanley,26
CT,M,1910,Louis,24
CT,M,1910,Albert,23
CT,M,1910,Raymond,22
CT,M,1910,Andrew,20
CT,M,1910,Peter,17
CT,M,1910,Harry,16
CT,M,1910,Henry,16
CT,M,1910,Paul,16
CT,M,1910,Richard,16
CT,M,1910,Kenneth,15
CT,M,1910,Ralph,15
CT,M,1910,Arthur,14
CT,M,1910,David,13
CT,M,1910,Alfred,12
CT,M,1910,Samuel,12
CT,M,1910,Ernest,11
CT,M,1910,Frederick,11
CT,M,1910,Stephen,11
CT,M,1910,Edmund,10
CT,M,1910,Fred,9
CT,M,1910,Howard,9
CT,M,1910,Daniel,8
CT,M,1910,Leonard,8
CT,M,1910,Alexander,7
CT,M,1910,Benjamin,7
CT,M,1910,Bernard,7
CT,M,1910,Herbert,7
CT,M,1910,Herman,7
CT,M,1910,Morris,7
CT,M,1910,Norman,7
CT,M,1910,Salvatore,7
CT,M,1910,Vincent,7
CT,M,1910,Dominick,6
CT,M,1910,Donald,6
CT,M,1910,Jack,6
CT,M,1910,Lawrence,6
CT,M,1910,Nicholas,6
CT,M,1910,Oliver,6
CT,M,1910,Philip,6
CT,M,1910,Steve,6
CT,M,1910,Theodore,6
CT,M,1910,Eugene,5
CT,M,1910,Leo,5
CT,M,1910,Lester,5
CT,M,1910,Matthew,5
CT,M,1910,Patrick,5
CT,M,1910,Sam,5
CT,M,1910,Sidney,5
CT,M,1911,John,244
CT,M,1911,Joseph,184
CT,M,1911,William,153
CT,M,1911,George,123
CT,M,1911,Edward,111
CT,M,1911,Frank,94
CT,M,1911,James,85
CT,M,1911,Charles,67
CT,M,1911,Anthony,59
CT,M,1911,Thomas,58
CT,M,1911,Albert,57
CT,M,1911,Robert,57
CT,M,1911,Walter,56
CT,M,1911,Henry,53
CT,M,1911,Louis,49
CT,M,1911,Stanley,48
CT,M,1911,Francis,47
CT,M,1911,Harold,47
CT,M,1911,Raymond,46
CT,M,1911,Michael,42
CT,M,1911,Andrew,38
CT,M,1911,Arthur,37
CT,M,1911,Harry,35
CT,M,1911,Paul,34
CT,M,1911,Peter,31
CT,M,1911,Frederick,30
CT,M,1911,Richard,30
CT,M,1911,Stephen,29
CT,M,1911,Ralph,25
CT,M,1911,Vincent,24
CT,M,1911,David,23
CT,M,1911,Ernest,23
CT,M,1911,Alfred,22
CT,M,1911,Benjamin,22
CT,M,1911,Philip,21
CT,M,1911,Salvatore,20
CT,M,1911,Samuel,19
CT,M,1911,Howard,18
CT,M,1911,Kenneth,18
CT,M,1911,Carl,17
CT,M,1911,Fred,17
CT,M,1911,Bernard,16
CT,M,1911,Clarence,15
CT,M,1911,Clifford,15
CT,M,1911,Daniel,15
CT,M,1911,Nicholas,15
CT,M,1911,Donald,14
CT,M,1911,Edmund,14
CT,M,1911,Herman,14
CT,M,1911,Leo,14
CT,M,1911,Lawrence,13
CT,M,1911,Alexander,12
CT,M,1911,Everett,12
CT,M,1911,Herbert,12
CT,M,1911,Russell,12
CT,M,1911,Milton,11
CT,M,1911,Theodore,11
CT,M,1911,Edwin,10
CT,M,1911,Irving,10
CT,M,1911,Leonard,10
CT,M,1911,Norman,10
CT,M,1911,Julius,9
CT,M,1911,Sidney,9
CT,M,1911,Arnold,8
CT,M,1911,Chester,8
CT,M,1911,Dominic,8
CT,M,1911,Eugene,8
CT,M,1911,Maurice,8
CT,M,1911,Victor,8
CT,M,1911,Abraham,7
CT,M,1911,Angelo,7
CT,M,1911,Leon,7
CT,M,1911,Morris,7
CT,M,1911,Sam,7
CT,M,1911,Dominick,6
CT,M,1911,Earl,6
CT,M,1911,Elmer,6
CT,M,1911,Emil,6
CT,M,1911,Franklin,6
CT,M,1911,Jacob,6
CT,M,1911,Leroy,6
CT,M,1911,Adam,5
CT,M,1911,Alex,5
CT,M,1911,Alphonse,5
CT,M,1911,Antonio,5
CT,M,1911,Douglas,5
CT,M,1911,Felix,5
CT,M,1911,Floyd,5
CT,M,1911,Horace,5
CT,M,1911,Hubert,5
CT,M,1911,Jack,5
CT,M,1911,Lester,5
CT,M,1911,Lewis,5
CT,M,1911,Marcus,5
CT,M,1911,Mario,5
CT,M,1911,Matthew,5
CT,M,1911,Nathan,5
CT,M,1911,Wesley,5
CT,M,1911,Willard,5
CT,M,1911,Winthrop,5
CT,M,1912,John,430
CT,M,1912,Joseph,344
CT,M,1912,William,274
CT,M,1912,George,188
CT,M,1912,Edward,173
CT,M,1912,Frank,164
CT,M,1912,James,162
CT,M,1912,Charles,129
CT,M,1912,Robert,108
CT,M,1912,Arthur,106
CT,M,1912,Anthony,105
CT,M,1912,Walter,96
CT,M,1912,Henry,87
CT,M,1912,Louis,85
CT,M,1912,Raymond,84
CT,M,1912,Albert,83
CT,M,1912,Francis,83
CT,M,1912,Thomas,83
CT,M,1912,Stanley,81
CT,M,1912,Michael,75
CT,M,1912,Peter,71
CT,M,1912,Harry,70
CT,M,1912,Harold,67
CT,M,1912,Frederick,60
CT,M,1912,Paul,60
CT,M,1912,Andrew,54
CT,M,1912,Stephen,54
CT,M,1912,Richard,53
CT,M,1912,Samuel,50
CT,M,1912,Alfred,46
CT,M,1912,David,43
CT,M,1912,Ernest,43
CT,M,1912,Ralph,41
CT,M,1912,Vincent,41
CT,M,1912,Donald,40
CT,M,1912,Kenneth,36
CT,M,1912,Fred,32
CT,M,1912,Howard,29
CT,M,1912,Philip,29
CT,M,1912,Eugene,28
CT,M,1912,Alexander,27
CT,M,1912,Daniel,27
CT,M,1912,Carl,26
CT,M,1912,Herbert,26
CT,M,1912,Benjamin,25
CT,M,1912,Milton,25
CT,M,1912,Morris,25
CT,M,1912,Theodore,25
CT,M,1912,Bernard,24
CT,M,1912,Lawrence,24
CT,M,1912,Leo,24
CT,M,1912,Salvatore,23
CT,M,1912,Jack,22
CT,M,1912,Angelo,21
CT,M,1912,Everett,21
CT,M,1912,Leonard,20
CT,M,1912,Clarence,19
CT,M,1912,Russell,18
CT,M,1912,Chester,17
CT,M,1912,Leon,17
CT,M,1912,Abraham,16
CT,M,1912,Earl,16
CT,M,1912,Edwin,16
CT,M,1912,Julius,16
CT,M,1912,Lester,16
CT,M,1912,Patrick,16
CT,M,1912,Victor,16
CT,M,1912,Clifford,15
CT,M,1912,Dominic,15
CT,M,1912,Irving,15
CT,M,1912,Nicholas,15
CT,M,1912,Pasquale,15
CT,M,1912,Dominick,14
CT,M,1912,Martin,14
CT,M,1912,Maurice,13
CT,M,1912,Edmund,12
CT,M,1912,Emil,12
CT,M,1912,Jacob,12
CT,M,1912,Matthew,12
CT,M,1912,Norman,12
CT,M,1912,Rocco,12
CT,M,1912,Leroy,11
CT,M,1912,Leslie,11
CT,M,1912,Nathan,11
CT,M,1912,Patsy,11
CT,M,1912,Steve,11
CT,M,1912,Alex,10
CT,M,1912,Gerald,10
CT,M,1912,Roger,10
CT,M,1912,Alphonse,9
CT,M,1912,Lewis,9
CT,M,1912,Mario,9
CT,M,1912,Max,9
CT,M,1912,Roy,9
CT,M,1912,Wilfred,9
CT,M,1912,Adam,8
CT,M,1912,Elmer,8
CT,M,1912,Gordon,8
CT,M,1912,Herman,8
CT,M,1912,Wallace,8
CT,M,1912,Allan,7
CT,M,1912,Carlton,7
CT,M,1912,Myron,7
CT,M,1912,Sidney,7
CT,M,1912,Wesley,7
CT,M,1912,Adolph,6
CT,M,1912,Douglas,6
CT,M,1912,Earle,6
CT,M,1912,Edgar,6
CT,M,1912,Franklin,6
CT,M,1912,Gilbert,6
CT,M,1912,Jerry,6
CT,M,1912,Mark,6
CT,M,1912,Marshall,6
CT,M,1912,Meyer,6
CT,M,1912,Otto,6
CT,M,1912,Reginald,6
CT,M,1912,Sam,6
CT,M,1912,Sebastian,6
CT,M,1912,Steven,6
CT,M,1912,Wilbur,6
CT,M,1912,Alvin,5
CT,M,1912,Armand,5
CT,M,1912,Arnold,5
CT,M,1912,Austin,5
CT,M,1912,Burton,5
CT,M,1912,Carmine,5
CT,M,1912,Christopher,5
CT,M,1912,Dwight,5
CT,M,1912,Felix,5
CT,M,1912,Floyd,5
CT,M,1912,Nelson,5
CT,M,1912,Roland,5
CT,M,1912,Timothy,5
CT,M,1912,Tony,5
CT,M,1912,Willard,5
CT,M,1913,John,508
CT,M,1913,Joseph,380
CT,M,1913,William,297
CT,M,1913,George,217
CT,M,1913,Edward,208
CT,M,1913,Frank,203
CT,M,1913,James,179
CT,M,1913,Charles,174
CT,M,1913,Robert,157
CT,M,1913,Anthony,136
CT,M,1913,Louis,135
CT,M,1913,Thomas,129
CT,M,1913,Michael,117
CT,M,1913,Walter,112
CT,M,1913,Stanley,104
CT,M,1913,Arthur,99
CT,M,1913,Henry,93
CT,M,1913,Raymond,88
CT,M,1913,Albert,83
CT,M,1913,Harold,82
CT,M,1913,Paul,76
CT,M,1913,Francis,73
CT,M,1913,Frederick,67
CT,M,1913,Peter,65
CT,M,1913,Ralph,64
CT,M,1913,Alfred,63
CT,M,1913,Stephen,63
CT,M,1913,Samuel,59
CT,M,1913,Richard,58
CT,M,1913,Andrew,55
CT,M,1913,Daniel,55
CT,M,1913,Harry,55
CT,M,1913,Howard,50
CT,M,1913,Vincent,47
CT,M,1913,Fred,46
CT,M,1913,Carl,45
CT,M,1913,Donald,44
CT,M,1913,Philip,40
CT,M,1913,Herbert,39
CT,M,1913,David,37
CT,M,1913,Ernest,35
CT,M,1913,Irving,35
CT,M,1913,Norman,35
CT,M,1913,Kenneth,34
CT,M,1913,Chester,33
CT,M,1913,Nicholas,33
CT,M,1913,Alexander,32
CT,M,1913,Benjamin,31
CT,M,1913,Eugene,30
CT,M,1913,Lawrence,30
CT,M,1913,Leonard,30
CT,M,1913,Theodore,30
CT,M,1913,Bernard,29
CT,M,1913,Clarence,28
CT,M,1913,Edmund,28
CT,M,1913,Leo,28
CT,M,1913,Julius,26
CT,M,1913,Salvatore,26
CT,M,1913,Russell,24
CT,M,1913,Angelo,23
CT,M,1913,Jack,23
CT,M,1913,Victor,23
CT,M,1913,Morris,20
CT,M,1913,Earl,19
CT,M,1913,Edwin,18
CT,M,1913,Martin,18
CT,M,1913,Milton,18
CT,M,1913,Arnold,17
CT,M,1913,Clifford,17
CT,M,1913,Herman,17
CT,M,1913,Lester,17
CT,M,1913,Rocco,17
CT,M,1913,Sidney,16
CT,M,1913,Abraham,15
CT,M,1913,Dominic,15
CT,M,1913,Dominick,15
CT,M,1913,Felix,15
CT,M,1913,Roger,15
CT,M,1913,Elmer,14
CT,M,1913,Mario,14
CT,M,1913,Matthew,13
CT,M,1913,Pasquale,13
CT,M,1913,Tony,13
CT,M,1913,Warren,13
CT,M,1913,Alex,12
CT,M,1913,Alphonse,12
CT,M,1913,Carmine,12
CT,M,1913,Everett,12
CT,M,1913,Gerald,12
CT,M,1913,Lewis,12
CT,M,1913,Otto,12
CT,M,1913,Sebastian,12
CT,M,1913,Burton,11
CT,M,1913,Leon,11
CT,M,1913,Roland,11
CT,M,1913,Emil,10
CT,M,1913,Oscar,10
CT,M,1913,Roy,10
CT,M,1913,Steve,10
CT,M,1913,Wilbur,10
CT,M,1913,Allen,9
CT,M,1913,Gordon,9
CT,M,1913,Jacob,9
CT,M,1913,Nathan,9
CT,M,1913,Patrick,9
CT,M,1913,Patsy,9
CT,M,1913,Adolph,8
CT,M,1913,August,8
CT,M,1913,Carmen,8
CT,M,1913,Edgar,8
CT,M,1913,Jerome,8
CT,M,1913,Jerry,8
CT,M,1913,Karl,8
CT,M,1913,Maurice,8
CT,M,1913,Max,8
CT,M,1913,Willard,8
CT,M,1913,Allan,7
CT,M,1913,Ben,7
CT,M,1913,Guido,7
CT,M,1913,Harvey,7
CT,M,1913,Leroy,7
CT,M,1913,Lloyd,7
CT,M,1913,Ray,7
CT,M,1913,Ronald,7
CT,M,1913,Alvin,6
CT,M,1913,Domenic,6
CT,M,1913,Floyd,6
CT,M,1913,Gilbert,6
CT,M,1913,Gustave,6
CT,M,1913,Hugo,6
CT,M,1913,Laurence,6
CT,M,1913,Manuel,6
CT,M,1913,Nelson,6
CT,M,1913,Oliver,6
CT,M,1913,Phillip,6
CT,M,1913,Rudolph,6
CT,M,1913,Sam,6
CT,M,1913,Steven,6
CT,M,1913,Wallace,6
CT,M,1913,Austin,5
CT,M,1913,Christopher,5
CT,M,1913,Erwin,5
CT,M,1913,Franklin,5
CT,M,1913,Frederic,5
CT,M,1913,Hubert,5
CT,M,1913,Hyman,5
CT,M,1913,Orlando,5
CT,M,1913,Wesley,5
CT,M,1913,Willis,5
CT,M,1913,Woodrow,5
CT,M,1914,John,684
CT,M,1914,Joseph,575
CT,M,1914,William,430
CT,M,1914,Edward,327
CT,M,1914,Frank,297
CT,M,1914,George,297
CT,M,1914,James,250
CT,M,1914,Charles,237
CT,M,1914,Robert,218
CT,M,1914,Walter,187
CT,M,1914,Michael,179
CT,M,1914,Anthony,174
CT,M,1914,Stanley,164
CT,M,1914,Thomas,156
CT,M,1914,Louis,151
CT,M,1914,Albert,146
CT,M,1914,Henry,139
CT,M,1914,Arthur,125
CT,M,1914,Raymond,108
CT,M,1914,Francis,107
CT,M,1914,Paul,107
CT,M,1914,Peter,107
CT,M,1914,Harold,96
CT,M,1914,Richard,92
CT,M,1914,Alfred,81
CT,M,1914,Frederick,78
CT,M,1914,Harry,78
CT,M,1914,Andrew,76
CT,M,1914,Stephen,71
CT,M,1914,Howard,64
CT,M,1914,Kenneth,61
CT,M,1914,Ralph,61
CT,M,1914,Vincent,61
CT,M,1914,Fred,60
CT,M,1914,Nicholas,59
CT,M,1914,Carl,58
CT,M,1914,Theodore,58
CT,M,1914,Donald,55
CT,M,1914,Samuel,53
CT,M,1914,Alexander,52
CT,M,1914,David,50
CT,M,1914,Salvatore,49
CT,M,1914,Ernest,48
CT,M,1914,Russell,46
CT,M,1914,Daniel,45
CT,M,1914,Herbert,45
CT,M,1914,Philip,45
CT,M,1914,Lawrence,43
CT,M,1914,Leo,40
CT,M,1914,Eugene,39
CT,M,1914,Benjamin,37
CT,M,1914,Victor,37
CT,M,1914,Bernard,36
CT,M,1914,Chester,34
CT,M,1914,Leonard,34
CT,M,1914,Edwin,32
CT,M,1914,Angelo,30
CT,M,1914,Clifford,30
CT,M,1914,Julius,30
CT,M,1914,Clarence,29
CT,M,1914,Norman,28
CT,M,1914,Dominic,27
CT,M,1914,Edmund,27
CT,M,1914,Irving,27
CT,M,1914,Milton,26
CT,M,1914,Dominick,25
CT,M,1914,Herman,25
CT,M,1914,Pasquale,24
CT,M,1914,Maurice,23
CT,M,1914,Morris,23
CT,M,1914,Leon,22
CT,M,1914,Sidney,22
CT,M,1914,Emil,21
CT,M,1914,Earl,20
CT,M,1914,Elmer,20
CT,M,1914,Steve,20
CT,M,1914,Warren,20
CT,M,1914,Lester,19
CT,M,1914,Martin,19
CT,M,1914,Patrick,19
CT,M,1914,Lewis,17
CT,M,1914,Arnold,16
CT,M,1914,Jack,16
CT,M,1914,Oscar,16
CT,M,1914,Abraham,15
CT,M,1914,Alex,15
CT,M,1914,Gordon,15
CT,M,1914,Max,15
CT,M,1914,Otto,15
CT,M,1914,Wilbur,15
CT,M,1914,Alphonse,14
CT,M,1914,Rudolph,14
CT,M,1914,Matthew,13
CT,M,1914,Nathan,13
CT,M,1914,Rocco,13
CT,M,1914,Roger,13
CT,M,1914,Adam,12
CT,M,1914,Aldo,12
CT,M,1914,August,12
CT,M,1914,Carmine,12
CT,M,1914,Everett,12
CT,M,1914,Leroy,12
CT,M,1914,Mario,12
CT,M,1914,Burton,11
CT,M,1914,Sam,11
CT,M,1914,Sebastian,11
CT,M,1914,Tony,11
CT,M,1914,Wilfred,11
CT,M,1914,Adolph,10
CT,M,1914,Bruno,10
CT,M,1914,Carmen,10
CT,M,1914,Franklin,10
CT,M,1914,Gerard,10
CT,M,1914,Gilbert,10
CT,M,1914,Jacob,10
CT,M,1914,Jerry,10
CT,M,1914,Leslie,10
CT,M,1914,Lloyd,10
CT,M,1914,Patsy,10
CT,M,1914,Armand,9
CT,M,1914,Earle,9
CT,M,1914,Edgar,9
CT,M,1914,Frederic,9
CT,M,1914,Gerald,9
CT,M,1914,Karl,9
CT,M,1914,Morton,9
CT,M,1914,Nelson,9
CT,M,1914,Sydney,9
CT,M,1914,Vito,9
CT,M,1914,Wallace,9
CT,M,1914,Allen,8
CT,M,1914,Antonio,8
CT,M,1914,Felix,8
CT,M,1914,Guido,8
CT,M,1914,Myron,8
CT,M,1914,Oliver,8
CT,M,1914,Roy,8
CT,M,1914,Alton,7
CT,M,1914,Alvin,7
CT,M,1914,Clinton,7
CT,M,1914,Douglas,7
CT,M,1914,Emanuel,7
CT,M,1914,Eric,7
CT,M,1914,Fredrick,7
CT,M,1914,Harvey,7
CT,M,1914,Joe,7
CT,M,1914,Lionel,7
CT,M,1914,Steven,7
CT,M,1914,Stuart,7
CT,M,1914,Willard,7
CT,M,1914,Americo,6
CT,M,1914,Cornelius,6
CT,M,1914,Dwight,6
CT,M,1914,Erwin,6
CT,M,1914,Gabriel,6
CT,M,1914,Homer,6
CT,M,1914,Hugh,6
CT,M,1914,Joesph,6
CT,M,1914,Lucian,6
CT,M,1914,Malcolm,6
CT,M,1914,Melvin,6
CT,M,1914,Phillip,6
CT,M,1914,Roland,6
CT,M,1914,Ronald,6
CT,M,1914,Silvio,6
CT,M,1914,Simon,6
CT,M,1914,Wesley,6
CT,M,1914,Aaron,5
CT,M,1914,Bruce,5
CT,M,1914,Carlo,5
CT,M,1914,Carlton,5
CT,M,1914,Casimir,5
CT,M,1914,Clayton,5
CT,M,1914,Ellsworth,5
CT,M,1914,Emilio,5
CT,M,1914,Ferdinand,5
CT,M,1914,Floyd,5
CT,M,1914,Gaetano,5
CT,M,1914,Gus,5
CT,M,1914,Ira,5
CT,M,1914,Israel,5
CT,M,1914,Jesse,5
CT,M,1914,Laurence,5
CT,M,1914,Marshall,5
CT,M,1914,Mortimer,5
CT,M,1914,Neil,5
CT,M,1914,Reginald,5
CT,M,1914,Sigmund,5
CT,M,1914,Timothy,5
CT,M,1915,John,907
CT,M,1915,Joseph,639
CT,M,1915,William,497
CT,M,1915,Edward,358
CT,M,1915,Frank,344
CT,M,1915,George,325
CT,M,1915,Charles,295
CT,M,1915,James,295
CT,M,1915,Robert,256
CT,M,1915,Anthony,209
CT,M,1915,Walter,202
CT,M,1915,Thomas,185
CT,M,1915,Michael,177
CT,M,1915,Louis,160
CT,M,1915,Stanley,155
CT,M,1915,Albert,154
CT,M,1915,Raymond,154
CT,M,1915,Henry,153
CT,M,1915,Arthur,144
CT,M,1915,Peter,134
CT,M,1915,Francis,131
CT,M,1915,Harold,130
CT,M,1915,Paul,113
CT,M,1915,Harry,107
CT,M,1915,Frederick,101
CT,M,1915,Richard,101
CT,M,1915,Alfred,100
CT,M,1915,Andrew,95
CT,M,1915,Donald,84
CT,M,1915,Vincent,82
CT,M,1915,Ernest,81
CT,M,1915,Carl,80
CT,M,1915,Howard,80
CT,M,1915,Kenneth,78
CT,M,1915,Nicholas,76
CT,M,1915,Salvatore,73
CT,M,1915,Samuel,72
CT,M,1915,David,71
CT,M,1915,Ralph,70
CT,M,1915,Stephen,64
CT,M,1915,Russell,59
CT,M,1915,Lawrence,57
CT,M,1915,Leonard,56
CT,M,1915,Philip,55
CT,M,1915,Fred,54
CT,M,1915,Daniel,53
CT,M,1915,Theodore,52
CT,M,1915,Victor,48
CT,M,1915,Norman,47
CT,M,1915,Alexander,46
CT,M,1915,Eugene,42
CT,M,1915,Dominic,40
CT,M,1915,Edwin,40
CT,M,1915,Leo,40
CT,M,1915,Herbert,39
CT,M,1915,Bernard,38
CT,M,1915,Angelo,37
CT,M,1915,Benjamin,37
CT,M,1915,Milton,37
CT,M,1915,Edmund,32
CT,M,1915,Clarence,30
CT,M,1915,Jack,30
CT,M,1915,Earl,29
CT,M,1915,Leon,29
CT,M,1915,Morris,28
CT,M,1915,Pasquale,28
CT,M,1915,Chester,27
CT,M,1915,Irving,27
CT,M,1915,Dominick,24
CT,M,1915,Herman,24
CT,M,1915,Julius,24
CT,M,1915,Lester,24
CT,M,1915,Martin,24
CT,M,1915,Maurice,24
CT,M,1915,Sidney,23
CT,M,1915,Clifford,22
CT,M,1915,Gerald,21
CT,M,1915,Tony,21
CT,M,1915,Alex,19
CT,M,1915,Elmer,19
CT,M,1915,Patrick,19
CT,M,1915,Roger,19
CT,M,1915,Roland,19
CT,M,1915,Alphonse,18
CT,M,1915,Everett,18
CT,M,1915,Gordon,18
CT,M,1915,Leroy,18
CT,M,1915,Jacob,17
CT,M,1915,Max,17
CT,M,1915,Oscar,17
CT,M,1915,Rocco,17
CT,M,1915,Ronald,17
CT,M,1915,Rudolph,17
CT,M,1915,Wilbur,17
CT,M,1915,Emil,16
CT,M,1915,Lewis,16
CT,M,1915,Matthew,16
CT,M,1915,Steve,16
CT,M,1915,Adolph,15
CT,M,1915,Patsy,15
CT,M,1915,Roy,15
CT,M,1915,Sebastian,15
CT,M,1915,Warren,15
CT,M,1915,Wilfred,15
CT,M,1915,Douglas,14
CT,M,1915,Edgar,14
CT,M,1915,Gilbert,14
CT,M,1915,Nathan,13
CT,M,1915,Steven,13
CT,M,1915,Allen,12
CT,M,1915,Arnold,12
CT,M,1915,Carmen,12
CT,M,1915,Jerry,12
CT,M,1915,Lloyd,12
CT,M,1915,Mario,12
CT,M,1915,Otto,12
CT,M,1915,Sam,12
CT,M,1915,Wallace,12
CT,M,1915,Willard,12
CT,M,1915,Antonio,11
CT,M,1915,Bruno,11
CT,M,1915,Edmond,11
CT,M,1915,Felix,11
CT,M,1915,Rosario,11
CT,M,1915,Abraham,10
CT,M,1915,Adam,10
CT,M,1915,Clinton,10
CT,M,1915,Franklin,10
CT,M,1915,Fredrick,10
CT,M,1915,Karl,10
CT,M,1915,Leslie,10
CT,M,1915,Oliver,10
CT,M,1915,Wesley,10
CT,M,1915,Allan,9
CT,M,1915,Alvin,9
CT,M,1915,August,9
CT,M,1915,Hyman,9
CT,M,1915,Malcolm,9
CT,M,1915,Alan,8
CT,M,1915,Bennie,8
CT,M,1915,Burton,8
CT,M,1915,Christopher,8
CT,M,1915,Elwood,8
CT,M,1915,Gaetano,8
CT,M,1915,Gustave,8
CT,M,1915,Horace,8
CT,M,1915,Hugh,8
CT,M,1915,Marvin,8
CT,M,1915,Mitchell,8
CT,M,1915,Stuart,8
CT,M,1915,Armand,7
CT,M,1915,Carleton,7
CT,M,1915,Erwin,7
CT,M,1915,Gino,7
CT,M,1915,Harvey,7
CT,M,1915,Hubert,7
CT,M,1915,Joe,7
CT,M,1915,Julian,7
CT,M,1915,Micheal,7
CT,M,1915,Timothy,7
CT,M,1915,Willis,7
CT,M,1915,Carlton,6
CT,M,1915,Carmine,6
CT,M,1915,Cyril,6
CT,M,1915,Ellsworth,6
CT,M,1915,Floyd,6
CT,M,1915,Gerard,6
CT,M,1915,Guy,6
CT,M,1915,Isadore,6
CT,M,1915,Lucian,6
CT,M,1915,Myron,6
CT,M,1915,Nick,6
CT,M,1915,Nickolas,6
CT,M,1915,Orlando,6
CT,M,1915,Otis,6
CT,M,1915,Perry,6
CT,M,1915,Phillip,6
CT,M,1915,Ray,6
CT,M,1915,Sigmund,6
CT,M,1915,Silvio,6
CT,M,1915,Sydney,6
CT,M,1915,Vito,6
CT,M,1915,Ward,6
CT,M,1915,Aldo,5
CT,M,1915,Archie,5
CT,M,1915,Carlo,5
CT,M,1915,Cecil,5
CT,M,1915,Clayton,5
CT,M,1915,Clyde,5
CT,M,1915,Emerson,5
CT,M,1915,Eric,5
CT,M,1915,Franklyn,5
CT,M,1915,Fredric,5
CT,M,1915,Gregory,5
CT,M,1915,Gus,5
CT,M,1915,Jerome,5
CT,M,1915,Lucien,5
CT,M,1915,Manuel,5
CT,M,1915,Morton,5
CT,M,1915,Sherwood,5
CT,M,1915,Thaddeus,5
CT,M,1916,John,993
CT,M,1916,Joseph,737
CT,M,1916,William,556
CT,M,1916,Edward,416
CT,M,1916,Frank,387
CT,M,1916,George,365
CT,M,1916,Robert,342
CT,M,1916,James,336
CT,M,1916,Charles,323
CT,M,1916,Anthony,240
CT,M,1916,Michael,230
CT,M,1916,Walter,218
CT,M,1916,Stanley,212
CT,M,1916,Henry,207
CT,M,1916,Louis,200
CT,M,1916,Thomas,189
CT,M,1916,Francis,180
CT,M,1916,Raymond,173
CT,M,1916,Albert,170
CT,M,1916,Arthur,148
CT,M,1916,Richard,145
CT,M,1916,Peter,144
CT,M,1916,Harry,124
CT,M,1916,Paul,121
CT,M,1916,Andrew,112
CT,M,1916,Stephen,105
CT,M,1916,Frederick,99
CT,M,1916,Ralph,99
CT,M,1916,Vincent,97
CT,M,1916,Harold,95
CT,M,1916,Donald,94
CT,M,1916,Alfred,93
CT,M,1916,Ernest,93
CT,M,1916,Daniel,82
CT,M,1916,Carl,79
CT,M,1916,Nicholas,79
CT,M,1916,Fred,78
CT,M,1916,David,76
CT,M,1916,Kenneth,74
CT,M,1916,Howard,72
CT,M,1916,Samuel,68
CT,M,1916,Philip,64
CT,M,1916,Russell,64
CT,M,1916,Bernard,53
CT,M,1916,Norman,51
CT,M,1916,Benjamin,50
CT,M,1916,Theodore,50
CT,M,1916,Alexander,49
CT,M,1916,Eugene,49
CT,M,1916,Herbert,49
CT,M,1916,Salvatore,49
CT,M,1916,Lawrence,48
CT,M,1916,Chester,47
CT,M,1916,Victor,44
CT,M,1916,Leo,42
CT,M,1916,Leonard,42
CT,M,1916,Irving,40
CT,M,1916,Dominic,39
CT,M,1916,Angelo,38
CT,M,1916,Julius,38
CT,M,1916,Edwin,37
CT,M,1916,Milton,37
CT,M,1916,Martin,36
CT,M,1916,Clifford,34
CT,M,1916,Edmund,34
CT,M,1916,Pasquale,33
CT,M,1916,Everett,31
CT,M,1916,Alex,30
CT,M,1916,Leon,30
CT,M,1916,Clarence,29
CT,M,1916,Matthew,29
CT,M,1916,Sidney,29
CT,M,1916,Morris,28
CT,M,1916,Elmer,26
CT,M,1916,Rocco,26
CT,M,1916,Herman,25
CT,M,1916,Jack,25
CT,M,1916,Dominick,24
CT,M,1916,Earl,24
CT,M,1916,Gordon,24
CT,M,1916,Lester,24
CT,M,1916,Rudolph,24
CT,M,1916,Felix,23
CT,M,1916,Patsy,23
CT,M,1916,Arnold,22
CT,M,1916,Steve,22
CT,M,1916,Emil,21
CT,M,1916,Sam,21
CT,M,1916,Edgar,19
CT,M,1916,Lewis,19
CT,M,1916,Maurice,18
CT,M,1916,Burton,17
CT,M,1916,Lloyd,17
CT,M,1916,Roger,16
CT,M,1916,Abraham,15
CT,M,1916,Clayton,15
CT,M,1916,Gerald,15
CT,M,1916,Gerard,15
CT,M,1916,Gilbert,15
CT,M,1916,Jacob,15
CT,M,1916,Tony,15
CT,M,1916,Warren,15
CT,M,1916,Adolph,14
CT,M,1916,Carmine,14
CT,M,1916,Domenic,14
CT,M,1916,Mario,14
CT,M,1916,Nathan,14
CT,M,1916,Patrick,14
CT,M,1916,Allen,13
CT,M,1916,Armand,13
CT,M,1916,Bruno,13
CT,M,1916,Joe,13
CT,M,1916,Malcolm,13
CT,M,1916,Melvin,13
CT,M,1916,Oscar,13
CT,M,1916,Wilfred,13
CT,M,1916,Antonio,12
CT,M,1916,Franklin,12
CT,M,1916,Jerry,12
CT,M,1916,Laurence,12
CT,M,1916,Sebastian,12
CT,M,1916,Steven,12
CT,M,1916,Adam,11
CT,M,1916,Myron,11
CT,M,1916,Roland,11
CT,M,1916,Wilbur,11
CT,M,1916,Carmen,10
CT,M,1916,Douglas,10
CT,M,1916,Erwin,10
CT,M,1916,Harvey,10
CT,M,1916,Max,10
CT,M,1916,Micheal,10
CT,M,1916,Mike,10
CT,M,1916,Murray,10
CT,M,1916,Thaddeus,10
CT,M,1916,Willard,10
CT,M,1916,Aaron,9
CT,M,1916,Aldo,9
CT,M,1916,Alphonse,9
CT,M,1916,Alvin,9
CT,M,1916,Benedict,9
CT,M,1916,Christopher,9
CT,M,1916,Edmond,9
CT,M,1916,Leroy,9
CT,M,1916,Lucian,9
CT,M,1916,Manuel,9
CT,M,1916,Marvin,9
CT,M,1916,Oliver,9
CT,M,1916,Stuart,9
CT,M,1916,Allan,8
CT,M,1916,August,8
CT,M,1916,Benny,8
CT,M,1916,Clement,8
CT,M,1916,Cornelius,8
CT,M,1916,Gabriel,8
CT,M,1916,Gustave,8
CT,M,1916,Leslie,8
CT,M,1916,Otto,8
CT,M,1916,Wesley,8
CT,M,1916,Earle,7
CT,M,1916,Elliot,7
CT,M,1916,Guy,7
CT,M,1916,Hubert,7
CT,M,1916,Jerome,7
CT,M,1916,Julian,7
CT,M,1916,Phillip,7
CT,M,1916,Timothy,7
CT,M,1916,Vernon,7
CT,M,1916,Vito,7
CT,M,1916,Wallace,7
CT,M,1916,Alan,6
CT,M,1916,Carlo,6
CT,M,1916,Cyril,6
CT,M,1916,Ellsworth,6
CT,M,1916,Emanuel,6
CT,M,1916,Ferdinand,6
CT,M,1916,Floyd,6
CT,M,1916,Frederic,6
CT,M,1916,Homer,6
CT,M,1916,Hugh,6
CT,M,1916,Hugo,6
CT,M,1916,Karl,6
CT,M,1916,Lee,6
CT,M,1916,Morton,6
CT,M,1916,Newton,6
CT,M,1916,Nick,6
CT,M,1916,Roy,6
CT,M,1916,Seymour,6
CT,M,1916,Silvio,6
CT,M,1916,Sydney,6
CT,M,1916,Alden,5
CT,M,1916,Aloysius,5
CT,M,1916,Alton,5
CT,M,1916,Austin,5
CT,M,1916,Carleton,5
CT,M,1916,Carlton,5
CT,M,1916,Casimer,5
CT,M,1916,Clinton,5
CT,M,1916,Clyde,5
CT,M,1916,Dante,5
CT,M,1916,Elwood,5
CT,M,1916,Enrico,5
CT,M,1916,Eric,5
CT,M,1916,Fredrick,5
CT,M,1916,Gaetano,5
CT,M,1916,Gerhardt,5
CT,M,1916,Horace,5
CT,M,1916,Hyman,5
CT,M,1916,Isadore,5
CT,M,1916,Jeremiah,5
CT,M,1916,Lionel,5
CT,M,1916,Marco,5
CT,M,1916,Nelson,5
CT,M,1916,Orlando,5
CT,M,1916,Orville,5
CT,M,1916,Romeo,5
CT,M,1916,Ronald,5
CT,M,1916,Santo,5
CT,M,1916,Saul,5
CT,M,1916,Spencer,5
CT,M,1916,Virgil,5
CT,M,1917,John,1076
CT,M,1917,Joseph,788
CT,M,1917,William,651
CT,M,1917,Edward,471
CT,M,1917,George,445
CT,M,1917,Robert,401
CT,M,1917,Frank,392
CT,M,1917,Charles,345
CT,M,1917,James,322
CT,M,1917,Walter,286
CT,M,1917,Anthony,252
CT,M,1917,Michael,231
CT,M,1917,Stanley,230
CT,M,1917,Louis,202
CT,M,1917,Henry,199
CT,M,1917,Thomas,196
CT,M,1917,Francis,181
CT,M,1917,Paul,177
CT,M,1917,Peter,176
CT,M,1917,Raymond,170
CT,M,1917,Albert,162
CT,M,1917,Arthur,153
CT,M,1917,Harold,153
CT,M,1917,Richard,131
CT,M,1917,Harry,122
CT,M,1917,Donald,108
CT,M,1917,Frederick,100
CT,M,1917,Stephen,98
CT,M,1917,Ernest,97
CT,M,1917,Alexander,90
CT,M,1917,David,90
CT,M,1917,Vincent,90
CT,M,1917,Andrew,89
CT,M,1917,Alfred,87
CT,M,1917,Nicholas,87
CT,M,1917,Ralph,87
CT,M,1917,Russell,80
CT,M,1917,Theodore,80
CT,M,1917,Lawrence,79
CT,M,1917,Daniel,78
CT,M,1917,Howard,77
CT,M,1917,Kenneth,71
CT,M,1917,Leonard,70
CT,M,1917,Philip,70
CT,M,1917,Salvatore,70
CT,M,1917,Samuel,67
CT,M,1917,Carl,59
CT,M,1917,Fred,58
CT,M,1917,Bernard,57
CT,M,1917,Herbert,56
CT,M,1917,Chester,53
CT,M,1917,Leo,53
CT,M,1917,Norman,52
CT,M,1917,Eugene,50
CT,M,1917,Irving,50
CT,M,1917,Edwin,49
CT,M,1917,Jack,49
CT,M,1917,Benjamin,47
CT,M,1917,Clifford,47
CT,M,1917,Victor,44
CT,M,1917,Earl,43
CT,M,1917,Clarence,41
CT,M,1917,Dominic,41
CT,M,1917,Angelo,39
CT,M,1917,Steve,36
CT,M,1917,Edmund,34
CT,M,1917,Julius,34
CT,M,1917,Milton,33
CT,M,1917,Alex,32
CT,M,1917,Martin,31
CT,M,1917,Maurice,30
CT,M,1917,Dominick,29
CT,M,1917,Elmer,29
CT,M,1917,Gerald,29
CT,M,1917,Roger,29
CT,M,1917,Emil,28
CT,M,1917,Leon,28
CT,M,1917,Everett,27
CT,M,1917,Herman,27
CT,M,1917,Mario,27
CT,M,1917,Sidney,27
CT,M,1917,Lester,26
CT,M,1917,Rocco,25
CT,M,1917,Pasquale,24
CT,M,1917,Alphonse,23
CT,M,1917,Franklin,23
CT,M,1917,Arnold,22
CT,M,1917,Warren,22
CT,M,1917,Felix,21
CT,M,1917,Matthew,21
CT,M,1917,Patrick,21
CT,M,1917,Roland,21
CT,M,1917,Morris,20
CT,M,1917,Patsy,20
CT,M,1917,Steven,20
CT,M,1917,Allen,19
CT,M,1917,Lewis,19
CT,M,1917,Sebastian,19
CT,M,1917,Wesley,19
CT,M,1917,Gordon,18
CT,M,1917,Jacob,18
CT,M,1917,Leroy,18
CT,M,1917,Douglas,17
CT,M,1917,Max,17
CT,M,1917,Nathan,17
CT,M,1917,Adam,16
CT,M,1917,Jerome,16
CT,M,1917,Ronald,16
CT,M,1917,Roy,16
CT,M,1917,Rudolph,16
CT,M,1917,Abraham,15
CT,M,1917,Adolph,15
CT,M,1917,Sam,15
CT,M,1917,Tony,15
CT,M,1917,Armand,14
CT,M,1917,Vito,14
CT,M,1917,Clayton,13
CT,M,1917,Gilbert,13
CT,M,1917,Harvey,13
CT,M,1917,Lloyd,13
CT,M,1917,Marvin,13
CT,M,1917,Micheal,13
CT,M,1917,Erwin,12
CT,M,1917,Leslie,12
CT,M,1917,Myron,12
CT,M,1917,Oliver,12
CT,M,1917,Stuart,12
CT,M,1917,Wilfred,12
CT,M,1917,Gerard,11
CT,M,1917,Laurence,11
CT,M,1917,Thaddeus,11
CT,M,1917,Allan,10
CT,M,1917,Alvin,10
CT,M,1917,August,10
CT,M,1917,Bruno,10
CT,M,1917,Burton,10
CT,M,1917,Carmine,10
CT,M,1917,Domenic,10
CT,M,1917,Earle,10
CT,M,1917,Morton,10
CT,M,1917,Rosario,10
CT,M,1917,Wallace,10
CT,M,1917,Wilson,10
CT,M,1917,Aaron,9
CT,M,1917,Antonio,9
CT,M,1917,Carmen,9
CT,M,1917,Clinton,9
CT,M,1917,Edmond,9
CT,M,1917,Floyd,9
CT,M,1917,Frederic,9
CT,M,1917,Hyman,9
CT,M,1917,Joe,9
CT,M,1917,Marshall,9
CT,M,1917,Otto,9
CT,M,1917,Phillip,9
CT,M,1917,Wilbur,9
CT,M,1917,Bennie,8
CT,M,1917,Carlton,8
CT,M,1917,Cyril,8
CT,M,1917,Edgar,8
CT,M,1917,Ellsworth,8
CT,M,1917,Hugh,8
CT,M,1917,Jeremiah,8
CT,M,1917,Jesse,8
CT,M,1917,Nelson,8
CT,M,1917,Santo,8
CT,M,1917,Vernon,8
CT,M,1917,Woodrow,8
CT,M,1917,Benedict,7
CT,M,1917,Calvin,7
CT,M,1917,Conrad,7
CT,M,1917,Curtis,7
CT,M,1917,Elwood,7
CT,M,1917,Ferdinand,7
CT,M,1917,Gino,7
CT,M,1917,Gustave,7
CT,M,1917,Isadore,7
CT,M,1917,Jerry,7
CT,M,1917,Karl,7
CT,M,1917,Malcolm,7
CT,M,1917,Melvin,7
CT,M,1917,Mitchell,7
CT,M,1917,Nick,7
CT,M,1917,Oscar,7
CT,M,1917,Saul,7
CT,M,1917,Sigmund,7
CT,M,1917,Alan,6
CT,M,1917,Albin,6
CT,M,1917,Alden,6
CT,M,1917,Austin,6
CT,M,1917,Bruce,6
CT,M,1917,Christopher,6
CT,M,1917,Clement,6
CT,M,1917,Dino,6
CT,M,1917,Dwight,6
CT,M,1917,Emanuel,6
CT,M,1917,Emilio,6
CT,M,1917,Fredrick,6
CT,M,1917,Gabriel,6
CT,M,1917,Gaetano,6
CT,M,1917,Horace,6
CT,M,1917,Hubert,6
CT,M,1917,Hugo,6
CT,M,1917,Ira,6
CT,M,1917,Julian,6
CT,M,1917,Lucian,6
CT,M,1917,Lucien,6
CT,M,1917,Manuel,6
CT,M,1917,Morgan,6
CT,M,1917,Orlando,6
CT,M,1917,Orrin,6
CT,M,1917,Romeo,6
CT,M,1917,Sherman,6
CT,M,1917,Simon,6
CT,M,1917,Solomon,6
CT,M,1917,Teddy,6
CT,M,1917,Willard,6
CT,M,1917,Zigmund,6
CT,M,1917,Alfonse,5
CT,M,1917,Alton,5
CT,M,1917,Augustine,5
CT,M,1917,Carlo,5
CT,M,1917,Carmelo,5
CT,M,1917,Casimir,5
CT,M,1917,Clark,5
CT,M,1917,Domenick,5
CT,M,1917,Eric,5
CT,M,1917,Gennaro,5
CT,M,1917,Homer,5
CT,M,1917,Irvin,5
CT,M,1917,Owen,5
CT,M,1917,Perry,5
CT,M,1917,Rene,5
CT,M,1917,Silvio,5
CT,M,1917,Ward,5
CT,M,1918,John,1092
CT,M,1918,Joseph,804
CT,M,1918,William,599
CT,M,1918,Edward,497
CT,M,1918,Robert,447
CT,M,1918,George,419
CT,M,1918,Frank,403
CT,M,1918,Charles,379
CT,M,1918,James,333
CT,M,1918,Walter,273
CT,M,1918,Stanley,265
CT,M,1918,Anthony,256
CT,M,1918,Thomas,240
CT,M,1918,Michael,224
CT,M,1918,Arthur,205
CT,M,1918,Henry,202
CT,M,1918,Raymond,198
CT,M,1918,Albert,181
CT,M,1918,Richard,174
CT,M,1918,Francis,173
CT,M,1918,Louis,167
CT,M,1918,Peter,160
CT,M,1918,Paul,158
CT,M,1918,Harold,157
CT,M,1918,Donald,125
CT,M,1918,Harry,118
CT,M,1918,Alfred,105
CT,M,1918,Ernest,102
CT,M,1918,Vincent,100
CT,M,1918,Andrew,99
CT,M,1918,Ralph,99
CT,M,1918,Howard,96
CT,M,1918,Frederick,93
CT,M,1918,Kenneth,93
CT,M,1918,Leonard,87
CT,M,1918,David,82
CT,M,1918,Philip,82
CT,M,1918,Nicholas,80
CT,M,1918,Bernard,79
CT,M,1918,Carl,79
CT,M,1918,Alexander,78
CT,M,1918,Fred,77
CT,M,1918,Theodore,74
CT,M,1918,Stephen,73
CT,M,1918,Lawrence,72
CT,M,1918,Victor,68
CT,M,1918,Daniel,66
CT,M,1918,Russell,66
CT,M,1918,Samuel,64
CT,M,1918,Salvatore,61
CT,M,1918,Leo,60
CT,M,1918,Chester,57
CT,M,1918,Herbert,57
CT,M,1918,Angelo,52
CT,M,1918,Norman,50
CT,M,1918,Edwin,49
CT,M,1918,Irving,49
CT,M,1918,Eugene,46
CT,M,1918,Clifford,44
CT,M,1918,Benjamin,42
CT,M,1918,Dominic,40
CT,M,1918,Jack,40
CT,M,1918,Earl,35
CT,M,1918,Edmund,35
CT,M,1918,Martin,35
CT,M,1918,Morris,35
CT,M,1918,Milton,34
CT,M,1918,Maurice,33
CT,M,1918,Matthew,32
CT,M,1918,Roger,32
CT,M,1918,Leon,30
CT,M,1918,Clarence,29
CT,M,1918,Gerald,29
CT,M,1918,Julius,29
CT,M,1918,Steve,28
CT,M,1918,Herman,27
CT,M,1918,Tony,27
CT,M,1918,Dominick,26
CT,M,1918,Gordon,26
CT,M,1918,Sidney,26
CT,M,1918,Arnold,25
CT,M,1918,Patsy,25
CT,M,1918,Armand,24
CT,M,1918,Douglas,24
CT,M,1918,Elmer,24
CT,M,1918,Alex,23
CT,M,1918,Alphonse,23
CT,M,1918,Everett,23
CT,M,1918,Pasquale,23
CT,M,1918,Roy,23
CT,M,1918,Warren,23
CT,M,1918,Jacob,22
CT,M,1918,Mario,22
CT,M,1918,Lester,21
CT,M,1918,Adolph,20
CT,M,1918,Emil,20
CT,M,1918,Patrick,20
CT,M,1918,Abraham,19
CT,M,1918,Franklin,19
CT,M,1918,Lloyd,18
CT,M,1918,Sebastian,18
CT,M,1918,Allen,17
CT,M,1918,Bruno,17
CT,M,1918,Carmen,17
CT,M,1918,Roland,17
CT,M,1918,Wilbur,17
CT,M,1918,Leroy,16
CT,M,1918,Lewis,16
CT,M,1918,Rocco,16
CT,M,1918,Steven,16
CT,M,1918,Wallace,16
CT,M,1918,Burton,15
CT,M,1918,Felix,15
CT,M,1918,Hugh,15
CT,M,1918,Joe,15
CT,M,1918,Carmine,14
CT,M,1918,Clayton,14
CT,M,1918,Nathan,14
CT,M,1918,Nickolas,14
CT,M,1918,Vito,14
CT,M,1918,Wesley,14
CT,M,1918,Edgar,13
CT,M,1918,Gilbert,13
CT,M,1918,Harvey,13
CT,M,1918,Horace,13
CT,M,1918,Leslie,13
CT,M,1918,Max,13
CT,M,1918,Vernon,13
CT,M,1918,Willard,13
CT,M,1918,Adam,12
CT,M,1918,Antonio,12
CT,M,1918,Marshall,12
CT,M,1918,Marvin,12
CT,M,1918,Nick,12
CT,M,1918,Rudolph,12
CT,M,1918,Sam,12
CT,M,1918,Thaddeus,12
CT,M,1918,Wilfred,12
CT,M,1918,Aaron,11
CT,M,1918,Alvin,11
CT,M,1918,Cornelius,11
CT,M,1918,Malcolm,11
CT,M,1918,Myron,11
CT,M,1918,Nelson,11
CT,M,1918,Oscar,11
CT,M,1918,Alton,10
CT,M,1918,Earle,10
CT,M,1918,Eric,10
CT,M,1918,Gerard,10
CT,M,1918,Jerome,10
CT,M,1918,Julian,10
CT,M,1918,Karl,10
CT,M,1918,Lionel,10
CT,M,1918,Lucien,10
CT,M,1918,Morton,10
CT,M,1918,Seymour,10
CT,M,1918,Teddy,10
CT,M,1918,Woodrow,10
CT,M,1918,Benedict,9
CT,M,1918,Conrad,9
CT,M,1918,Dwight,9
CT,M,1918,Fredrick,9
CT,M,1918,Mike,9
CT,M,1918,Rosario,9
CT,M,1918,Aldo,8
CT,M,1918,Casimer,8
CT,M,1918,Christopher,8
CT,M,1918,Clement,8
CT,M,1918,Erwin,8
CT,M,1918,Floyd,8
CT,M,1918,Gregory,8
CT,M,1918,Gus,8
CT,M,1918,Jerry,8
CT,M,1918,Mitchell,8
CT,M,1918,Otto,8
CT,M,1918,Phillip,8
CT,M,1918,Reginald,8
CT,M,1918,Saul,8
CT,M,1918,Allan,7
CT,M,1918,Carlo,7
CT,M,1918,Casimir,7
CT,M,1918,Cyril,7
CT,M,1918,Dennis,7
CT,M,1918,Homer,7
CT,M,1918,Hyman,7
CT,M,1918,Laurence,7
CT,M,1918,Micheal,7
CT,M,1918,Rene,7
CT,M,1918,Ronald,7
CT,M,1918,Sigmund,7
CT,M,1918,Silvio,7
CT,M,1918,Zigmund,7
CT,M,1918,Alan,6
CT,M,1918,August,6
CT,M,1918,Carleton,6
CT,M,1918,Carlton,6
CT,M,1918,Donato,6
CT,M,1918,Edmond,6
CT,M,1918,Ellsworth,6
CT,M,1918,Gabriel,6
CT,M,1918,Harrison,6
CT,M,1918,Hubert,6
CT,M,1918,Jean,6
CT,M,1918,Jesse,6
CT,M,1918,Leopold,6
CT,M,1918,Manuel,6
CT,M,1918,Melvin,6
CT,M,1918,Meyer,6
CT,M,1918,Oliver,6
CT,M,1918,Omer,6
CT,M,1918,Timothy,6
CT,M,1918,Winthrop,6
CT,M,1918,Albin,5
CT,M,1918,Alec,5
CT,M,1918,Alfonso,5
CT,M,1918,Austin,5
CT,M,1918,Bennie,5
CT,M,1918,Benny,5
CT,M,1918,Carmelo,5
CT,M,1918,Clifton,5
CT,M,1918,Clinton,5
CT,M,1918,Clyde,5
CT,M,1918,Elliot,5
CT,M,1918,Elwood,5
CT,M,1918,Emanuel,5
CT,M,1918,Ferdinand,5
CT,M,1918,Gaetano,5
CT,M,1918,Gennaro,5
CT,M,1918,Guido,5
CT,M,1918,Guy,5
CT,M,1918,Lee,5
CT,M,1918,Mark,5
CT,M,1918,Miles,5
CT,M,1918,Murray,5
CT,M,1918,Norbert,5
CT,M,1918,Orlando,5
CT,M,1918,Solomon,5
CT,M,1918,Stanislaus,5
CT,M,1918,Stuart,5
CT,M,1918,Sylvester,5
CT,M,1918,Valentine,5
CT,M,1918,Willis,5
CT,M,1918,Wilson,5
CT,M,1918,Zygmunt,5
CT,M,1919,John,1005
CT,M,1919,Joseph,706
CT,M,1919,William,589
CT,M,1919,Robert,492
CT,M,1919,Edward,474
CT,M,1919,George,396
CT,M,1919,Frank,376
CT,M,1919,James,339
CT,M,1919,Charles,308
CT,M,1919,Walter,255
CT,M,1919,Anthony,215
CT,M,1919,Michael,202
CT,M,1919,Thomas,202
CT,M,1919,Albert,201
CT,M,1919,Richard,199
CT,M,1919,Henry,195
CT,M,1919,Louis,191
CT,M,1919,Stanley,188
CT,M,1919,Raymond,184
CT,M,1919,Harold,168
CT,M,1919,Arthur,167
CT,M,1919,Francis,166
CT,M,1919,Peter,146
CT,M,1919,Donald,138
CT,M,1919,Paul,135
CT,M,1919,Harry,115
CT,M,1919,Ralph,106
CT,M,1919,Andrew,105
CT,M,1919,Alfred,95
CT,M,1919,Ernest,94
CT,M,1919,David,92
CT,M,1919,Howard,89
CT,M,1919,Theodore,88
CT,M,1919,Vincent,83
CT,M,1919,Nicholas,82
CT,M,1919,Kenneth,78
CT,M,1919,Frederick,74
CT,M,1919,Leonard,71
CT,M,1919,Fred,68
CT,M,1919,Herbert,68
CT,M,1919,Salvatore,66
CT,M,1919,Stephen,66
CT,M,1919,Lawrence,65
CT,M,1919,Victor,64
CT,M,1919,Russell,62
CT,M,1919,Edwin,59
CT,M,1919,Chester,56
CT,M,1919,Alexander,55
CT,M,1919,Daniel,54
CT,M,1919,Philip,54
CT,M,1919,Norman,53
CT,M,1919,Bernard,52
CT,M,1919,Leo,52
CT,M,1919,Eugene,51
CT,M,1919,Carl,50
CT,M,1919,Earl,47
CT,M,1919,Edmund,47
CT,M,1919,Samuel,47
CT,M,1919,Angelo,44
CT,M,1919,Irving,41
CT,M,1919,Jack,40
CT,M,1919,Clarence,38
CT,M,1919,Milton,36
CT,M,1919,Benjamin,35
CT,M,1919,Dominic,35
CT,M,1919,Clifford,34
CT,M,1919,Martin,33
CT,M,1919,Leon,32
CT,M,1919,Morris,31
CT,M,1919,Elmer,30
CT,M,1919,Julius,26
CT,M,1919,Dominick,25
CT,M,1919,Matthew,25
CT,M,1919,Sidney,25
CT,M,1919,Emil,24
CT,M,1919,Lester,24
CT,M,1919,Tony,24
CT,M,1919,Douglas,23
CT,M,1919,Herman,23
CT,M,1919,Warren,23
CT,M,1919,Alex,22
CT,M,1919,Alphonse,22
CT,M,1919,Adolph,21
CT,M,1919,Gordon,21
CT,M,1919,Mario,21
CT,M,1919,Roger,21
CT,M,1919,Wallace,21
CT,M,1919,Maurice,20
CT,M,1919,Arnold,19
CT,M,1919,Edgar,19
CT,M,1919,Felix,19
CT,M,1919,Franklin,19
CT,M,1919,Patsy,19
CT,M,1919,Lewis,18
CT,M,1919,Wesley,18
CT,M,1919,Pasquale,17
CT,M,1919,Roland,17
CT,M,1919,Steven,17
CT,M,1919,Abraham,16
CT,M,1919,Carmen,16
CT,M,1919,Everett,16
CT,M,1919,Leroy,16
CT,M,1919,Steve,16
CT,M,1919,Armand,15
CT,M,1919,Horace,15
CT,M,1919,Oscar,15
CT,M,1919,Sebastian,15
CT,M,1919,Wilbur,15
CT,M,1919,Jacob,14
CT,M,1919,Rosario,14
CT,M,1919,Roy,14
CT,M,1919,Alvin,13
CT,M,1919,Edmond,13
CT,M,1919,Gerald,13
CT,M,1919,Harvey,13
CT,M,1919,Jerry,13
CT,M,1919,Rocco,13
CT,M,1919,Sam,13
CT,M,1919,Antonio,12
CT,M,1919,Burton,12
CT,M,1919,Domenic,12
CT,M,1919,Jerome,12
CT,M,1919,Mike,12
CT,M,1919,Patrick,12
CT,M,1919,Alan,11
CT,M,1919,Max,11
CT,M,1919,Ronald,11
CT,M,1919,Rudolph,11
CT,M,1919,Wilfred,11
CT,M,1919,Allen,10
CT,M,1919,Earle,10
CT,M,1919,Ellsworth,10
CT,M,1919,Fredrick,10
CT,M,1919,Gilbert,10
CT,M,1919,Joe,10
CT,M,1919,Leslie,10
CT,M,1919,Melvin,10
CT,M,1919,Saul,10
CT,M,1919,Simon,10
CT,M,1919,Vernon,10
CT,M,1919,Willard,10
CT,M,1919,Adam,9
CT,M,1919,Benny,9
CT,M,1919,Casimer,9
CT,M,1919,Christopher,9
CT,M,1919,Clayton,9
CT,M,1919,Marvin,9
CT,M,1919,Nathan,9
CT,M,1919,Thaddeus,9
CT,M,1919,Woodrow,9
CT,M,1919,Zigmund,9
CT,M,1919,Allan,8
CT,M,1919,Archie,8
CT,M,1919,Dwight,8
CT,M,1919,Eric,8
CT,M,1919,Manuel,8
CT,M,1919,Myron,8
CT,M,1919,Nelson,8
CT,M,1919,Orlando,8
CT,M,1919,Otto,8
CT,M,1919,Stuart,8
CT,M,1919,Vito,8
CT,M,1919,Willis,8
CT,M,1919,Alfonse,7
CT,M,1919,Gerard,7
CT,M,1919,Hugh,7
CT,M,1919,Karl,7
CT,M,1919,Laurence,7
CT,M,1919,Lucien,7
CT,M,1919,Morton,7
CT,M,1919,Sherman,7
CT,M,1919,Alfonso,6
CT,M,1919,Alton,6
CT,M,1919,Armond,6
CT,M,1919,Benedict,6
CT,M,1919,Bruno,6
CT,M,1919,Carlton,6
CT,M,1919,Carmelo,6
CT,M,1919,Clement,6
CT,M,1919,Constantine,6
CT,M,1919,Floyd,6
CT,M,1919,Gregory,6
CT,M,1919,Israel,6
CT,M,1919,Marshall,6
CT,M,1919,Merrill,6
CT,M,1919,Phillip,6
CT,M,1919,Romeo,6
CT,M,1919,Seymour,6
CT,M,1919,Sherwood,6
CT,M,1919,Sigmund,6
CT,M,1919,Sydney,6
CT,M,1919,Albin,5
CT,M,1919,Anton,5
CT,M,1919,Attilio,5
CT,M,1919,August,5
CT,M,1919,Bradford,5
CT,M,1919,Claude,5
CT,M,1919,Dave,5
CT,M,1919,Elton,5
CT,M,1919,Gabriel,5
CT,M,1919,Guy,5
CT,M,1919,Isadore,5
CT,M,1919,Joel,5
CT,M,1919,Lloyd,5
CT,M,1919,Lucian,5
CT,M,1919,Malcolm,5
CT,M,1919,Micheal,5
CT,M,1919,Mitchell,5
CT,M,1919,Nickolas,5
CT,M,1919,Ray,5
CT,M,1919,Santo,5
CT,M,1919,Solomon,5
CT,M,1919,Sylvester,5
CT,M,1919,Timothy,5
CT,M,1919,Wilson,5
CT,M,1920,John,1037
CT,M,1920,Joseph,743
CT,M,1920,William,626
CT,M,1920,Robert,543
CT,M,1920,Edward,521
CT,M,1920,George,419
CT,M,1920,Frank,352
CT,M,1920,James,348
CT,M,1920,Charles,333
CT,M,1920,Walter,243
CT,M,1920,Anthony,227
CT,M,1920,Raymond,225
CT,M,1920,Thomas,206
CT,M,1920,Richard,199
CT,M,1920,Francis,194
CT,M,1920,Arthur,192
CT,M,1920,Albert,189
CT,M,1920,Henry,186
CT,M,1920,Michael,183
CT,M,1920,Stanley,167
CT,M,1920,Louis,159
CT,M,1920,Harold,144
CT,M,1920,Harry,134
CT,M,1920,Peter,130
CT,M,1920,Donald,122
CT,M,1920,Paul,122
CT,M,1920,Ralph,105
CT,M,1920,Andrew,94
CT,M,1920,David,92
CT,M,1920,Alfred,90
CT,M,1920,Vincent,88
CT,M,1920,Howard,87
CT,M,1920,Frederick,86
CT,M,1920,Theodore,86
CT,M,1920,Kenneth,84
CT,M,1920,Fred,83
CT,M,1920,Daniel,79
CT,M,1920,Ernest,78
CT,M,1920,Stephen,77
CT,M,1920,Eugene,72
CT,M,1920,Salvatore,70
CT,M,1920,Leonard,68
CT,M,1920,Lawrence,66
CT,M,1920,Nicholas,62
CT,M,1920,Philip,62
CT,M,1920,Victor,62
CT,M,1920,Warren,62
CT,M,1920,Carl,61
CT,M,1920,Russell,61
CT,M,1920,Norman,58
CT,M,1920,Bernard,57
CT,M,1920,Leo,56
CT,M,1920,Chester,55
CT,M,1920,Herbert,55
CT,M,1920,Alexander,54
CT,M,1920,Irving,54
CT,M,1920,Samuel,50
CT,M,1920,Edwin,46
CT,M,1920,Jack,45
CT,M,1920,Angelo,43
CT,M,1920,Milton,43
CT,M,1920,Roger,43
CT,M,1920,Clarence,41
CT,M,1920,Clifford,39
CT,M,1920,Edmund,39
CT,M,1920,Dominick,35
CT,M,1920,Benjamin,33
CT,M,1920,Dominic,33
CT,M,1920,Earl,33
CT,M,1920,Martin,33
CT,M,1920,Matthew,31
CT,M,1920,Leon,28
CT,M,1920,Steven,28
CT,M,1920,Douglas,27
CT,M,1920,Julius,27
CT,M,1920,Roy,27
CT,M,1920,Sidney,27
CT,M,1920,Arnold,26
CT,M,1920,Everett,26
CT,M,1920,Gerald,25
CT,M,1920,Lewis,24
CT,M,1920,Rocco,24
CT,M,1920,Gordon,23
CT,M,1920,Lester,23
CT,M,1920,Mario,23
CT,M,1920,Morris,23
CT,M,1920,Elmer,22
CT,M,1920,Roland,22
CT,M,1920,Alex,21
CT,M,1920,Burton,21
CT,M,1920,Herman,21
CT,M,1920,Tony,21
CT,M,1920,Bruno,20
CT,M,1920,Abraham,19
CT,M,1920,Carmen,19
CT,M,1920,Emil,19
CT,M,1920,Leslie,19
CT,M,1920,Adam,18
CT,M,1920,Alphonse,18
CT,M,1920,Patrick,18
CT,M,1920,Steve,18
CT,M,1920,Wilfred,18
CT,M,1920,Allen,17
CT,M,1920,Leroy,17
CT,M,1920,Sebastian,17
CT,M,1920,Adolph,16
CT,M,1920,Maurice,16
CT,M,1920,Vito,16
CT,M,1920,Alvin,15
CT,M,1920,Edgar,15
CT,M,1920,Rudolph,15
CT,M,1920,Constantine,14
CT,M,1920,Jacob,14
CT,M,1920,Vernon,14
CT,M,1920,Wallace,14
CT,M,1920,Armand,13
CT,M,1920,Domenic,13
CT,M,1920,Gerard,13
CT,M,1920,Mitchell,13
CT,M,1920,Franklin,12
CT,M,1920,Harvey,12
CT,M,1920,Malcolm,12
CT,M,1920,Max,12
CT,M,1920,Melvin,12
CT,M,1920,Pasquale,12
CT,M,1920,Patsy,12
CT,M,1920,Thaddeus,12
CT,M,1920,Alan,11
CT,M,1920,Clayton,11
CT,M,1920,Felix,11
CT,M,1920,Fredrick,11
CT,M,1920,Hugh,11
CT,M,1920,Marshall,11
CT,M,1920,Morton,11
CT,M,1920,Nathan,11
CT,M,1920,Nelson,11
CT,M,1920,Orlando,11
CT,M,1920,Oscar,11
CT,M,1920,Wilbur,11
CT,M,1920,Willard,11
CT,M,1920,Bruce,10
CT,M,1920,Ellsworth,10
CT,M,1920,Horace,10
CT,M,1920,Jerome,10
CT,M,1920,Phillip,10
CT,M,1920,Sam,10
CT,M,1920,Eric,9
CT,M,1920,Gilbert,9
CT,M,1920,Jerry,9
CT,M,1920,Lloyd,9
CT,M,1920,Myron,9
CT,M,1920,Stuart,9
CT,M,1920,Zoltan,9
CT,M,1920,August,8
CT,M,1920,Calvin,8
CT,M,1920,Carlton,8
CT,M,1920,Edmond,8
CT,M,1920,Joe,8
CT,M,1920,Laurence,8
CT,M,1920,Lucian,8
CT,M,1920,Manuel,8
CT,M,1920,Oliver,8
CT,M,1920,Ronald,8
CT,M,1920,Allan,7
CT,M,1920,Alton,7
CT,M,1920,Americo,7
CT,M,1920,Clement,7
CT,M,1920,Elliott,7
CT,M,1920,Guy,7
CT,M,1920,Julian,7
CT,M,1920,Karl,7
CT,M,1920,Larry,7
CT,M,1920,Lee,7
CT,M,1920,Marvin,7
CT,M,1920,Mike,7
CT,M,1920,Nick,7
CT,M,1920,Ray,7
CT,M,1920,Rodney,7
CT,M,1920,Timothy,7
CT,M,1920,Wesley,7
CT,M,1920,Aloysius,6
CT,M,1920,Antonio,6
CT,M,1920,Bennie,6
CT,M,1920,Benny,6
CT,M,1920,Clinton,6
CT,M,1920,Dante,6
CT,M,1920,Dudley,6
CT,M,1920,Earle,6
CT,M,1920,Floyd,6
CT,M,1920,Gene,6
CT,M,1920,Harrison,6
CT,M,1920,Irwin,6
CT,M,1920,Lucien,6
CT,M,1920,Merrill,6
CT,M,1920,Murray,6
CT,M,1920,Otto,6
CT,M,1920,Roderick,6
CT,M,1920,Saul,6
CT,M,1920,Seymour,6
CT,M,1920,Silvio,6
CT,M,1920,Teddy,6
CT,M,1920,Alden,5
CT,M,1920,Aldo,5
CT,M,1920,Alfonse,5
CT,M,1920,Armando,5
CT,M,1920,Austin,5
CT,M,1920,Bradford,5
CT,M,1920,Carmine,5
CT,M,1920,Casimir,5
CT,M,1920,Claude,5
CT,M,1920,Domenick,5
CT,M,1920,Dwight,5
CT,M,1920,Emilio,5
CT,M,1920,Ferdinand,5
CT,M,1920,Gabriel,5
CT,M,1920,Gennaro,5
CT,M,1920,Gino,5
CT,M,1920,Jean,5
CT,M,1920,Jesse,5
CT,M,1920,Lincoln,5
CT,M,1920,Lionel,5
CT,M,1920,Nickolas,5
CT,M,1920,Owen,5
CT,M,1920,Reginald,5
CT,M,1920,Rene,5
CT,M,1920,Sherman,5
CT,M,1921,John,1045
CT,M,1921,Joseph,732
CT,M,1921,William,657
CT,M,1921,Robert,598
CT,M,1921,Edward,529
CT,M,1921,George,442
CT,M,1921,James,385
CT,M,1921,Frank,384
CT,M,1921,Charles,315
CT,M,1921,Walter,261
CT,M,1921,Anthony,235
CT,M,1921,Thomas,234
CT,M,1921,Richard,222
CT,M,1921,Raymond,220
CT,M,1921,Albert,203
CT,M,1921,Henry,203
CT,M,1921,Louis,202
CT,M,1921,Michael,197
CT,M,1921,Francis,182
CT,M,1921,Arthur,174
CT,M,1921,Stanley,173
CT,M,1921,Donald,163
CT,M,1921,Harold,153
CT,M,1921,Peter,142
CT,M,1921,Paul,131
CT,M,1921,Vincent,128
CT,M,1921,Harry,126
CT,M,1921,Ralph,114
CT,M,1921,David,104
CT,M,1921,Alfred,98
CT,M,1921,Nicholas,97
CT,M,1921,Andrew,96
CT,M,1921,Theodore,96
CT,M,1921,Ernest,94
CT,M,1921,Daniel,90
CT,M,1921,Frederick,90
CT,M,1921,Stephen,89
CT,M,1921,Howard,87
CT,M,1921,Kenneth,87
CT,M,1921,Fred,83
CT,M,1921,Lawrence,76
CT,M,1921,Herbert,69
CT,M,1921,Samuel,69
CT,M,1921,Warren,69
CT,M,1921,Eugene,66
CT,M,1921,Salvatore,63
CT,M,1921,Philip,62
CT,M,1921,Russell,59
CT,M,1921,Norman,57
CT,M,1921,Angelo,56
CT,M,1921,Leonard,55
CT,M,1921,Bernard,53
CT,M,1921,Jack,53
CT,M,1921,Chester,52
CT,M,1921,Leo,50
CT,M,1921,Carl,48
CT,M,1921,Alexander,45
CT,M,1921,Edwin,45
CT,M,1921,Earl,43
CT,M,1921,Clifford,42
CT,M,1921,Victor,42
CT,M,1921,Edmund,41
CT,M,1921,Irving,39
CT,M,1921,Milton,37
CT,M,1921,Clarence,35
CT,M,1921,Mario,35
CT,M,1921,Dominic,34
CT,M,1921,Gordon,34
CT,M,1921,Maurice,34
CT,M,1921,Patsy,34
CT,M,1921,Dominick,32
CT,M,1921,Martin,31
CT,M,1921,Leon,30
CT,M,1921,Everett,28
CT,M,1921,Julius,27
CT,M,1921,Matthew,27
CT,M,1921,Sidney,27
CT,M,1921,Benjamin,26
CT,M,1921,Roger,26
CT,M,1921,Pasquale,25
CT,M,1921,Douglas,24
CT,M,1921,Gerald,24
CT,M,1921,Morris,24
CT,M,1921,Rocco,24
CT,M,1921,Tony,24
CT,M,1921,Alphonse,23
CT,M,1921,Roy,23
CT,M,1921,Sebastian,22
CT,M,1921,Lewis,20
CT,M,1921,Roland,20
CT,M,1921,Arnold,19
CT,M,1921,Herman,19
CT,M,1921,Wilfred,19
CT,M,1921,Elmer,18
CT,M,1921,Felix,17
CT,M,1921,Leslie,17
CT,M,1921,Lester,17
CT,M,1921,Carmen,16
CT,M,1921,Franklin,16
CT,M,1921,Gilbert,16
CT,M,1921,Steve,16
CT,M,1921,Wesley,16
CT,M,1921,Adolph,15
CT,M,1921,Alex,15
CT,M,1921,Harvey,15
CT,M,1921,Jerry,15
CT,M,1921,Antonio,14
CT,M,1921,Burton,14
CT,M,1921,Emil,14
CT,M,1921,Leroy,14
CT,M,1921,Morton,14
CT,M,1921,Wallace,14
CT,M,1921,Floyd,13
CT,M,1921,Lionel,13
CT,M,1921,Malcolm,13
CT,M,1921,Patrick,13
CT,M,1921,Sam,13
CT,M,1921,Steven,13
CT,M,1921,Wilbur,13
CT,M,1921,Jacob,12
CT,M,1921,Marshall,12
CT,M,1921,Rudolph,12
CT,M,1921,Vito,12
CT,M,1921,Alvin,11
CT,M,1921,Armand,11
CT,M,1921,August,11
CT,M,1921,Edgar,11
CT,M,1921,Elliott,11
CT,M,1921,Frederic,11
CT,M,1921,Rosario,11
CT,M,1921,Allan,10
CT,M,1921,Allen,10
CT,M,1921,Domenic,10
CT,M,1921,Jerome,10
CT,M,1921,Adam,9
CT,M,1921,Alan,9
CT,M,1921,Aldo,9
CT,M,1921,Calvin,9
CT,M,1921,Earle,9
CT,M,1921,Lloyd,9
CT,M,1921,Lucien,9
CT,M,1921,Manuel,9
CT,M,1921,Max,9
CT,M,1921,Nelson,9
CT,M,1921,Sigmund,9
CT,M,1921,Carmine,8
CT,M,1921,Clayton,8
CT,M,1921,Clinton,8
CT,M,1921,Dennis,8
CT,M,1921,Enrico,8
CT,M,1921,Gabriel,8
CT,M,1921,Guido,8
CT,M,1921,Gustave,8
CT,M,1921,Horace,8
CT,M,1921,Julian,8
CT,M,1921,Phillip,8
CT,M,1921,Saul,8
CT,M,1921,Solomon,8
CT,M,1921,Thaddeus,8
CT,M,1921,Abraham,7
CT,M,1921,Americo,7
CT,M,1921,Augustine,7
CT,M,1921,Christopher,7
CT,M,1921,Isadore,7
CT,M,1921,Laurence,7
CT,M,1921,Nathan,7
CT,M,1921,Nickolas,7
CT,M,1921,Oscar,7
CT,M,1921,Otto,7
CT,M,1921,Sherwood,7
CT,M,1921,Stuart,7
CT,M,1921,Aaron,6
CT,M,1921,Alton,6
CT,M,1921,Benny,6
CT,M,1921,Bruce,6
CT,M,1921,Bruno,6
CT,M,1921,Carmelo,6
CT,M,1921,Clement,6
CT,M,1921,Cornelius,6
CT,M,1921,Dante,6
CT,M,1921,Edmond,6
CT,M,1921,Ellsworth,6
CT,M,1921,Ferdinand,6
CT,M,1921,Guy,6
CT,M,1921,Hubert,6
CT,M,1921,Irwin,6
CT,M,1921,Karl,6
CT,M,1921,Mark,6
CT,M,1921,Oliver,6
CT,M,1921,Orlando,6
CT,M,1921,Ray,6
CT,M,1921,Seymour,6
CT,M,1921,Vernon,6
CT,M,1921,Wendell,6
CT,M,1921,Zigmund,6
CT,M,1921,Alfonse,5
CT,M,1921,Austin,5
CT,M,1921,Bertram,5
CT,M,1921,Bill,5
CT,M,1921,Byron,5
CT,M,1921,Carlo,5
CT,M,1921,Casimir,5
CT,M,1921,Cecil,5
CT,M,1921,Eli,5
CT,M,1921,Emanuel,5
CT,M,1921,Leland,5
CT,M,1921,Marvin,5
CT,M,1921,Mike,5
CT,M,1921,Murray,5
CT,M,1921,Ronald,5
CT,M,1921,Santo,5
CT,M,1921,Sherman,5
CT,M,1921,Ted,5
CT,M,1921,Willard,5
CT,M,1921,Wilson,5
CT,M,1922,John,962
CT,M,1922,Joseph,718
CT,M,1922,William,647
CT,M,1922,Robert,602
CT,M,1922,Edward,523
CT,M,1922,George,444
CT,M,1922,James,371
CT,M,1922,Frank,340
CT,M,1922,Charles,330
CT,M,1922,Anthony,218
CT,M,1922,Walter,216
CT,M,1922,Raymond,210
CT,M,1922,Thomas,203
CT,M,1922,Richard,195
CT,M,1922,Henry,191
CT,M,1922,Albert,188
CT,M,1922,Louis,178
CT,M,1922,Arthur,163
CT,M,1922,Francis,152
CT,M,1922,Donald,150
CT,M,1922,Michael,148
CT,M,1922,Stanley,139
CT,M,1922,Paul,135
CT,M,1922,Harold,131
CT,M,1922,Peter,125
CT,M,1922,Frederick,114
CT,M,1922,Alfred,110
CT,M,1922,Harry,110
CT,M,1922,Ralph,108
CT,M,1922,Theodore,92
CT,M,1922,Vincent,92
CT,M,1922,Lawrence,90
CT,M,1922,Howard,86
CT,M,1922,Ernest,79
CT,M,1922,David,76
CT,M,1922,Kenneth,74
CT,M,1922,Salvatore,74
CT,M,1922,Andrew,73
CT,M,1922,Daniel,73
CT,M,1922,Stephen,73
CT,M,1922,Nicholas,69
CT,M,1922,Fred,66
CT,M,1922,Leonard,64
CT,M,1922,Eugene,63
CT,M,1922,Carl,62
CT,M,1922,Edwin,60
CT,M,1922,Herbert,60
CT,M,1922,Philip,60
CT,M,1922,Russell,59
CT,M,1922,Bernard,58
CT,M,1922,Jack,56
CT,M,1922,Norman,55
CT,M,1922,Warren,54
CT,M,1922,Samuel,52
CT,M,1922,Leo,48
CT,M,1922,Chester,46
CT,M,1922,Edmund,44
CT,M,1922,Irving,44
CT,M,1922,Alexander,41
CT,M,1922,Benjamin,39
CT,M,1922,Earl,38
CT,M,1922,Angelo,36
CT,M,1922,Clarence,35
CT,M,1922,Roger,35
CT,M,1922,Victor,35
CT,M,1922,Martin,30
CT,M,1922,Allen,29
CT,M,1922,Julius,28
CT,M,1922,Roy,28
CT,M,1922,Clifford,26
CT,M,1922,Everett,26
CT,M,1922,Morris,26
CT,M,1922,Gordon,25
CT,M,1922,Tony,25
CT,M,1922,Leon,24
CT,M,1922,Pasquale,24
CT,M,1922,Matthew,22
CT,M,1922,Patrick,22
CT,M,1922,Dominic,21
CT,M,1922,Gerald,21
CT,M,1922,Lewis,21
CT,M,1922,Milton,21
CT,M,1922,Patsy,21
CT,M,1922,Roland,21
CT,M,1922,Rudolph,20
CT,M,1922,Elmer,19
CT,M,1922,Alphonse,18
CT,M,1922,Leroy,18
CT,M,1922,Lester,18
CT,M,1922,Sam,18
CT,M,1922,Burton,17
CT,M,1922,Carmen,17
CT,M,1922,Mario,17
CT,M,1922,Steve,17
CT,M,1922,Douglas,16
CT,M,1922,Emil,16
CT,M,1922,Harvey,16
CT,M,1922,Lucian,16
CT,M,1922,Rocco,16
CT,M,1922,Steven,16
CT,M,1922,Edgar,15
CT,M,1922,Gilbert,15
CT,M,1922,Sebastian,15
CT,M,1922,Arnold,14
CT,M,1922,Dominick,14
CT,M,1922,Franklin,14
CT,M,1922,Jerome,14
CT,M,1922,Jerry,14
CT,M,1922,Lloyd,14
CT,M,1922,Maurice,14
CT,M,1922,Melvin,14
CT,M,1922,Seymour,14
CT,M,1922,Sidney,14
CT,M,1922,Wilbur,14
CT,M,1922,Wilfred,14
CT,M,1922,Edmond,13
CT,M,1922,Herman,13
CT,M,1922,Leslie,13
CT,M,1922,Oscar,13
CT,M,1922,Otto,13
CT,M,1922,Wallace,13
CT,M,1922,Alex,12
CT,M,1922,Benny,12
CT,M,1922,Gerard,12
CT,M,1922,Myron,12
CT,M,1922,Nelson,12
CT,M,1922,Ronald,12
CT,M,1922,Vito,12
CT,M,1922,Antonio,11
CT,M,1922,Armand,11
CT,M,1922,August,11
CT,M,1922,Floyd,11
CT,M,1922,Julian,11
CT,M,1922,Marshall,11
CT,M,1922,Morton,11
CT,M,1922,Wesley,11
CT,M,1922,Abraham,10
CT,M,1922,Adam,10
CT,M,1922,Bruno,10
CT,M,1922,Carmine,10
CT,M,1922,Clinton,10
CT,M,1922,Dante,10
CT,M,1922,Felix,10
CT,M,1922,Adolph,9
CT,M,1922,Earle,9
CT,M,1922,Emanuel,9
CT,M,1922,Hugh,9
CT,M,1922,Jacob,9
CT,M,1922,Aldo,8
CT,M,1922,Alvin,8
CT,M,1922,Christopher,8
CT,M,1922,Dennis,8
CT,M,1922,Alan,7
CT,M,1922,Alphonso,7
CT,M,1922,Bruce,7
CT,M,1922,Carlo,7
CT,M,1922,Carmelo,7
CT,M,1922,Dwight,7
CT,M,1922,Fredrick,7
CT,M,1922,Horace,7
CT,M,1922,Hubert,7
CT,M,1922,Laurence,7
CT,M,1922,Marcel,7
CT,M,1922,Marvin,7
CT,M,1922,Murray,7
CT,M,1922,Reginald,7
CT,M,1922,Rodney,7
CT,M,1922,Sherman,7
CT,M,1922,Willard,7
CT,M,1922,Willis,7
CT,M,1922,Alden,6
CT,M,1922,Allan,6
CT,M,1922,Americo,6
CT,M,1922,Augustine,6
CT,M,1922,Austin,6
CT,M,1922,Benedict,6
CT,M,1922,Clement,6
CT,M,1922,Elbert,6
CT,M,1922,Guido,6
CT,M,1922,Gustave,6
CT,M,1922,Joe,6
CT,M,1922,Lee,6
CT,M,1922,Malcolm,6
CT,M,1922,Manuel,6
CT,M,1922,Mitchell,6
CT,M,1922,Nathan,6
CT,M,1922,Roderick,6
CT,M,1922,Santo,6
CT,M,1922,Sherwood,6
CT,M,1922,Sterling,6
CT,M,1922,Vernon,6
CT,M,1922,Aaron,5
CT,M,1922,Alfonse,5
CT,M,1922,Bennie,5
CT,M,1922,Clayton,5
CT,M,1922,Domenic,5
CT,M,1922,Erwin,5
CT,M,1922,Franklyn,5
CT,M,1922,Gene,5
CT,M,1922,Guy,5
CT,M,1922,Isadore,5
CT,M,1922,Joesph,5
CT,M,1922,Justin,5
CT,M,1922,Mark,5
CT,M,1922,Merrill,5
CT,M,1922,Merritt,5
CT,M,1922,Nick,5
CT,M,1922,Oliver,5
CT,M,1922,Ray,5
CT,M,1922,Reno,5
CT,M,1922,Saul,5
CT,M,1922,Silvio,5
CT,M,1922,Simon,5
CT,M,1922,Stuart,5
CT,M,1922,Teddy,5
CT,M,1923,John,1000
CT,M,1923,William,641
CT,M,1923,Robert,640
CT,M,1923,Joseph,590
CT,M,1923,Edward,491
CT,M,1923,George,406
CT,M,1923,James,354
CT,M,1923,Frank,346
CT,M,1923,Charles,305
CT,M,1923,Anthony,241
CT,M,1923,Walter,219
CT,M,1923,Richard,218
CT,M,1923,Raymond,216
CT,M,1923,Thomas,213
CT,M,1923,Donald,181
CT,M,1923,Arthur,179
CT,M,1923,Francis,178
CT,M,1923,Louis,170
CT,M,1923,Henry,168
CT,M,1923,Michael,162
CT,M,1923,Paul,157
CT,M,1923,Harold,152
CT,M,1923,Albert,148
CT,M,1923,Stanley,142
CT,M,1923,Peter,134
CT,M,1923,Frederick,117
CT,M,1923,Harry,110
CT,M,1923,Alfred,109
CT,M,1923,Ralph,102
CT,M,1923,Vincent,93
CT,M,1923,Kenneth,91
CT,M,1923,David,86
CT,M,1923,Andrew,83
CT,M,1923,Howard,78
CT,M,1923,Theodore,74
CT,M,1923,Eugene,73
CT,M,1923,Leonard,73
CT,M,1923,Ernest,72
CT,M,1923,Nicholas,72
CT,M,1923,Daniel,66
CT,M,1923,Lawrence,65
CT,M,1923,Salvatore,65
CT,M,1923,Bernard,64
CT,M,1923,Philip,64
CT,M,1923,Fred,63
CT,M,1923,Norman,63
CT,M,1923,Stephen,63
CT,M,1923,Russell,62
CT,M,1923,Carl,54
CT,M,1923,Herbert,54
CT,M,1923,Leo,52
CT,M,1923,Edwin,48
CT,M,1923,Samuel,48
CT,M,1923,Edmund,47
CT,M,1923,Chester,46
CT,M,1923,Clifford,45
CT,M,1923,Irving,45
CT,M,1923,Warren,43
CT,M,1923,Alexander,41
CT,M,1923,Angelo,40
CT,M,1923,Benjamin,39
CT,M,1923,Roland,36
CT,M,1923,Earl,33
CT,M,1923,Jack,33
CT,M,1923,Dominic,32
CT,M,1923,Gordon,32
CT,M,1923,Victor,31
CT,M,1923,Clarence,30
CT,M,1923,Gerald,30
CT,M,1923,Roger,30
CT,M,1923,Julius,29
CT,M,1923,Maurice,28
CT,M,1923,Matthew,26
CT,M,1923,Alex,25
CT,M,1923,Arnold,25
CT,M,1923,Everett,25
CT,M,1923,Milton,25
CT,M,1923,Martin,24
CT,M,1923,Wesley,24
CT,M,1923,Douglas,23
CT,M,1923,Leon,23
CT,M,1923,Mario,23
CT,M,1923,Sidney,23
CT,M,1923,Pasquale,22
CT,M,1923,Elmer,21
CT,M,1923,Roy,21
CT,M,1923,Dominick,20
CT,M,1923,Rudolph,20
CT,M,1923,Jerry,19
CT,M,1923,Lewis,19
CT,M,1923,Patrick,19
CT,M,1923,Patsy,19
CT,M,1923,Sebastian,19
CT,M,1923,Lloyd,18
CT,M,1923,Wallace,18
CT,M,1923,Wilbur,18
CT,M,1923,Emil,17
CT,M,1923,Leroy,17
CT,M,1923,Lester,17
CT,M,1923,Carmen,16
CT,M,1923,Ronald,16
CT,M,1923,Nelson,15
CT,M,1923,Sam,15
CT,M,1923,Adolph,14
CT,M,1923,Alan,14
CT,M,1923,Alphonse,14
CT,M,1923,Edgar,14
CT,M,1923,Franklin,14
CT,M,1923,Morris,14
CT,M,1923,Rocco,14
CT,M,1923,Floyd,13
CT,M,1923,Marshall,13
CT,M,1923,Melvin,13
CT,M,1923,Morton,13
CT,M,1923,Seymour,13
CT,M,1923,Tony,13
CT,M,1923,Vito,13
CT,M,1923,Gerard,12
CT,M,1923,Gilbert,12
CT,M,1923,Harvey,12
CT,M,1923,Jerome,12
CT,M,1923,Nathan,12
CT,M,1923,Ray,12
CT,M,1923,Steve,12
CT,M,1923,Vernon,12
CT,M,1923,Bruno,11
CT,M,1923,Burton,11
CT,M,1923,Clayton,11
CT,M,1923,Edmond,11
CT,M,1923,Horace,11
CT,M,1923,Jacob,11
CT,M,1923,Leslie,11
CT,M,1923,Malcolm,11
CT,M,1923,Wilfred,11
CT,M,1923,Willard,11
CT,M,1923,Allen,10
CT,M,1923,Alvin,10
CT,M,1923,Antonio,10
CT,M,1923,Calvin,10
CT,M,1923,Constantine,10
CT,M,1923,Earle,10
CT,M,1923,Joe,10
CT,M,1923,Marvin,10
CT,M,1923,Sherman,10
CT,M,1923,Thaddeus,10
CT,M,1923,Conrad,9
CT,M,1923,Ellsworth,9
CT,M,1923,Fredrick,9
CT,M,1923,Gene,9
CT,M,1923,Herman,9
CT,M,1923,Hugh,9
CT,M,1923,Manuel,9
CT,M,1923,Abraham,8
CT,M,1923,Adam,8
CT,M,1923,Allan,8
CT,M,1923,Armand,8
CT,M,1923,Felix,8
CT,M,1923,Guy,8
CT,M,1923,Lucien,8
CT,M,1923,Max,8
CT,M,1923,Orlando,8
CT,M,1923,Armando,7
CT,M,1923,August,7
CT,M,1923,Bruce,7
CT,M,1923,Carmine,7
CT,M,1923,Carroll,7
CT,M,1923,Christopher,7
CT,M,1923,Clement,7
CT,M,1923,Dwight,7
CT,M,1923,Keith,7
CT,M,1923,Oscar,7
CT,M,1923,Owen,7
CT,M,1923,Silvio,7
CT,M,1923,Steven,7
CT,M,1923,Aaron,6
CT,M,1923,Americo,6
CT,M,1923,Clinton,6
CT,M,1923,Curtis,6
CT,M,1923,Elton,6
CT,M,1923,Erwin,6
CT,M,1923,Karl,6
CT,M,1923,Nathaniel,6
CT,M,1923,Oliver,6
CT,M,1923,Stuart,6
CT,M,1923,Wayne,6
CT,M,1923,Austin,5
CT,M,1923,Benedict,5
CT,M,1923,Benny,5
CT,M,1923,Dennis,5
CT,M,1923,Domenic,5
CT,M,1923,Elliott,5
CT,M,1923,Emile,5
CT,M,1923,Franklyn,5
CT,M,1923,Gabriel,5
CT,M,1923,Julian,5
CT,M,1923,Kevin,5
CT,M,1923,Laurence,5
CT,M,1923,Mark,5
CT,M,1923,Micheal,5
CT,M,1923,Mortimer,5
CT,M,1923,Otto,5
CT,M,1923,Roderick,5
CT,M,1923,Romeo,5
CT,M,1923,Stewart,5
CT,M,1923,Teddy,5
CT,M,1923,Ward,5
CT,M,1924,John,956
CT,M,1924,William,708
CT,M,1924,Robert,685
CT,M,1924,Joseph,616
CT,M,1924,Edward,548
CT,M,1924,James,410
CT,M,1924,George,409
CT,M,1924,Frank,322
CT,M,1924,Charles,298
CT,M,1924,Richard,283
CT,M,1924,Walter,258
CT,M,1924,Raymond,225
CT,M,1924,Thomas,217
CT,M,1924,Anthony,215
CT,M,1924,Donald,214
CT,M,1924,Henry,201
CT,M,1924,Arthur,196
CT,M,1924,Francis,194
CT,M,1924,Louis,170
CT,M,1924,Albert,168
CT,M,1924,Michael,166
CT,M,1924,Paul,158
CT,M,1924,Stanley,138
CT,M,1924,Harold,136
CT,M,1924,Peter,131
CT,M,1924,Frederick,109
CT,M,1924,Ralph,99
CT,M,1924,Harry,95
CT,M,1924,Alfred,93
CT,M,1924,David,93
CT,M,1924,Ernest,93
CT,M,1924,Daniel,88
CT,M,1924,Andrew,87
CT,M,1924,Eugene,87
CT,M,1924,Fred,84
CT,M,1924,Kenneth,81
CT,M,1924,Salvatore,81
CT,M,1924,Howard,77
CT,M,1924,Theodore,75
CT,M,1924,Norman,73
CT,M,1924,Herbert,72
CT,M,1924,Philip,72
CT,M,1924,Vincent,72
CT,M,1924,Nicholas,68
CT,M,1924,Angelo,66
CT,M,1924,Carl,64
CT,M,1924,Lawrence,63
CT,M,1924,Leonard,62
CT,M,1924,Edwin,61
CT,M,1924,Russell,61
CT,M,1924,Bernard,59
CT,M,1924,Samuel,57
CT,M,1924,Stephen,53
CT,M,1924,Chester,52
CT,M,1924,Leo,44
CT,M,1924,Clarence,42
CT,M,1924,Clifford,39
CT,M,1924,Jack,39
CT,M,1924,Victor,39
CT,M,1924,Irving,38
CT,M,1924,Earl,37
CT,M,1924,Alexander,36
CT,M,1924,Edmund,36
CT,M,1924,Leon,35
CT,M,1924,Roger,35
CT,M,1924,Benjamin,32
CT,M,1924,Milton,32
CT,M,1924,Warren,32
CT,M,1924,Dominick,30
CT,M,1924,Julius,30
CT,M,1924,Martin,29
CT,M,1924,Calvin,27
CT,M,1924,Roland,27
CT,M,1924,Gerald,26
CT,M,1924,Gordon,26
CT,M,1924,Douglas,25
CT,M,1924,Roy,25
CT,M,1924,Everett,24
CT,M,1924,Arnold,23
CT,M,1924,Leroy,23
CT,M,1924,Patrick,23
CT,M,1924,Rocco,23
CT,M,1924,Wallace,23
CT,M,1924,Dominic,22
CT,M,1924,Patsy,22
CT,M,1924,Sebastian,22
CT,M,1924,Lewis,21
CT,M,1924,Harvey,20
CT,M,1924,Matthew,20
CT,M,1924,Maurice,20
CT,M,1924,Pasquale,20
CT,M,1924,Sidney,20
CT,M,1924,Allen,19
CT,M,1924,Alphonse,19
CT,M,1924,Lester,19
CT,M,1924,Mario,18
CT,M,1924,Steve,18
CT,M,1924,Alvin,17
CT,M,1924,Burton,16
CT,M,1924,Gilbert,16
CT,M,1924,Seymour,16
CT,M,1924,Aldo,15
CT,M,1924,Jerry,15
CT,M,1924,Marvin,15
CT,M,1924,Morris,15
CT,M,1924,Vito,15
CT,M,1924,Alan,14
CT,M,1924,Carmen,14
CT,M,1924,Carmine,14
CT,M,1924,Christopher,14
CT,M,1924,Herman,14
CT,M,1924,Wesley,14
CT,M,1924,Armand,13
CT,M,1924,Edgar,13
CT,M,1924,Elmer,13
CT,M,1924,Fredrick,13
CT,M,1924,Laurence,13
CT,M,1924,Steven,13
CT,M,1924,Wilfred,13
CT,M,1924,Allan,12
CT,M,1924,Floyd,12
CT,M,1924,Gerard,12
CT,M,1924,Leslie,12
CT,M,1924,Stuart,12
CT,M,1924,Alex,11
CT,M,1924,Domenic,11
CT,M,1924,Edmond,11
CT,M,1924,Emil,11
CT,M,1924,Felix,11
CT,M,1924,Willard,11
CT,M,1924,Clayton,10
CT,M,1924,Franklin,10
CT,M,1924,Frederic,10
CT,M,1924,Jerome,10
CT,M,1924,Mathew,10
CT,M,1924,Melvin,10
CT,M,1924,Myron,10
CT,M,1924,Nathan,10
CT,M,1924,Neil,10
CT,M,1924,Ray,10
CT,M,1924,Ronald,10
CT,M,1924,Rosario,10
CT,M,1924,Sam,10
CT,M,1924,Santo,10
CT,M,1924,Sherman,10
CT,M,1924,Abraham,9
CT,M,1924,Adam,9
CT,M,1924,Adolph,9
CT,M,1924,August,9
CT,M,1924,Clement,9
CT,M,1924,Joe,9
CT,M,1924,Karl,9
CT,M,1924,Manuel,9
CT,M,1924,Nelson,9
CT,M,1924,Rudolph,9
CT,M,1924,Tony,9
CT,M,1924,Bruce,8
CT,M,1924,Erwin,8
CT,M,1924,Gabriel,8
CT,M,1924,Glenn,8
CT,M,1924,Lloyd,8
CT,M,1924,Marshall,8
CT,M,1924,Normand,8
CT,M,1924,Orlando,8
CT,M,1924,Oscar,8
CT,M,1924,Phillip,8
CT,M,1924,Vernon,8
CT,M,1924,Wilbur,8
CT,M,1924,Alden,7
CT,M,1924,Armando,7
CT,M,1924,Cornelius,7
CT,M,1924,Curtis,7
CT,M,1924,Earle,7
CT,M,1924,Hubert,7
CT,M,1924,Hugh,7
CT,M,1924,Jacob,7
CT,M,1924,Malcolm,7
CT,M,1924,Marcel,7
CT,M,1924,Morton,7
CT,M,1924,Rodney,7
CT,M,1924,Silvio,7
CT,M,1924,Teddy,7
CT,M,1924,Benny,6
CT,M,1924,Bruno,6
CT,M,1924,Carlo,6
CT,M,1924,Carlton,6
CT,M,1924,Clinton,6
CT,M,1924,Conrad,6
CT,M,1924,Elwood,6
CT,M,1924,Emilio,6
CT,M,1924,Gene,6
CT,M,1924,Irvin,6
CT,M,1924,Jean,6
CT,M,1924,Julian,6
CT,M,1924,Lionel,6
CT,M,1924,Mark,6
CT,M,1924,Merritt,6
CT,M,1924,Nick,6
CT,M,1924,Nickolas,6
CT,M,1924,Timothy,6
CT,M,1924,Willis,6
CT,M,1924,Augustine,5
CT,M,1924,Austin,5
CT,M,1924,Bennie,5
CT,M,1924,Carmelo,5
CT,M,1924,Casimer,5
CT,M,1924,Claude,5
CT,M,1924,Constantine,5
CT,M,1924,Dante,5
CT,M,1924,Elbert,5
CT,M,1924,Eric,5
CT,M,1924,Guido,5
CT,M,1924,Lucien,5
CT,M,1924,Luther,5
CT,M,1924,Max,5
CT,M,1924,Mitchell,5
CT,M,1924,Rene,5
CT,M,1924,Thaddeus,5
CT,M,1924,Wendell,5
CT,M,1925,John,1005
CT,M,1925,Robert,729
CT,M,1925,William,720
CT,M,1925,Joseph,556
CT,M,1925,Edward,497
CT,M,1925,George,401
CT,M,1925,James,379
CT,M,1925,Charles,322
CT,M,1925,Frank,315
CT,M,1925,Richard,287
CT,M,1925,Thomas,246
CT,M,1925,Donald,242
CT,M,1925,Walter,237
CT,M,1925,Raymond,230
CT,M,1925,Anthony,226
CT,M,1925,Francis,183
CT,M,1925,Henry,175
CT,M,1925,Albert,170
CT,M,1925,Arthur,166
CT,M,1925,Michael,161
CT,M,1925,Paul,153
CT,M,1925,Louis,147
CT,M,1925,Harold,125
CT,M,1925,Peter,115
CT,M,1925,Eugene,106
CT,M,1925,Stanley,105
CT,M,1925,David,100
CT,M,1925,Kenneth,97
CT,M,1925,Frederick,93
CT,M,1925,Vincent,90
CT,M,1925,Alfred,86
CT,M,1925,Daniel,82
CT,M,1925,Fred,79
CT,M,1925,Theodore,77
CT,M,1925,Leonard,76
CT,M,1925,Ralph,76
CT,M,1925,Carl,75
CT,M,1925,Harry,75
CT,M,1925,Howard,75
CT,M,1925,Ernest,73
CT,M,1925,Salvatore,69
CT,M,1925,Herbert,68
CT,M,1925,Norman,68
CT,M,1925,Andrew,62
CT,M,1925,Nicholas,61
CT,M,1925,Chester,60
CT,M,1925,Jack,60
CT,M,1925,Bernard,58
CT,M,1925,Russell,54
CT,M,1925,Lawrence,53
CT,M,1925,Clifford,52
CT,M,1925,Edwin,52
CT,M,1925,Philip,52
CT,M,1925,Leo,50
CT,M,1925,Angelo,47
CT,M,1925,Stephen,46
CT,M,1925,Samuel,43
CT,M,1925,Gerald,42
CT,M,1925,Earl,40
CT,M,1925,Warren,40
CT,M,1925,Roger,39
CT,M,1925,Gordon,36
CT,M,1925,Victor,36
CT,M,1925,Alexander,34
CT,M,1925,Leon,31
CT,M,1925,Dominic,29
CT,M,1925,Edmund,29
CT,M,1925,Irving,29
CT,M,1925,Milton,27
CT,M,1925,Clarence,26
CT,M,1925,Roland,26
CT,M,1925,Arnold,25
CT,M,1925,Benjamin,25
CT,M,1925,Burton,25
CT,M,1925,Elmer,24
CT,M,1925,Mario,24
CT,M,1925,Ronald,24
CT,M,1925,Douglas,23
CT,M,1925,Roy,23
CT,M,1925,Martin,22
CT,M,1925,Melvin,22
CT,M,1925,Everett,21
CT,M,1925,Lewis,21
CT,M,1925,Maurice,21
CT,M,1925,Patsy,21
CT,M,1925,Allan,20
CT,M,1925,Leroy,20
CT,M,1925,Pasquale,20
CT,M,1925,Wilfred,20
CT,M,1925,Alan,19
CT,M,1925,Alvin,19
CT,M,1925,Dominick,19
CT,M,1925,Herman,19
CT,M,1925,Alex,18
CT,M,1925,Alphonse,18
CT,M,1925,Emil,17
CT,M,1925,Rudolph,17
CT,M,1925,Allen,16
CT,M,1925,Franklin,16
CT,M,1925,Rocco,16
CT,M,1925,Calvin,15
CT,M,1925,Felix,15
CT,M,1925,Gilbert,15
CT,M,1925,Lester,15
CT,M,1925,Sidney,15
CT,M,1925,Vito,15
CT,M,1925,Clayton,14
CT,M,1925,Jerome,14
CT,M,1925,Otto,14
CT,M,1925,Sebastian,14
CT,M,1925,Sherman,14
CT,M,1925,Adam,13
CT,M,1925,Marvin,13
CT,M,1925,Steve,13
CT,M,1925,Tony,13
CT,M,1925,Conrad,12
CT,M,1925,Jerry,12
CT,M,1925,Marshall,12
CT,M,1925,Morris,12
CT,M,1925,Nelson,12
CT,M,1925,Harvey,11
CT,M,1925,Laurence,11
CT,M,1925,Malcolm,11
CT,M,1925,Patrick,11
CT,M,1925,Sam,11
CT,M,1925,Timothy,11
CT,M,1925,Wallace,11
CT,M,1925,Wilbur,11
CT,M,1925,Abraham,10
CT,M,1925,Armand,10
CT,M,1925,Carmen,10
CT,M,1925,Edmond,10
CT,M,1925,Gerard,10
CT,M,1925,Julius,10
CT,M,1925,Leslie,10
CT,M,1925,Lloyd,10
CT,M,1925,Phillip,10
CT,M,1925,Steven,10
CT,M,1925,Bruno,9
CT,M,1925,Carmine,9
CT,M,1925,Edgar,9
CT,M,1925,Floyd,9
CT,M,1925,Fredrick,9
CT,M,1925,Jacob,9
CT,M,1925,Mark,9
CT,M,1925,Matthew,9
CT,M,1925,Max,9
CT,M,1925,Seymour,9
CT,M,1925,Stuart,9
CT,M,1925,Augustine,8
CT,M,1925,Bruce,8
CT,M,1925,Carmelo,8
CT,M,1925,Clinton,8
CT,M,1925,Earle,8
CT,M,1925,Hubert,8
CT,M,1925,Joe,8
CT,M,1925,Myron,8
CT,M,1925,Nathan,8
CT,M,1925,Willis,8
CT,M,1925,Bennett,7
CT,M,1925,Carlo,7
CT,M,1925,Cornelius,7
CT,M,1925,Emanuel,7
CT,M,1925,Eric,7
CT,M,1925,Guy,7
CT,M,1925,Jean,7
CT,M,1925,Julian,7
CT,M,1925,Lionel,7
CT,M,1925,Manuel,7
CT,M,1925,Oliver,7
CT,M,1925,Orlando,7
CT,M,1925,Oscar,7
CT,M,1925,Ray,7
CT,M,1925,Reginald,7
CT,M,1925,Santo,7
CT,M,1925,Saul,7
CT,M,1925,Alden,6
CT,M,1925,Aldo,6
CT,M,1925,Antonio,6
CT,M,1925,Carlton,6
CT,M,1925,Claude,6
CT,M,1925,Erwin,6
CT,M,1925,Ferdinand,6
CT,M,1925,Homer,6
CT,M,1925,Horace,6
CT,M,1925,Jules,6
CT,M,1925,Mitchell,6
CT,M,1925,Murray,6
CT,M,1925,Nickolas,6
CT,M,1925,Pat,6
CT,M,1925,Rodney,6
CT,M,1925,Sherwood,6
CT,M,1925,Silvio,6
CT,M,1925,Thaddeus,6
CT,M,1925,Vernon,6
CT,M,1925,Willard,6
CT,M,1925,Adolph,5
CT,M,1925,Albin,5
CT,M,1925,Americo,5
CT,M,1925,Dante,5
CT,M,1925,Domenic,5
CT,M,1925,Dwight,5
CT,M,1925,Israel,5
CT,M,1925,Jeremiah,5
CT,M,1925,Karl,5
CT,M,1925,Lee,5
CT,M,1925,Leland,5
CT,M,1925,Lucian,5
CT,M,1925,Lyman,5
CT,M,1925,Micheal,5
CT,M,1925,Neil,5
CT,M,1925,Normand,5
CT,M,1925,Nunzio,5
CT,M,1925,Rene,5
CT,M,1925,Reno,5
CT,M,1925,Romeo,5
CT,M,1925,Wesley,5
CT,M,1926,John,952
CT,M,1926,Robert,741
CT,M,1926,William,643
CT,M,1926,Joseph,622
CT,M,1926,Edward,471
CT,M,1926,George,403
CT,M,1926,James,390
CT,M,1926,Richard,343
CT,M,1926,Frank,278
CT,M,1926,Charles,272
CT,M,1926,Thomas,256
CT,M,1926,Anthony,235
CT,M,1926,Donald,223
CT,M,1926,Raymond,216
CT,M,1926,Walter,210
CT,M,1926,Henry,170
CT,M,1926,Francis,164
CT,M,1926,Arthur,158
CT,M,1926,Albert,156
CT,M,1926,Michael,155
CT,M,1926,Harold,148
CT,M,1926,Louis,139
CT,M,1926,Paul,131
CT,M,1926,Stanley,117
CT,M,1926,David,105
CT,M,1926,Peter,103
CT,M,1926,Alfred,97
CT,M,1926,Ralph,93
CT,M,1926,Frederick,91
CT,M,1926,Vincent,90
CT,M,1926,Eugene,88
CT,M,1926,Andrew,86
CT,M,1926,Ernest,82
CT,M,1926,Kenneth,80
CT,M,1926,Harry,78
CT,M,1926,Daniel,76
CT,M,1926,Nicholas,76
CT,M,1926,Lawrence,73
CT,M,1926,Norman,72
CT,M,1926,Howard,68
CT,M,1926,Leonard,67
CT,M,1926,Salvatore,65
CT,M,1926,Theodore,63
CT,M,1926,Fred,58
CT,M,1926,Bernard,57
CT,M,1926,Jack,51
CT,M,1926,Philip,51
CT,M,1926,Herbert,48
CT,M,1926,Carl,47
CT,M,1926,Roger,45
CT,M,1926,Stephen,45
CT,M,1926,Leo,44
CT,M,1926,Samuel,43
CT,M,1926,Warren,42
CT,M,1926,Alexander,41
CT,M,1926,Russell,41
CT,M,1926,Earl,40
CT,M,1926,Angelo,39
CT,M,1926,Gerald,37
CT,M,1926,Chester,36
CT,M,1926,Rudolph,35
CT,M,1926,Edmund,34
CT,M,1926,Edwin,34
CT,M,1926,Dominic,32
CT,M,1926,Clarence,31
CT,M,1926,Irving,31
CT,M,1926,Ronald,31
CT,M,1926,Clifford,30
CT,M,1926,Roy,29
CT,M,1926,Pasquale,28
CT,M,1926,Wallace,28
CT,M,1926,Arnold,26
CT,M,1926,Martin,26
CT,M,1926,Patsy,26
CT,M,1926,Roland,26
CT,M,1926,Victor,26
CT,M,1926,Leon,25
CT,M,1926,Rocco,25
CT,M,1926,Benjamin,24
CT,M,1926,Harvey,24
CT,M,1926,Gordon,23
CT,M,1926,Leroy,23
CT,M,1926,Alan,20
CT,M,1926,Edgar,20
CT,M,1926,Jerry,20
CT,M,1926,Milton,20
CT,M,1926,Patrick,20
CT,M,1926,Burton,19
CT,M,1926,Carmen,18
CT,M,1926,Elmer,18
CT,M,1926,Gerard,18
CT,M,1926,Lester,18
CT,M,1926,Mario,18
CT,M,1926,Maurice,18
CT,M,1926,Steve,18
CT,M,1926,Tony,18
CT,M,1926,Alvin,17
CT,M,1926,Dominick,17
CT,M,1926,Herman,17
CT,M,1926,Sidney,17
CT,M,1926,Floyd,16
CT,M,1926,Julius,16
CT,M,1926,Matthew,16
CT,M,1926,Melvin,16
CT,M,1926,Allen,15
CT,M,1926,Everett,15
CT,M,1926,Gilbert,15
CT,M,1926,Alphonse,14
CT,M,1926,Douglas,14
CT,M,1926,Franklin,14
CT,M,1926,Malcolm,14
CT,M,1926,Marvin,14
CT,M,1926,Steven,14
CT,M,1926,Allan,13
CT,M,1926,Emil,13
CT,M,1926,Stuart,13
CT,M,1926,Armand,12
CT,M,1926,Calvin,12
CT,M,1926,Clinton,12
CT,M,1926,Erwin,12
CT,M,1926,Sebastian,12
CT,M,1926,Timothy,12
CT,M,1926,Vito,12
CT,M,1926,Wesley,12
CT,M,1926,Felix,11
CT,M,1926,Morris,11
CT,M,1926,Wilfred,11
CT,M,1926,Alex,10
CT,M,1926,Bruce,10
CT,M,1926,Domenic,10
CT,M,1926,Hugh,10
CT,M,1926,Leslie,10
CT,M,1926,Lewis,10
CT,M,1926,Lucien,10
CT,M,1926,Oscar,10
CT,M,1926,Aldo,9
CT,M,1926,Antonio,9
CT,M,1926,Carmine,9
CT,M,1926,Fredrick,9
CT,M,1926,Jacob,9
CT,M,1926,Jerome,9
CT,M,1926,Joe,9
CT,M,1926,Laurence,9
CT,M,1926,Lloyd,9
CT,M,1926,Morton,9
CT,M,1926,Nathan,9
CT,M,1926,Adam,8
CT,M,1926,Adolph,8
CT,M,1926,August,8
CT,M,1926,Cosmo,8
CT,M,1926,Marshall,8
CT,M,1926,Neil,8
CT,M,1926,Normand,8
CT,M,1926,Phillip,8
CT,M,1926,Seymour,8
CT,M,1926,Thaddeus,8
CT,M,1926,Austin,7
CT,M,1926,Conrad,7
CT,M,1926,Franklyn,7
CT,M,1926,Frederic,7
CT,M,1926,Guy,7
CT,M,1926,Lee,7
CT,M,1926,Otto,7
CT,M,1926,Ray,7
CT,M,1926,Sam,7
CT,M,1926,Vernon,7
CT,M,1926,Albin,6
CT,M,1926,Benny,6
CT,M,1926,Carlton,6
CT,M,1926,Carroll,6
CT,M,1926,Christopher,6
CT,M,1926,Curtis,6
CT,M,1926,Edmond,6
CT,M,1926,Elwood,6
CT,M,1926,Emilio,6
CT,M,1926,Gino,6
CT,M,1926,Horace,6
CT,M,1926,Larry,6
CT,M,1926,Lionel,6
CT,M,1926,Manuel,6
CT,M,1926,Mark,6
CT,M,1926,Myron,6
CT,M,1926,Newton,6
CT,M,1926,Rene,6
CT,M,1926,Rosario,6
CT,M,1926,Teddy,6
CT,M,1926,Winthrop,6
CT,M,1926,Armond,5
CT,M,1926,Augustine,5
CT,M,1926,Augustus,5
CT,M,1926,Bruno,5
CT,M,1926,Carlo,5
CT,M,1926,Chauncey,5
CT,M,1926,Christian,5
CT,M,1926,Clement,5
CT,M,1926,Cornelius,5
CT,M,1926,Dennis,5
CT,M,1926,Dwight,5
CT,M,1926,Ellsworth,5
CT,M,1926,Emile,5
CT,M,1926,Glenn,5
CT,M,1926,Irwin,5
CT,M,1926,Jean,5
CT,M,1926,Julian,5
CT,M,1926,Lucian,5
CT,M,1926,Marcel,5
CT,M,1926,Nelson,5
CT,M,1926,Owen,5
CT,M,1926,Reginald,5
CT,M,1926,Sanford,5
CT,M,1926,Tom,5
CT,M,1926,Willis,5
CT,M,1927,John,902
CT,M,1927,Robert,774
CT,M,1927,William,654
CT,M,1927,Joseph,614
CT,M,1927,Edward,490
CT,M,1927,George,405
CT,M,1927,Richard,350
CT,M,1927,James,344
CT,M,1927,Charles,332
CT,M,1927,Donald,300
CT,M,1927,Raymond,266
CT,M,1927,Frank,251
CT,M,1927,Thomas,243
CT,M,1927,Anthony,209
CT,M,1927,Francis,174
CT,M,1927,Louis,171
CT,M,1927,Arthur,167
CT,M,1927,Albert,166
CT,M,1927,Harold,156
CT,M,1927,Henry,156
CT,M,1927,Walter,154
CT,M,1927,Paul,145
CT,M,1927,Michael,138
CT,M,1927,Kenneth,116
CT,M,1927,David,115
CT,M,1927,Stanley,114
CT,M,1927,Vincent,107
CT,M,1927,Alfred,103
CT,M,1927,Peter,102
CT,M,1927,Eugene,91
CT,M,1927,Ralph,90
CT,M,1927,Frederick,83
CT,M,1927,Andrew,80
CT,M,1927,Ernest,80
CT,M,1927,Howard,79
CT,M,1927,Lawrence,77
CT,M,1927,Salvatore,77
CT,M,1927,Norman,76
CT,M,1927,Harry,74
CT,M,1927,Leonard,72
CT,M,1927,Daniel,70
CT,M,1927,Theodore,70
CT,M,1927,Fred,64
CT,M,1927,Nicholas,61
CT,M,1927,Bernard,60
CT,M,1927,Carl,59
CT,M,1927,Stephen,56
CT,M,1927,Herbert,54
CT,M,1927,Earl,53
CT,M,1927,Roger,51
CT,M,1927,Leo,50
CT,M,1927,Philip,46
CT,M,1927,Russell,46
CT,M,1927,Chester,43
CT,M,1927,Edwin,43
CT,M,1927,Angelo,41
CT,M,1927,Jack,41
CT,M,1927,Clifford,40
CT,M,1927,Gerald,39
CT,M,1927,Ronald,38
CT,M,1927,Leon,36
CT,M,1927,Roland,36
CT,M,1927,Samuel,35
CT,M,1927,Milton,32
CT,M,1927,Benjamin,31
CT,M,1927,Irving,31
CT,M,1927,Warren,31
CT,M,1927,Alexander,30
CT,M,1927,Arnold,30
CT,M,1927,Martin,30
CT,M,1927,Clarence,29
CT,M,1927,Mario,27
CT,M,1927,Patsy,27
CT,M,1927,Roy,25
CT,M,1927,Victor,25
CT,M,1927,Wallace,25
CT,M,1927,Edmund,24
CT,M,1927,Rudolph,24
CT,M,1927,Dominic,23
CT,M,1927,Elmer,23
CT,M,1927,Gordon,23
CT,M,1927,Marvin,23
CT,M,1927,Rocco,22
CT,M,1927,Lewis,21
CT,M,1927,Matthew,21
CT,M,1927,Alan,20
CT,M,1927,Gilbert,20
CT,M,1927,Dominick,19
CT,M,1927,Maurice,19
CT,M,1927,Wilfred,19
CT,M,1927,Harvey,18
CT,M,1927,Pasquale,18
CT,M,1927,Sidney,18
CT,M,1927,Allen,17
CT,M,1927,Herman,17
CT,M,1927,Bruce,16
CT,M,1927,Leroy,16
CT,M,1927,Burton,15
CT,M,1927,Carmine,15
CT,M,1927,Everett,15
CT,M,1927,Gerard,15
CT,M,1927,Alvin,14
CT,M,1927,Julius,14
CT,M,1927,Sebastian,14
CT,M,1927,Steve,14
CT,M,1927,Tony,14
CT,M,1927,Vito,14
CT,M,1927,Alphonse,13
CT,M,1927,Carmen,13
CT,M,1927,Jacob,13
CT,M,1927,Sherman,13
CT,M,1927,Allan,12
CT,M,1927,Armand,12
CT,M,1927,Calvin,12
CT,M,1927,Edgar,12
CT,M,1927,Hugh,12
CT,M,1927,Sam,12
CT,M,1927,Wilbur,12
CT,M,1927,Alex,11
CT,M,1927,Douglas,11
CT,M,1927,Jerry,11
CT,M,1927,Lester,11
CT,M,1927,Melvin,11
CT,M,1927,Patrick,11
CT,M,1927,Phillip,11
CT,M,1927,Antonio,10
CT,M,1927,Domenic,10
CT,M,1927,Edmond,10
CT,M,1927,Emil,10
CT,M,1927,Felix,10
CT,M,1927,Franklin,10
CT,M,1927,Gene,10
CT,M,1927,Laurence,10
CT,M,1927,Lloyd,10
CT,M,1927,Malcolm,10
CT,M,1927,Mark,10
CT,M,1927,Morris,10
CT,M,1927,Rene,10
CT,M,1927,Rodney,10
CT,M,1927,Bruno,9
CT,M,1927,Carmelo,9
CT,M,1927,Dennis,9
CT,M,1927,Leslie,9
CT,M,1927,Myron,9
CT,M,1927,Timothy,9
CT,M,1927,Vernon,9
CT,M,1927,Adolph,8
CT,M,1927,Cornelius,8
CT,M,1927,Homer,8
CT,M,1927,Joe,8
CT,M,1927,Lee,8
CT,M,1927,Sherwood,8
CT,M,1927,Alton,7
CT,M,1927,Christopher,7
CT,M,1927,Clayton,7
CT,M,1927,Earle,7
CT,M,1927,Eric,7
CT,M,1927,Erwin,7
CT,M,1927,Joesph,7
CT,M,1927,Lucien,7
CT,M,1927,Manuel,7
CT,M,1927,Marshall,7
CT,M,1927,Morton,7
CT,M,1927,Normand,7
CT,M,1927,Oliver,7
CT,M,1927,Adam,6
CT,M,1927,Bradford,6
CT,M,1927,Byron,6
CT,M,1927,Clyde,6
CT,M,1927,Curtis,6
CT,M,1927,Cyril,6
CT,M,1927,Dante,6
CT,M,1927,Emile,6
CT,M,1927,Gustave,6
CT,M,1927,Guy,6
CT,M,1927,Irwin,6
CT,M,1927,Jay,6
CT,M,1927,Karl,6
CT,M,1927,Norbert,6
CT,M,1927,Oscar,6
CT,M,1927,Rosario,6
CT,M,1927,Teddy,6
CT,M,1927,Wesley,6
CT,M,1927,Abraham,5
CT,M,1927,Americo,5
CT,M,1927,August,5
CT,M,1927,Bennie,5
CT,M,1927,Conrad,5
CT,M,1927,Gaetano,5
CT,M,1927,Guido,5
CT,M,1927,Horace,5
CT,M,1927,Jean,5
CT,M,1927,Jerome,5
CT,M,1927,Merrill,5
CT,M,1927,Merwin,5
CT,M,1927,Micheal,5
CT,M,1927,Murray,5
CT,M,1927,Newton,5
CT,M,1927,Nick,5
CT,M,1927,Rudy,5
CT,M,1927,Rufus,5
CT,M,1927,Seymour,5
CT,M,1927,Sheldon,5
CT,M,1927,Steven,5
CT,M,1927,Stuart,5
CT,M,1928,John,948
CT,M,1928,Robert,831
CT,M,1928,William,674
CT,M,1928,Joseph,602
CT,M,1928,Edward,463
CT,M,1928,Richard,402
CT,M,1928,George,354
CT,M,1928,James,350
CT,M,1928,Raymond,285
CT,M,1928,Donald,276
CT,M,1928,Charles,274
CT,M,1928,Frank,270
CT,M,1928,Thomas,223
CT,M,1928,Anthony,221
CT,M,1928,Francis,184
CT,M,1928,Walter,173
CT,M,1928,Henry,163
CT,M,1928,Albert,150
CT,M,1928,Louis,144
CT,M,1928,Michael,143
CT,M,1928,Arthur,142
CT,M,1928,Alfred,136
CT,M,1928,Paul,136
CT,M,1928,Harold,118
CT,M,1928,David,115
CT,M,1928,Eugene,102
CT,M,1928,Kenneth,97
CT,M,1928,Harry,94
CT,M,1928,Frederick,90
CT,M,1928,Lawrence,86
CT,M,1928,Peter,86
CT,M,1928,Ralph,85
CT,M,1928,Stanley,84
CT,M,1928,Carl,78
CT,M,1928,Daniel,77
CT,M,1928,Howard,73
CT,M,1928,Vincent,72
CT,M,1928,Ernest,69
CT,M,1928,Norman,67
CT,M,1928,Andrew,66
CT,M,1928,Herbert,66
CT,M,1928,Theodore,65
CT,M,1928,Nicholas,62
CT,M,1928,Philip,62
CT,M,1928,Salvatore,62
CT,M,1928,Roger,60
CT,M,1928,Stephen,60
CT,M,1928,Bernard,59
CT,M,1928,Russell,53
CT,M,1928,Leonard,49
CT,M,1928,Gerald,47
CT,M,1928,Leo,47
CT,M,1928,Earl,46
CT,M,1928,Fred,46
CT,M,1928,Ronald,45
CT,M,1928,Samuel,45
CT,M,1928,Edwin,43
CT,M,1928,Alexander,40
CT,M,1928,Angelo,39
CT,M,1928,Edmund,35
CT,M,1928,Jack,34
CT,M,1928,Gordon,33
CT,M,1928,Chester,32
CT,M,1928,Clifford,32
CT,M,1928,Roland,32
CT,M,1928,Mario,30
CT,M,1928,Warren,30
CT,M,1928,Rudolph,28
CT,M,1928,Martin,27
CT,M,1928,Roy,27
CT,M,1928,Victor,27
CT,M,1928,Clarence,26
CT,M,1928,Allen,25
CT,M,1928,Douglas,25
CT,M,1928,Irving,25
CT,M,1928,Maurice,25
CT,M,1928,Milton,25
CT,M,1928,Arnold,24
CT,M,1928,Everett,23
CT,M,1928,Leroy,23
CT,M,1928,Alphonse,22
CT,M,1928,Alan,21
CT,M,1928,Dominick,21
CT,M,1928,Gilbert,21
CT,M,1928,Burton,20
CT,M,1928,Leon,20
CT,M,1928,Dominic,19
CT,M,1928,Pasquale,19
CT,M,1928,Sebastian,19
CT,M,1928,Carmen,18
CT,M,1928,Elmer,18
CT,M,1928,Gene,18
CT,M,1928,Herman,18
CT,M,1928,Lester,18
CT,M,1928,Patrick,18
CT,M,1928,Armand,17
CT,M,1928,Carmine,17
CT,M,1928,Matthew,17
CT,M,1928,Lionel,16
CT,M,1928,Tony,16
CT,M,1928,Benjamin,15
CT,M,1928,Franklin,15
CT,M,1928,Hugh,15
CT,M,1928,Jerome,15
CT,M,1928,Steven,15
CT,M,1928,Stuart,15
CT,M,1928,Wilfred,15
CT,M,1928,Floyd,14
CT,M,1928,Wallace,14
CT,M,1928,Alvin,13
CT,M,1928,Edmond,13
CT,M,1928,Jerry,13
CT,M,1928,Julius,13
CT,M,1928,Lewis,13
CT,M,1928,Sidney,13
CT,M,1928,Vito,13
CT,M,1928,Allan,12
CT,M,1928,Bruce,12
CT,M,1928,Calvin,12
CT,M,1928,Gerard,12
CT,M,1928,Rocco,12
CT,M,1928,Alton,11
CT,M,1928,Jacob,11
CT,M,1928,Marvin,11
CT,M,1928,Melvin,11
CT,M,1928,Myron,11
CT,M,1928,Patsy,11
CT,M,1928,Wesley,11
CT,M,1928,Wilbur,11
CT,M,1928,Frederic,10
CT,M,1928,Harvey,10
CT,M,1928,Jean,10
CT,M,1928,Leslie,10
CT,M,1928,Marshall,10
CT,M,1928,Nick,10
CT,M,1928,Emil,9
CT,M,1928,Eric,9
CT,M,1928,Morris,9
CT,M,1928,Morton,9
CT,M,1928,Rene,9
CT,M,1928,Sam,9
CT,M,1928,Santo,9
CT,M,1928,Seymour,9
CT,M,1928,Sherwood,9
CT,M,1928,Steve,9
CT,M,1928,Willard,9
CT,M,1928,August,8
CT,M,1928,Austin,8
CT,M,1928,Conrad,8
CT,M,1928,Domenic,8
CT,M,1928,Earle,8
CT,M,1928,Gregory,8
CT,M,1928,Julian,8
CT,M,1928,Larry,8
CT,M,1928,Perry,8
CT,M,1928,Phillip,8
CT,M,1928,Rodney,8
CT,M,1928,Saul,8
CT,M,1928,Willis,8
CT,M,1928,Carlton,7
CT,M,1928,Christopher,7
CT,M,1928,Hubert,7
CT,M,1928,Malcolm,7
CT,M,1928,Marcel,7
CT,M,1928,Mark,7
CT,M,1928,Nelson,7
CT,M,1928,Nickolas,7
CT,M,1928,Normand,7
CT,M,1928,Ray,7
CT,M,1928,Thaddeus,7
CT,M,1928,Adolf,6
CT,M,1928,Adolph,6
CT,M,1928,Antonio,6
CT,M,1928,Carmelo,6
CT,M,1928,Clayton,6
CT,M,1928,Clyde,6
CT,M,1928,Curtis,6
CT,M,1928,Dante,6
CT,M,1928,Emanuel,6
CT,M,1928,Ferdinand,6
CT,M,1928,Gennaro,6
CT,M,1928,Gus,6
CT,M,1928,Horace,6
CT,M,1928,Lincoln,6
CT,M,1928,Lloyd,6
CT,M,1928,Nathan,6
CT,M,1928,Oliver,6
CT,M,1928,Omer,6
CT,M,1928,Sherman,6
CT,M,1928,Abraham,5
CT,M,1928,Alden,5
CT,M,1928,Ambrose,5
CT,M,1928,Benny,5
CT,M,1928,Bradford,5
CT,M,1928,Casimir,5
CT,M,1928,Clifton,5
CT,M,1928,Clinton,5
CT,M,1928,Cornelius,5
CT,M,1928,Dennis,5
CT,M,1928,Edgar,5
CT,M,1928,Felix,5
CT,M,1928,Gabriel,5
CT,M,1928,Gaston,5
CT,M,1928,Guy,5
CT,M,1928,Jesse,5
CT,M,1928,Lucien,5
CT,M,1928,Manuel,5
CT,M,1928,Merrill,5
CT,M,1928,Merritt,5
CT,M,1928,Mitchell,5
CT,M,1928,Rosario,5
CT,M,1928,Wayne,5
CT,M,1929,John,889
CT,M,1929,Robert,822
CT,M,1929,William,579
CT,M,1929,Joseph,529
CT,M,1929,Richard,427
CT,M,1929,James,386
CT,M,1929,Edward,374
CT,M,1929,George,340
CT,M,1929,Donald,317
CT,M,1929,Charles,276
CT,M,1929,Raymond,254
CT,M,1929,Frank,253
CT,M,1929,Thomas,220
CT,M,1929,Anthony,183
CT,M,1929,Francis,177
CT,M,1929,Walter,160
CT,M,1929,Arthur,156
CT,M,1929,Michael,144
CT,M,1929,Albert,143
CT,M,1929,Paul,140
CT,M,1929,David,139
CT,M,1929,Louis,133
CT,M,1929,Henry,124
CT,M,1929,Alfred,110
CT,M,1929,Peter,110
CT,M,1929,Kenneth,105
CT,M,1929,Harold,103
CT,M,1929,Ralph,101
CT,M,1929,Harry,100
CT,M,1929,Andrew,92
CT,M,1929,Eugene,89
CT,M,1929,Ernest,78
CT,M,1929,Norman,78
CT,M,1929,Stanley,77
CT,M,1929,Frederick,76
CT,M,1929,Daniel,74
CT,M,1929,Fred,74
CT,M,1929,Lawrence,73
CT,M,1929,Theodore,71
CT,M,1929,Herbert,70
CT,M,1929,Vincent,70
CT,M,1929,Leonard,67
CT,M,1929,Salvatore,66
CT,M,1929,Roger,61
CT,M,1929,Howard,58
CT,M,1929,Philip,58
CT,M,1929,Nicholas,57
CT,M,1929,Carl,54
CT,M,1929,Bernard,53
CT,M,1929,Russell,50
CT,M,1929,Gerald,45
CT,M,1929,Roland,45
CT,M,1929,Stephen,42
CT,M,1929,Ronald,41
CT,M,1929,Clarence,40
CT,M,1929,Leo,40
CT,M,1929,Alexander,39
CT,M,1929,Gordon,38
CT,M,1929,Victor,38
CT,M,1929,Chester,36
CT,M,1929,Angelo,34
CT,M,1929,Jack,34
CT,M,1929,Earl,33
CT,M,1929,Samuel,33
CT,M,1929,Edmund,31
CT,M,1929,Martin,31
CT,M,1929,Dominic,30
CT,M,1929,Roy,30
CT,M,1929,Edwin,29
CT,M,1929,Leon,29
CT,M,1929,Leroy,27
CT,M,1929,Dominick,25
CT,M,1929,Allan,24
CT,M,1929,Clifford,24
CT,M,1929,Bruce,23
CT,M,1929,Milton,23
CT,M,1929,Warren,23
CT,M,1929,Allen,22
CT,M,1929,Douglas,22
CT,M,1929,Alan,21
CT,M,1929,Gerard,20
CT,M,1929,Benjamin,19
CT,M,1929,Gilbert,19
CT,M,1929,Irving,19
CT,M,1929,Arnold,18
CT,M,1929,Herman,18
CT,M,1929,Marvin,18
CT,M,1929,Maurice,18
CT,M,1929,Sebastian,18
CT,M,1929,Elmer,17
CT,M,1929,Mario,17
CT,M,1929,Pasquale,17
CT,M,1929,Rocco,17
CT,M,1929,Wallace,17
CT,M,1929,Armand,16
CT,M,1929,Leslie,16
CT,M,1929,Lester,16
CT,M,1929,Vito,16
CT,M,1929,Alvin,15
CT,M,1929,Everett,15
CT,M,1929,Patrick,15
CT,M,1929,Rene,15
CT,M,1929,Rudolph,15
CT,M,1929,Wilbur,15
CT,M,1929,Conrad,14
CT,M,1929,Emil,14
CT,M,1929,Floyd,14
CT,M,1929,Gene,14
CT,M,1929,Jerry,14
CT,M,1929,Wilfred,14
CT,M,1929,Burton,13
CT,M,1929,Hugh,13
CT,M,1929,Myron,13
CT,M,1929,Normand,13
CT,M,1929,Sidney,13
CT,M,1929,Alphonse,12
CT,M,1929,Julius,12
CT,M,1929,Lewis,12
CT,M,1929,Malcolm,12
CT,M,1929,Morton,12
CT,M,1929,Stuart,12
CT,M,1929,August,11
CT,M,1929,Carmen,11
CT,M,1929,Clinton,11
CT,M,1929,Jerome,11
CT,M,1929,Lee,11
CT,M,1929,Melvin,11
CT,M,1929,Harvey,10
CT,M,1929,Lloyd,10
CT,M,1929,Nelson,10
CT,M,1929,Steven,10
CT,M,1929,Bruno,9
CT,M,1929,Emanuel,9
CT,M,1929,Erwin,9
CT,M,1929,Franklin,9
CT,M,1929,Matthew,9
CT,M,1929,Patsy,9
CT,M,1929,Ray,9
CT,M,1929,Wesley,9
CT,M,1929,Alex,8
CT,M,1929,Dennis,8
CT,M,1929,Earle,8
CT,M,1929,Karl,8
CT,M,1929,Manuel,8
CT,M,1929,Merrill,8
CT,M,1929,Sam,8
CT,M,1929,Sherman,8
CT,M,1929,Teddy,8
CT,M,1929,Austin,7
CT,M,1929,Carmine,7
CT,M,1929,Clayton,7
CT,M,1929,Dudley,7
CT,M,1929,Joe,7
CT,M,1929,Morris,7
CT,M,1929,Phillip,7
CT,M,1929,Reginald,7
CT,M,1929,Rosario,7
CT,M,1929,Wayne,7
CT,M,1929,Willard,7
CT,M,1929,Alton,6
CT,M,1929,Bill,6
CT,M,1929,Dante,6
CT,M,1929,Domenic,6
CT,M,1929,Edgar,6
CT,M,1929,Eric,6
CT,M,1929,Gaetano,6
CT,M,1929,Horace,6
CT,M,1929,Jay,6
CT,M,1929,Jeremiah,6
CT,M,1929,Larry,6
CT,M,1929,Marshall,6
CT,M,1929,Nathan,6
CT,M,1929,Romeo,6
CT,M,1929,Santo,6
CT,M,1929,Steve,6
CT,M,1929,Tony,6
CT,M,1929,Alden,5
CT,M,1929,Benny,5
CT,M,1929,Bert,5
CT,M,1929,Bertrand,5
CT,M,1929,Bradford,5
CT,M,1929,Byron,5
CT,M,1929,Clyde,5
CT,M,1929,Curtis,5
CT,M,1929,Don,5
CT,M,1929,Duane,5
CT,M,1929,Edmond,5
CT,M,1929,Emile,5
CT,M,1929,Felix,5
CT,M,1929,Fernand,5
CT,M,1929,Frederic,5
CT,M,1929,Fredrick,5
CT,M,1929,Gabriel,5
CT,M,1929,Gino,5
CT,M,1929,Graham,5
CT,M,1929,Gregory,5
CT,M,1929,Hubert,5
CT,M,1929,Jean,5
CT,M,1929,Jesse,5
CT,M,1929,Julian,5
CT,M,1929,Laurence,5
CT,M,1929,Lucien,5
CT,M,1929,Mary,5
CT,M,1929,Mitchell,5
CT,M,1929,Murray,5
CT,M,1929,Neil,5
CT,M,1929,Nick,5
CT,M,1929,Saul,5
CT,M,1929,Simon,5
CT,M,1929,Ted,5
CT,M,1929,Vernon,5
CT,M,1929,Ward,5
CT,M,1930,John,882
CT,M,1930,Robert,847
CT,M,1930,William,638
CT,M,1930,Joseph,497
CT,M,1930,Richard,451
CT,M,1930,Edward,422
CT,M,1930,James,389
CT,M,1930,Donald,357
CT,M,1930,George,340
CT,M,1930,Charles,287
CT,M,1930,Thomas,243
CT,M,1930,Frank,234
CT,M,1930,Raymond,231
CT,M,1930,Paul,182
CT,M,1930,Anthony,174
CT,M,1930,Walter,160
CT,M,1930,Albert,155
CT,M,1930,David,140
CT,M,1930,Francis,138
CT,M,1930,Henry,137
CT,M,1930,Arthur,132
CT,M,1930,Louis,124
CT,M,1930,Harold,122
CT,M,1930,Michael,120
CT,M,1930,Peter,118
CT,M,1930,Ralph,107
CT,M,1930,Eugene,102
CT,M,1930,Kenneth,91
CT,M,1930,Stanley,85
CT,M,1930,Ronald,83
CT,M,1930,Fred,82
CT,M,1930,Alfred,81
CT,M,1930,Vincent,80
CT,M,1930,Andrew,79
CT,M,1930,Frederick,75
CT,M,1930,Norman,74
CT,M,1930,Daniel,69
CT,M,1930,Harry,69
CT,M,1930,Salvatore,69
CT,M,1930,Leonard,68
CT,M,1930,Carl,66
CT,M,1930,Ernest,66
CT,M,1930,Lawrence,66
CT,M,1930,Bernard,61
CT,M,1930,Roger,61
CT,M,1930,Philip,58
CT,M,1930,Stephen,58
CT,M,1930,Gerald,56
CT,M,1930,Theodore,51
CT,M,1930,Nicholas,49
CT,M,1930,Edwin,48
CT,M,1930,Howard,48
CT,M,1930,Jack,43
CT,M,1930,Angelo,42
CT,M,1930,Russell,41
CT,M,1930,Herbert,37
CT,M,1930,Gordon,36
CT,M,1930,Leo,36
CT,M,1930,Alan,34
CT,M,1930,Earl,33
CT,M,1930,Roland,33
CT,M,1930,Edmund,32
CT,M,1930,Maurice,32
CT,M,1930,Chester,30
CT,M,1930,Martin,30
CT,M,1930,Victor,30
CT,M,1930,Clarence,29
CT,M,1930,Clifford,29
CT,M,1930,Samuel,29
CT,M,1930,Gilbert,28
CT,M,1930,Irving,27
CT,M,1930,Bruce,26
CT,M,1930,Warren,25
CT,M,1930,Allen,24
CT,M,1930,Roy,24
CT,M,1930,Allan,23
CT,M,1930,Dominic,23
CT,M,1930,Douglas,23
CT,M,1930,Leroy,22
CT,M,1930,Rudolph,22
CT,M,1930,Lewis,21
CT,M,1930,Marvin,21
CT,M,1930,Alexander,20
CT,M,1930,Wallace,20
CT,M,1930,Milton,19
CT,M,1930,Herman,18
CT,M,1930,Patrick,18
CT,M,1930,Alphonse,17
CT,M,1930,Benjamin,17
CT,M,1930,Jerome,17
CT,M,1930,Leon,17
CT,M,1930,Gerard,16
CT,M,1930,Julius,16
CT,M,1930,Normand,16
CT,M,1930,Elmer,15
CT,M,1930,Jerry,15
CT,M,1930,Melvin,15
CT,M,1930,Wilfred,15
CT,M,1930,Dominick,14
CT,M,1930,Harvey,14
CT,M,1930,Mario,14
CT,M,1930,Morris,14
CT,M,1930,Pasquale,14
CT,M,1930,Sebastian,14
CT,M,1930,Burton,13
CT,M,1930,Edgar,13
CT,M,1930,Edmond,13
CT,M,1930,Felix,13
CT,M,1930,Fredrick,13
CT,M,1930,Rocco,13
CT,M,1930,Dennis,12
CT,M,1930,Everett,12
CT,M,1930,Marshall,12
CT,M,1930,Neil,12
CT,M,1930,Rene,12
CT,M,1930,Carmen,11
CT,M,1930,Carmine,11
CT,M,1930,Franklin,11
CT,M,1930,Gene,11
CT,M,1930,Lee,11
CT,M,1930,Patsy,11
CT,M,1930,Santo,11
CT,M,1930,Sidney,11
CT,M,1930,Vernon,11
CT,M,1930,Alton,10
CT,M,1930,Alvin,10
CT,M,1930,Arnold,10
CT,M,1930,Emil,10
CT,M,1930,Floyd,10
CT,M,1930,Manuel,10
CT,M,1930,Sam,10
CT,M,1930,Timothy,10
CT,M,1930,Armand,9
CT,M,1930,Austin,9
CT,M,1930,Calvin,9
CT,M,1930,Glenn,9
CT,M,1930,Guy,9
CT,M,1930,Lucian,9
CT,M,1930,Matthew,9
CT,M,1930,Steve,9
CT,M,1930,Stuart,9
CT,M,1930,Gregory,8
CT,M,1930,Oliver,8
CT,M,1930,Phillip,8
CT,M,1930,Steven,8
CT,M,1930,Tony,8
CT,M,1930,Wilbur,8
CT,M,1930,Carlton,7
CT,M,1930,Clayton,7
CT,M,1930,Clinton,7
CT,M,1930,Conrad,7
CT,M,1930,Dwight,7
CT,M,1930,Horace,7
CT,M,1930,Hugh,7
CT,M,1930,Joe,7
CT,M,1930,Larry,7
CT,M,1930,Laurence,7
CT,M,1930,Leslie,7
CT,M,1930,Lester,7
CT,M,1930,Lloyd,7
CT,M,1930,Marcel,7
CT,M,1930,Ray,7
CT,M,1930,Sherman,7
CT,M,1930,Wayne,7
CT,M,1930,Wesley,7
CT,M,1930,Willard,7
CT,M,1930,August,6
CT,M,1930,Bert,6
CT,M,1930,Bill,6
CT,M,1930,Carlo,6
CT,M,1930,Carmelo,6
CT,M,1930,Don,6
CT,M,1930,Earle,6
CT,M,1930,Emanuel,6
CT,M,1930,Ferdinand,6
CT,M,1930,Homer,6
CT,M,1930,Karl,6
CT,M,1930,Malcolm,6
CT,M,1930,Mark,6
CT,M,1930,Merton,6
CT,M,1930,Mike,6
CT,M,1930,Myron,6
CT,M,1930,Nick,6
CT,M,1930,Vito,6
CT,M,1930,Abraham,5
CT,M,1930,Alden,5
CT,M,1930,Antonio,5
CT,M,1930,Augustine,5
CT,M,1930,Benny,5
CT,M,1930,Carleton,5
CT,M,1930,Christopher,5
CT,M,1930,Clement,5
CT,M,1930,Curtis,5
CT,M,1930,Cyril,5
CT,M,1930,Domenic,5
CT,M,1930,Erwin,5
CT,M,1930,Gary,5
CT,M,1930,Graham,5
CT,M,1930,Hector,5
CT,M,1930,Hugo,5
CT,M,1930,Julian,5
CT,M,1930,Lionel,5
CT,M,1930,Nathan,5
CT,M,1930,Nelson,5
CT,M,1930,Noel,5
CT,M,1930,Owen,5
CT,M,1930,Rodney,5
CT,M,1930,Romeo,5
CT,M,1930,Seymour,5
CT,M,1930,Sylvester,5
CT,M,1930,Ted,5
CT,M,1930,Valentino,5
CT,M,1930,Willie,5
CT,M,1931,Robert,926
CT,M,1931,John,752
CT,M,1931,William,587
CT,M,1931,Richard,493
CT,M,1931,Joseph,446
CT,M,1931,Donald,345
CT,M,1931,James,342
CT,M,1931,Edward,337
CT,M,1931,George,330
CT,M,1931,Thomas,252
CT,M,1931,Charles,248
CT,M,1931,Frank,229
CT,M,1931,Raymond,219
CT,M,1931,Anthony,174
CT,M,1931,Walter,158
CT,M,1931,Arthur,147
CT,M,1931,Paul,146
CT,M,1931,David,138
CT,M,1931,Francis,136
CT,M,1931,Michael,135
CT,M,1931,Louis,133
CT,M,1931,Henry,124
CT,M,1931,Kenneth,119
CT,M,1931,Harold,106
CT,M,1931,Albert,104
CT,M,1931,Peter,97
CT,M,1931,Eugene,88
CT,M,1931,Ronald,83
CT,M,1931,Alfred,80
CT,M,1931,Lawrence,77
CT,M,1931,Fred,76
CT,M,1931,Vincent,75
CT,M,1931,Harry,73
CT,M,1931,Daniel,72
CT,M,1931,Roger,70
CT,M,1931,Norman,68
CT,M,1931,Philip,68
CT,M,1931,Ralph,68
CT,M,1931,Frederick,67
CT,M,1931,Stanley,65
CT,M,1931,Theodore,59
CT,M,1931,Herbert,58
CT,M,1931,Ernest,57
CT,M,1931,Nicholas,55
CT,M,1931,Andrew,54
CT,M,1931,Howard,54
CT,M,1931,Stephen,54
CT,M,1931,Carl,50
CT,M,1931,Alan,49
CT,M,1931,Jack,48
CT,M,1931,Leonard,48
CT,M,1931,Bernard,46
CT,M,1931,Roland,46
CT,M,1931,Salvatore,43
CT,M,1931,Gerald,41
CT,M,1931,Edwin,35
CT,M,1931,Russell,35
CT,M,1931,Angelo,34
CT,M,1931,Leo,34
CT,M,1931,Warren,33
CT,M,1931,Clifford,31
CT,M,1931,Martin,31
CT,M,1931,Bruce,26
CT,M,1931,Irving,25
CT,M,1931,Chester,24
CT,M,1931,Douglas,24
CT,M,1931,Gilbert,23
CT,M,1931,Harvey,23
CT,M,1931,Samuel,23
CT,M,1931,Lewis,22
CT,M,1931,Maurice,22
CT,M,1931,Patrick,22
CT,M,1931,Victor,22
CT,M,1931,Alexander,20
CT,M,1931,Arnold,20
CT,M,1931,Earl,20
CT,M,1931,Edmund,20
CT,M,1931,Marvin,20
CT,M,1931,Rudolph,20
CT,M,1931,Mario,19
CT,M,1931,Milton,19
CT,M,1931,Benjamin,18
CT,M,1931,Clarence,18
CT,M,1931,Roy,18
CT,M,1931,Allan,17
CT,M,1931,Dominic,17
CT,M,1931,Patsy,17
CT,M,1931,Alphonse,16
CT,M,1931,Gordon,16
CT,M,1931,Jerome,16
CT,M,1931,Jerry,16
CT,M,1931,Allen,15
CT,M,1931,Armand,15
CT,M,1931,Leon,15
CT,M,1931,Matthew,15
CT,M,1931,Pasquale,15
CT,M,1931,Carmen,14
CT,M,1931,Dominick,14
CT,M,1931,Everett,14
CT,M,1931,Guy,14
CT,M,1931,Leroy,14
CT,M,1931,Sebastian,14
CT,M,1931,Wilfred,14
CT,M,1931,Gene,13
CT,M,1931,Franklin,12
CT,M,1931,Lionel,12
CT,M,1931,Neil,12
CT,M,1931,Carmine,11
CT,M,1931,Floyd,11
CT,M,1931,Julius,11
CT,M,1931,Mark,11
CT,M,1931,Stuart,11
CT,M,1931,Wilbur,11
CT,M,1931,Burton,10
CT,M,1931,Calvin,10
CT,M,1931,Emil,10
CT,M,1931,Gerard,10
CT,M,1931,Melvin,10
CT,M,1931,Nelson,10
CT,M,1931,Tony,10
CT,M,1931,Alex,9
CT,M,1931,Clement,9
CT,M,1931,Dennis,9
CT,M,1931,Eric,9
CT,M,1931,Hugh,9
CT,M,1931,Laurence,9
CT,M,1931,Lester,9
CT,M,1931,Morton,9
CT,M,1931,Wallace,9
CT,M,1931,Wayne,9
CT,M,1931,Clinton,8
CT,M,1931,Duane,8
CT,M,1931,Edgar,8
CT,M,1931,Elmer,8
CT,M,1931,Lloyd,8
CT,M,1931,Malcolm,8
CT,M,1931,Manuel,8
CT,M,1931,Marshall,8
CT,M,1931,Nathan,8
CT,M,1931,Oscar,8
CT,M,1931,Phillip,8
CT,M,1931,Rocco,8
CT,M,1931,Sidney,8
CT,M,1931,Vito,8
CT,M,1931,Alvin,7
CT,M,1931,Conrad,7
CT,M,1931,Dino,7
CT,M,1931,Earle,7
CT,M,1931,Emanuel,7
CT,M,1931,Erwin,7
CT,M,1931,Gary,7
CT,M,1931,Glenn,7
CT,M,1931,Hector,7
CT,M,1931,Hubert,7
CT,M,1931,Karl,7
CT,M,1931,Oliver,7
CT,M,1931,Reginald,7
CT,M,1931,Sam,7
CT,M,1931,Seymour,7
CT,M,1931,Tom,7
CT,M,1931,Claude,6
CT,M,1931,Don,6
CT,M,1931,Eddie,6
CT,M,1931,Felix,6
CT,M,1931,Fredrick,6
CT,M,1931,Gabriel,6
CT,M,1931,Gregory,6
CT,M,1931,Herman,6
CT,M,1931,Irwin,6
CT,M,1931,Jean,6
CT,M,1931,Joe,6
CT,M,1931,Larry,6
CT,M,1931,Leslie,6
CT,M,1931,Normand,6
CT,M,1931,Ray,6
CT,M,1931,Steve,6
CT,M,1931,Alden,5
CT,M,1931,Antonio,5
CT,M,1931,Benny,5
CT,M,1931,Carlo,5
CT,M,1931,Enrico,5
CT,M,1931,Gaetano,5
CT,M,1931,Luther,5
CT,M,1931,Lyman,5
CT,M,1931,Morris,5
CT,M,1931,Myron,5
CT,M,1931,Rodney,5
CT,M,1931,Rudy,5
CT,M,1931,Sherman,5
CT,M,1931,Sherwood,5
CT,M,1931,Wesley,5
CT,M,1931,Willard,5
CT,M,1931,Willis,5
CT,M,1931,Wilson,5
CT,M,1932,Robert,830
CT,M,1932,John,757
CT,M,1932,Richard,491
CT,M,1932,William,491
CT,M,1932,Joseph,433
CT,M,1932,James,389
CT,M,1932,Donald,355
CT,M,1932,Edward,316
CT,M,1932,George,300
CT,M,1932,Charles,235
CT,M,1932,Thomas,232
CT,M,1932,Frank,212
CT,M,1932,Raymond,192
CT,M,1932,Anthony,157
CT,M,1932,Ronald,145
CT,M,1932,David,127
CT,M,1932,Louis,126
CT,M,1932,Paul,124
CT,M,1932,Peter,123
CT,M,1932,Walter,120
CT,M,1932,Arthur,112
CT,M,1932,Henry,112
CT,M,1932,Michael,107
CT,M,1932,Francis,106
CT,M,1932,Kenneth,100
CT,M,1932,Albert,92
CT,M,1932,Norman,79
CT,M,1932,Eugene,78
CT,M,1932,Lawrence,78
CT,M,1932,Harold,77
CT,M,1932,Vincent,71
CT,M,1932,Daniel,66
CT,M,1932,Ralph,66
CT,M,1932,Alfred,65
CT,M,1932,Frederick,60
CT,M,1932,Roger,59
CT,M,1932,Stanley,59
CT,M,1932,Philip,58
CT,M,1932,Fred,57
CT,M,1932,Ernest,56
CT,M,1932,Gerald,56
CT,M,1932,Andrew,55
CT,M,1932,Salvatore,53
CT,M,1932,Theodore,53
CT,M,1932,Carl,51
CT,M,1932,Harry,49
CT,M,1932,Nicholas,46
CT,M,1932,Jack,45
CT,M,1932,Leonard,44
CT,M,1932,Howard,41
CT,M,1932,Stephen,41
CT,M,1932,Bernard,37
CT,M,1932,Clifford,37
CT,M,1932,Herbert,37
CT,M,1932,Alan,36
CT,M,1932,Bruce,36
CT,M,1932,Russell,35
CT,M,1932,Edwin,33
CT,M,1932,Douglas,32
CT,M,1932,Leo,31
CT,M,1932,Roland,30
CT,M,1932,Allen,28
CT,M,1932,Earl,27
CT,M,1932,Gordon,27
CT,M,1932,Samuel,26
CT,M,1932,Roy,25
CT,M,1932,Edmund,24
CT,M,1932,Alexander,23
CT,M,1932,Allan,22
CT,M,1932,Angelo,22
CT,M,1932,Patrick,21
CT,M,1932,Victor,21
CT,M,1932,Arnold,20
CT,M,1932,Clarence,20
CT,M,1932,Chester,19
CT,M,1932,Irving,19
CT,M,1932,Dominic,18
CT,M,1932,Mario,18
CT,M,1932,Warren,18
CT,M,1932,Everett,17
CT,M,1932,Martin,17
CT,M,1932,Maurice,17
CT,M,1932,Matthew,16
CT,M,1932,Milton,16
CT,M,1932,Pasquale,16
CT,M,1932,Benjamin,15
CT,M,1932,Gerard,15
CT,M,1932,Melvin,15
CT,M,1932,Conrad,14
CT,M,1932,Franklin,14
CT,M,1932,Gilbert,14
CT,M,1932,Harvey,14
CT,M,1932,Jerome,14
CT,M,1932,Jerry,14
CT,M,1932,Leon,14
CT,M,1932,Stuart,13
CT,M,1932,Dominick,12
CT,M,1932,Patsy,12
CT,M,1932,Burton,11
CT,M,1932,Lewis,11
CT,M,1932,Phillip,11
CT,M,1932,Rocco,11
CT,M,1932,Rudolph,11
CT,M,1932,Sebastian,11
CT,M,1932,Steve,11
CT,M,1932,Vito,11
CT,M,1932,Edgar,10
CT,M,1932,Elmer,10
CT,M,1932,Julius,10
CT,M,1932,Leroy,10
CT,M,1932,Marvin,10
CT,M,1932,Neil,10
CT,M,1932,Normand,10
CT,M,1932,Rene,10
CT,M,1932,Alvin,9
CT,M,1932,Don,9
CT,M,1932,Edmond,9
CT,M,1932,Guy,9
CT,M,1932,Joel,9
CT,M,1932,Larry,9
CT,M,1932,Nelson,9
CT,M,1932,Sidney,9
CT,M,1932,Wayne,9
CT,M,1932,Wilfred,9
CT,M,1932,Barry,8
CT,M,1932,Carmine,8
CT,M,1932,Christopher,8
CT,M,1932,Earle,8
CT,M,1932,Floyd,8
CT,M,1932,Herman,8
CT,M,1932,Lester,8
CT,M,1932,Morris,8
CT,M,1932,Sam,8
CT,M,1932,Tony,8
CT,M,1932,Wallace,8
CT,M,1932,Armand,7
CT,M,1932,August,7
CT,M,1932,Augustine,7
CT,M,1932,Clement,7
CT,M,1932,Dennis,7
CT,M,1932,Dwight,7
CT,M,1932,Emil,7
CT,M,1932,Hugh,7
CT,M,1932,Karl,7
CT,M,1932,Lee,7
CT,M,1932,Leslie,7
CT,M,1932,Malcolm,7
CT,M,1932,Pat,7
CT,M,1932,Ray,7
CT,M,1932,Wilbur,7
CT,M,1932,Aldo,6
CT,M,1932,Alphonse,6
CT,M,1932,Bob,6
CT,M,1932,Carmen,6
CT,M,1932,Claude,6
CT,M,1932,Clayton,6
CT,M,1932,Domenic,6
CT,M,1932,Elliott,6
CT,M,1932,Gene,6
CT,M,1932,Irwin,6
CT,M,1932,Jesse,6
CT,M,1932,Julio,6
CT,M,1932,Laurence,6
CT,M,1932,Marcel,6
CT,M,1932,Marshall,6
CT,M,1932,Morton,6
CT,M,1932,Myron,6
CT,M,1932,Rodney,6
CT,M,1932,Steven,6
CT,M,1932,Ted,6
CT,M,1932,Willard,6
CT,M,1932,Adolph,5
CT,M,1932,Alex,5
CT,M,1932,Andre,5
CT,M,1932,Austin,5
CT,M,1932,Bill,5
CT,M,1932,Brian,5
CT,M,1932,Calvin,5
CT,M,1932,Clyde,5
CT,M,1932,Cornelius,5
CT,M,1932,Dale,5
CT,M,1932,Dana,5
CT,M,1932,Danny,5
CT,M,1932,Dean,5
CT,M,1932,Delbert,5
CT,M,1932,Eddie,5
CT,M,1932,Frederic,5
CT,M,1932,Glenn,5
CT,M,1932,Gus,5
CT,M,1932,Hubert,5
CT,M,1932,Jean,5
CT,M,1932,Julian,5
CT,M,1932,Kevin,5
CT,M,1932,Lowell,5
CT,M,1932,Owen,5
CT,M,1932,Stewart,5
CT,M,1932,Timothy,5
CT,M,1932,Vernon,5
CT,M,1932,Willie,5
CT,M,1933,Robert,835
CT,M,1933,John,702
CT,M,1933,Richard,543
CT,M,1933,William,439
CT,M,1933,Joseph,388
CT,M,1933,Donald,326
CT,M,1933,James,317
CT,M,1933,Edward,289
CT,M,1933,Charles,261
CT,M,1933,George,258
CT,M,1933,Thomas,218
CT,M,1933,Frank,173
CT,M,1933,Ronald,165
CT,M,1933,Raymond,164
CT,M,1933,Anthony,148
CT,M,1933,Paul,133
CT,M,1933,David,126
CT,M,1933,Walter,126
CT,M,1933,Michael,118
CT,M,1933,Arthur,114
CT,M,1933,Francis,114
CT,M,1933,Peter,113
CT,M,1933,Albert,103
CT,M,1933,Louis,101
CT,M,1933,Kenneth,95
CT,M,1933,Henry,91
CT,M,1933,Ralph,74
CT,M,1933,Eugene,71
CT,M,1933,Harold,68
CT,M,1933,Daniel,67
CT,M,1933,Frederick,67
CT,M,1933,Lawrence,63
CT,M,1933,Norman,62
CT,M,1933,Roger,62
CT,M,1933,Alfred,61
CT,M,1933,Andrew,61
CT,M,1933,Harry,59
CT,M,1933,Gerald,56
CT,M,1933,Stanley,54
CT,M,1933,Carl,53
CT,M,1933,Philip,53
CT,M,1933,Vincent,52
CT,M,1933,Fred,50
CT,M,1933,Theodore,50
CT,M,1933,Leonard,45
CT,M,1933,Nicholas,45
CT,M,1933,Salvatore,44
CT,M,1933,Ernest,43
CT,M,1933,Herbert,43
CT,M,1933,Stephen,42
CT,M,1933,Howard,39
CT,M,1933,Russell,37
CT,M,1933,Bernard,36
CT,M,1933,Earl,31
CT,M,1933,Gordon,30
CT,M,1933,Bruce,29
CT,M,1933,Edwin,27
CT,M,1933,Leo,26
CT,M,1933,Martin,26
CT,M,1933,Victor,26
CT,M,1933,Arnold,24
CT,M,1933,Jack,24
CT,M,1933,Douglas,22
CT,M,1933,Franklin,22
CT,M,1933,Angelo,21
CT,M,1933,Roy,21
CT,M,1933,Allen,20
CT,M,1933,Edmund,20
CT,M,1933,Milton,20
CT,M,1933,Samuel,20
CT,M,1933,Alan,19
CT,M,1933,Jerome,19
CT,M,1933,Patrick,19
CT,M,1933,Roland,19
CT,M,1933,Clifford,18
CT,M,1933,Maurice,18
CT,M,1933,Warren,18
CT,M,1933,Clarence,17
CT,M,1933,Alexander,16
CT,M,1933,Burton,16
CT,M,1933,Chester,16
CT,M,1933,Leroy,16
CT,M,1933,Allan,15
CT,M,1933,Benjamin,15
CT,M,1933,Leon,15
CT,M,1933,Carmen,14
CT,M,1933,Lewis,14
CT,M,1933,Wayne,14
CT,M,1933,Barry,13
CT,M,1933,Marvin,13
CT,M,1933,Alex,12
CT,M,1933,Conrad,12
CT,M,1933,Dennis,12
CT,M,1933,Dominic,12
CT,M,1933,Everett,12
CT,M,1933,Harvey,12
CT,M,1933,Malcolm,12
CT,M,1933,Matthew,12
CT,M,1933,Rocco,12
CT,M,1933,Wilfred,12
CT,M,1933,Dominick,11
CT,M,1933,Hugh,11
CT,M,1933,Marshall,11
CT,M,1933,Neil,11
CT,M,1933,Owen,11
CT,M,1933,Patsy,11
CT,M,1933,Rodney,11
CT,M,1933,Armand,10
CT,M,1933,Edmond,10
CT,M,1933,Gene,10
CT,M,1933,Gerard,10
CT,M,1933,Jerry,10
CT,M,1933,Joe,10
CT,M,1933,Julius,10
CT,M,1933,Larry,10
CT,M,1933,Leslie,10
CT,M,1933,Mario,10
CT,M,1933,Pasquale,10
CT,M,1933,Phillip,10
CT,M,1933,Rudolph,10
CT,M,1933,Sebastian,10
CT,M,1933,Wesley,10
CT,M,1933,Alphonse,9
CT,M,1933,Calvin,9
CT,M,1933,Dwight,9
CT,M,1933,Edgar,9
CT,M,1933,Gilbert,9
CT,M,1933,Laurence,9
CT,M,1933,Lee,9
CT,M,1933,Ray,9
CT,M,1933,Steven,9
CT,M,1933,Don,8
CT,M,1933,Emil,8
CT,M,1933,Floyd,8
CT,M,1933,Gary,8
CT,M,1933,Gregory,8
CT,M,1933,Guy,8
CT,M,1933,Herman,8
CT,M,1933,Irving,8
CT,M,1933,Joel,8
CT,M,1933,Karl,8
CT,M,1933,Lloyd,8
CT,M,1933,Morton,8
CT,M,1933,Reginald,8
CT,M,1933,Sidney,8
CT,M,1933,Stuart,8
CT,M,1933,Wallace,8
CT,M,1933,Curtis,7
CT,M,1933,Dale,7
CT,M,1933,Elmer,7
CT,M,1933,Fredrick,7
CT,M,1933,Jay,7
CT,M,1933,Keith,7
CT,M,1933,Normand,7
CT,M,1933,Timothy,7
CT,M,1933,Willard,7
CT,M,1933,Bob,6
CT,M,1933,Clayton,6
CT,M,1933,Cornelius,6
CT,M,1933,Dino,6
CT,M,1933,Eric,6
CT,M,1933,Felix,6
CT,M,1933,Lester,6
CT,M,1933,Melvin,6
CT,M,1933,Noel,6
CT,M,1933,Oscar,6
CT,M,1933,Rene,6
CT,M,1933,Sam,6
CT,M,1933,Ted,6
CT,M,1933,Adolph,5
CT,M,1933,Alvin,5
CT,M,1933,Bill,5
CT,M,1933,Carlo,5
CT,M,1933,Carlton,5
CT,M,1933,Earle,5
CT,M,1933,Emanuel,5
CT,M,1933,Glenn,5
CT,M,1933,Hans,5
CT,M,1933,Hubert,5
CT,M,1933,Jacob,5
CT,M,1933,Lionel,5
CT,M,1933,Lucien,5
CT,M,1933,Lynn,5
CT,M,1933,Mark,5
CT,M,1933,Otto,5
CT,M,1933,Rosario,5
CT,M,1933,Thaddeus,5
CT,M,1933,Tony,5
CT,M,1933,Wilbur,5
CT,M,1933,Willis,5
CT,M,1934,Robert,839
CT,M,1934,John,703
CT,M,1934,Richard,549
CT,M,1934,William,459
CT,M,1934,Joseph,408
CT,M,1934,Donald,356
CT,M,1934,James,351
CT,M,1934,Edward,281
CT,M,1934,George,263
CT,M,1934,Thomas,223
CT,M,1934,Charles,206
CT,M,1934,Ronald,196
CT,M,1934,Raymond,192
CT,M,1934,Frank,184
CT,M,1934,David,165
CT,M,1934,Paul,144
CT,M,1934,Anthony,137
CT,M,1934,Michael,114
CT,M,1934,Arthur,113
CT,M,1934,Peter,110
CT,M,1934,Francis,108
CT,M,1934,Albert,104
CT,M,1934,Henry,101
CT,M,1934,Louis,98
CT,M,1934,Kenneth,93
CT,M,1934,Walter,92
CT,M,1934,Harold,82
CT,M,1934,Ralph,80
CT,M,1934,Eugene,79
CT,M,1934,Norman,72
CT,M,1934,Frederick,70
CT,M,1934,Leonard,68
CT,M,1934,Lawrence,65
CT,M,1934,Roger,63
CT,M,1934,Philip,62
CT,M,1934,Fred,61
CT,M,1934,Ernest,58
CT,M,1934,Gerald,58
CT,M,1934,Carl,57
CT,M,1934,Daniel,55
CT,M,1934,Vincent,54
CT,M,1934,Alfred,52
CT,M,1934,Salvatore,48
CT,M,1934,Harry,46
CT,M,1934,Howard,44
CT,M,1934,Stanley,43
CT,M,1934,Andrew,39
CT,M,1934,Edwin,39
CT,M,1934,Bruce,38
CT,M,1934,Gordon,37
CT,M,1934,Russell,36
CT,M,1934,Bernard,35
CT,M,1934,Jack,34
CT,M,1934,Nicholas,34
CT,M,1934,Stephen,34
CT,M,1934,Theodore,33
CT,M,1934,Alan,31
CT,M,1934,Jerry,31
CT,M,1934,Leo,29
CT,M,1934,Douglas,27
CT,M,1934,Herbert,27
CT,M,1934,Martin,26
CT,M,1934,Roy,25
CT,M,1934,Patrick,23
CT,M,1934,Roland,23
CT,M,1934,Allen,22
CT,M,1934,Dominic,22
CT,M,1934,Warren,22
CT,M,1934,Wayne,22
CT,M,1934,Allan,20
CT,M,1934,Arnold,20
CT,M,1934,Franklin,20
CT,M,1934,Clifford,19
CT,M,1934,Angelo,18
CT,M,1934,Chester,18
CT,M,1934,Jerome,18
CT,M,1934,Lewis,18
CT,M,1934,Alexander,17
CT,M,1934,Clarence,17
CT,M,1934,Gerard,17
CT,M,1934,Benjamin,16
CT,M,1934,Earl,16
CT,M,1934,Edmund,16
CT,M,1934,Rocco,16
CT,M,1934,Victor,16
CT,M,1934,Leslie,15
CT,M,1934,Milton,15
CT,M,1934,Samuel,15
CT,M,1934,Harvey,14
CT,M,1934,Irving,14
CT,M,1934,Larry,14
CT,M,1934,Leon,14
CT,M,1934,Neil,14
CT,M,1934,Gene,13
CT,M,1934,Leroy,13
CT,M,1934,Sebastian,13
CT,M,1934,Gilbert,12
CT,M,1934,Marcel,12
CT,M,1934,Maurice,12
CT,M,1934,Patsy,12
CT,M,1934,Rudolph,12
CT,M,1934,Wilfred,12
CT,M,1934,Dominick,11
CT,M,1934,Everett,11
CT,M,1934,Gary,11
CT,M,1934,Herman,11
CT,M,1934,Marshall,11
CT,M,1934,Matthew,11
CT,M,1934,Nelson,11
CT,M,1934,Stuart,11
CT,M,1934,Alphonse,10
CT,M,1934,Alvin,10
CT,M,1934,Armand,10
CT,M,1934,Barry,10
CT,M,1934,Karl,10
CT,M,1934,Marvin,10
CT,M,1934,Pasquale,10
CT,M,1934,Bill,9
CT,M,1934,Dennis,9
CT,M,1934,Elmer,9
CT,M,1934,Lee,9
CT,M,1934,Sidney,9
CT,M,1934,Timothy,9
CT,M,1934,Wesley,9
CT,M,1934,Carmen,8
CT,M,1934,Christopher,8
CT,M,1934,Floyd,8
CT,M,1934,Joel,8
CT,M,1934,Lester,8
CT,M,1934,Mario,8
CT,M,1934,Mark,8
CT,M,1934,Normand,8
CT,M,1934,Phillip,8
CT,M,1934,Rodney,8
CT,M,1934,Steve,8
CT,M,1934,Steven,8
CT,M,1934,Wilbur,8
CT,M,1934,Alex,7
CT,M,1934,Bob,7
CT,M,1934,Brian,7
CT,M,1934,Burton,7
CT,M,1934,Conrad,7
CT,M,1934,Don,7
CT,M,1934,Edgar,7
CT,M,1934,Emil,7
CT,M,1934,Eric,7
CT,M,1934,Glenn,7
CT,M,1934,Joe,7
CT,M,1934,Melvin,7
CT,M,1934,Morton,7
CT,M,1934,Noel,7
CT,M,1934,Pat,7
CT,M,1934,Rene,7
CT,M,1934,Barbara,6
CT,M,1934,Bruno,6
CT,M,1934,Carmine,6
CT,M,1934,Clyde,6
CT,M,1934,Earle,6
CT,M,1934,Felix,6
CT,M,1934,Horace,6
CT,M,1934,Laurence,6
CT,M,1934,Leigh,6
CT,M,1934,Lionel,6
CT,M,1934,Lloyd,6
CT,M,1934,Manuel,6
CT,M,1934,Morris,6
CT,M,1934,Nick,6
CT,M,1934,Otto,6
CT,M,1934,Vito,6
CT,M,1934,Willard,6
CT,M,1934,Dean,5
CT,M,1934,Hugh,5
CT,M,1934,Jay,5
CT,M,1934,Loren,5
CT,M,1934,Lucien,5
CT,M,1934,Sam,5
CT,M,1934,Sherwood,5
CT,M,1934,Tom,5
CT,M,1934,Tony,5
CT,M,1934,Wallace,5
CT,M,1935,Robert,822
CT,M,1935,John,718
CT,M,1935,Richard,560
CT,M,1935,William,462
CT,M,1935,Joseph,392
CT,M,1935,James,357
CT,M,1935,Donald,341
CT,M,1935,Edward,291
CT,M,1935,George,250
CT,M,1935,Charles,215
CT,M,1935,Thomas,207
CT,M,1935,Frank,176
CT,M,1935,Raymond,175
CT,M,1935,David,174
CT,M,1935,Ronald,167
CT,M,1935,Anthony,147
CT,M,1935,Paul,139
CT,M,1935,Arthur,122
CT,M,1935,Michael,119
CT,M,1935,Walter,118
CT,M,1935,Louis,115
CT,M,1935,Peter,109
CT,M,1935,Francis,102
CT,M,1935,Albert,90
CT,M,1935,Kenneth,85
CT,M,1935,Daniel,82
CT,M,1935,Frederick,80
CT,M,1935,Henry,80
CT,M,1935,Ralph,73
CT,M,1935,Eugene,68
CT,M,1935,Roger,67
CT,M,1935,Gerald,66
CT,M,1935,Philip,64
CT,M,1935,Norman,62
CT,M,1935,Vincent,62
CT,M,1935,Harold,61
CT,M,1935,Stephen,60
CT,M,1935,Fred,57
CT,M,1935,Alfred,55
CT,M,1935,Carl,55
CT,M,1935,Stanley,55
CT,M,1935,Lawrence,54
CT,M,1935,Andrew,51
CT,M,1935,Howard,50
CT,M,1935,Leonard,50
CT,M,1935,Theodore,49
CT,M,1935,Ernest,47
CT,M,1935,Harry,41
CT,M,1935,Russell,40
CT,M,1935,Douglas,39
CT,M,1935,Nicholas,38
CT,M,1935,Salvatore,38
CT,M,1935,Gordon,37
CT,M,1935,Herbert,35
CT,M,1935,Roy,31
CT,M,1935,Bernard,30
CT,M,1935,Bruce,30
CT,M,1935,Jack,30
CT,M,1935,Leo,29
CT,M,1935,Edwin,28
CT,M,1935,Martin,28
CT,M,1935,Clifford,24
CT,M,1935,Wayne,24
CT,M,1935,Roland,23
CT,M,1935,Warren,23
CT,M,1935,Victor,22
CT,M,1935,Samuel,21
CT,M,1935,Alan,20
CT,M,1935,Benjamin,20
CT,M,1935,Clarence,20
CT,M,1935,Allan,19
CT,M,1935,Angelo,19
CT,M,1935,Chester,19
CT,M,1935,Earl,19
CT,M,1935,Lewis,19
CT,M,1935,Matthew,18
CT,M,1935,Barry,17
CT,M,1935,Leon,17
CT,M,1935,Alexander,16
CT,M,1935,Dennis,16
CT,M,1935,Jerry,16
CT,M,1935,Arnold,15
CT,M,1935,Edmund,15
CT,M,1935,Gary,15
CT,M,1935,Jay,15
CT,M,1935,Larry,15
CT,M,1935,Lee,15
CT,M,1935,Leroy,15
CT,M,1935,Maurice,15
CT,M,1935,Gilbert,14
CT,M,1935,Jerome,14
CT,M,1935,Dominic,13
CT,M,1935,Dominick,13
CT,M,1935,Irving,13
CT,M,1935,Melvin,13
CT,M,1935,Stuart,13
CT,M,1935,Wesley,13
CT,M,1935,Allen,12
CT,M,1935,Gene,12
CT,M,1935,Nelson,12
CT,M,1935,Sebastian,12
CT,M,1935,Terry,12
CT,M,1935,Franklin,11
CT,M,1935,Guy,11
CT,M,1935,Harvey,11
CT,M,1935,Malcolm,11
CT,M,1935,Carmen,10
CT,M,1935,Leslie,10
CT,M,1935,Patrick,10
CT,M,1935,Patsy,10
CT,M,1935,Rene,10
CT,M,1935,Rudolph,10
CT,M,1935,Joe,9
CT,M,1935,Mark,9
CT,M,1935,Milton,9
CT,M,1935,Morton,9
CT,M,1935,Normand,9
CT,M,1935,Phillip,9
CT,M,1935,Steven,9
CT,M,1935,Tony,9
CT,M,1935,Wilfred,9
CT,M,1935,Alvin,8
CT,M,1935,Armand,8
CT,M,1935,Brian,8
CT,M,1935,Burton,8
CT,M,1935,Edgar,8
CT,M,1935,Gerard,8
CT,M,1935,Hugh,8
CT,M,1935,Joel,8
CT,M,1935,Jonathan,8
CT,M,1935,Karl,8
CT,M,1935,Lester,8
CT,M,1935,Marvin,8
CT,M,1935,Neil,8
CT,M,1935,Nick,8
CT,M,1935,Ray,8
CT,M,1935,Rocco,8
CT,M,1935,Timothy,8
CT,M,1935,Don,7
CT,M,1935,Edmond,7
CT,M,1935,Floyd,7
CT,M,1935,Gregory,7
CT,M,1935,Julius,7
CT,M,1935,Lucien,7
CT,M,1935,Noel,7
CT,M,1935,Sam,7
CT,M,1935,Santo,7
CT,M,1935,Sidney,7
CT,M,1935,Vito,7
CT,M,1935,Alphonse,6
CT,M,1935,Christopher,6
CT,M,1935,Clayton,6
CT,M,1935,Elmer,6
CT,M,1935,Emil,6
CT,M,1935,Erwin,6
CT,M,1935,Everett,6
CT,M,1935,Fredrick,6
CT,M,1935,Keith,6
CT,M,1935,Laurence,6
CT,M,1935,Marshall,6
CT,M,1935,Pat,6
CT,M,1935,Rodney,6
CT,M,1935,Steve,6
CT,M,1935,Vernon,6
CT,M,1935,Willard,6
CT,M,1935,Alex,5
CT,M,1935,Alton,5
CT,M,1935,Antonio,5
CT,M,1935,Bill,5
CT,M,1935,Billy,5
CT,M,1935,Bob,5
CT,M,1935,Bradford,5
CT,M,1935,Curtis,5
CT,M,1935,Domenic,5
CT,M,1935,Elliott,5
CT,M,1935,Emanuel,5
CT,M,1935,Emile,5
CT,M,1935,Felix,5
CT,M,1935,Gennaro,5
CT,M,1935,Herman,5
CT,M,1935,Kevin,5
CT,M,1935,Marcel,5
CT,M,1935,Mario,5
CT,M,1935,Oliver,5
CT,M,1935,Ted,5
CT,M,1936,Robert,897
CT,M,1936,John,719
CT,M,1936,Richard,601
CT,M,1936,William,503
CT,M,1936,Joseph,395
CT,M,1936,James,381
CT,M,1936,Donald,311
CT,M,1936,Thomas,273
CT,M,1936,Edward,268
CT,M,1936,David,236
CT,M,1936,Charles,234
CT,M,1936,George,226
CT,M,1936,Ronald,220
CT,M,1936,Frank,177
CT,M,1936,Paul,158
CT,M,1936,Raymond,155
CT,M,1936,Michael,146
CT,M,1936,Anthony,143
CT,M,1936,Peter,124
CT,M,1936,Arthur,118
CT,M,1936,Walter,107
CT,M,1936,Francis,104
CT,M,1936,Louis,83
CT,M,1936,Ralph,79
CT,M,1936,Roger,76
CT,M,1936,Kenneth,74
CT,M,1936,Albert,73
CT,M,1936,Fred,70
CT,M,1936,Henry,70
CT,M,1936,Frederick,68
CT,M,1936,Gerald,68
CT,M,1936,Daniel,65
CT,M,1936,Eugene,64
CT,M,1936,Alfred,60
CT,M,1936,Harold,60
CT,M,1936,Philip,60
CT,M,1936,Norman,58
CT,M,1936,Lawrence,56
CT,M,1936,Andrew,55
CT,M,1936,Stanley,55
CT,M,1936,Howard,54
CT,M,1936,Carl,53
CT,M,1936,Harry,50
CT,M,1936,Bruce,44
CT,M,1936,Ernest,42
CT,M,1936,Nicholas,42
CT,M,1936,Stephen,42
CT,M,1936,Vincent,42
CT,M,1936,Salvatore,41
CT,M,1936,Russell,39
CT,M,1936,Martin,38
CT,M,1936,Leonard,37
CT,M,1936,Alan,35
CT,M,1936,Theodore,34
CT,M,1936,Bernard,32
CT,M,1936,Samuel,32
CT,M,1936,Clifford,31
CT,M,1936,Roland,30
CT,M,1936,Gordon,29
CT,M,1936,Earl,27
CT,M,1936,Jack,27
CT,M,1936,Gary,26
CT,M,1936,Herbert,25
CT,M,1936,Leo,25
CT,M,1936,Wayne,24
CT,M,1936,Arnold,23
CT,M,1936,Douglas,23
CT,M,1936,Edwin,23
CT,M,1936,Leon,23
CT,M,1936,Allen,22
CT,M,1936,Victor,22
CT,M,1936,Warren,22
CT,M,1936,Edmund,21
CT,M,1936,Jerry,19
CT,M,1936,Everett,17
CT,M,1936,Joel,17
CT,M,1936,Allan,16
CT,M,1936,Melvin,16
CT,M,1936,Benjamin,15
CT,M,1936,Dominic,15
CT,M,1936,Leroy,15
CT,M,1936,Clarence,14
CT,M,1936,Gilbert,14
CT,M,1936,Harvey,14
CT,M,1936,Maurice,14
CT,M,1936,Angelo,13
CT,M,1936,Christopher,13
CT,M,1936,Dennis,13
CT,M,1936,Gene,13
CT,M,1936,Larry,13
CT,M,1936,Leslie,13
CT,M,1936,Patrick,13
CT,M,1936,Brian,12
CT,M,1936,Franklin,12
CT,M,1936,Gerard,12
CT,M,1936,Hugh,12
CT,M,1936,Jerome,12
CT,M,1936,Nelson,12
CT,M,1936,Barry,11
CT,M,1936,Glenn,11
CT,M,1936,Jon,11
CT,M,1936,Lee,11
CT,M,1936,Malcolm,11
CT,M,1936,Phillip,11
CT,M,1936,Rodney,11
CT,M,1936,Wallace,11
CT,M,1936,Wilfred,11
CT,M,1936,Alex,10
CT,M,1936,Lewis,10
CT,M,1936,Matthew,10
CT,M,1936,Normand,10
CT,M,1936,Armand,9
CT,M,1936,Burton,9
CT,M,1936,Carmen,9
CT,M,1936,Lester,9
CT,M,1936,Pasquale,9
CT,M,1936,Roy,9
CT,M,1936,Sebastian,9
CT,M,1936,Stuart,9
CT,M,1936,Timothy,9
CT,M,1936,Chester,8
CT,M,1936,Emil,8
CT,M,1936,Gregory,8
CT,M,1936,Jonathan,8
CT,M,1936,Mario,8
CT,M,1936,Milton,8
CT,M,1936,Nathaniel,8
CT,M,1936,Rudolph,8
CT,M,1936,Sheldon,8
CT,M,1936,Tony,8
CT,M,1936,Alexander,7
CT,M,1936,Alphonse,7
CT,M,1936,Bill,7
CT,M,1936,Bradford,7
CT,M,1936,Emanuel,7
CT,M,1936,Irving,7
CT,M,1936,Joe,7
CT,M,1936,Lloyd,7
CT,M,1936,Tom,7
CT,M,1936,Vito,7
CT,M,1936,Wesley,7
CT,M,1936,Wilbur,7
CT,M,1936,Alton,6
CT,M,1936,Alvin,6
CT,M,1936,Bob,6
CT,M,1936,Carlton,6
CT,M,1936,Clayton,6
CT,M,1936,Conrad,6
CT,M,1936,Dale,6
CT,M,1936,Dean,6
CT,M,1936,Dominick,6
CT,M,1936,Earle,6
CT,M,1936,Eric,6
CT,M,1936,Floyd,6
CT,M,1936,Mark,6
CT,M,1936,Marshall,6
CT,M,1936,Marvin,6
CT,M,1936,Morton,6
CT,M,1936,Otto,6
CT,M,1936,Rocco,6
CT,M,1936,Scott,6
CT,M,1936,Terry,6
CT,M,1936,Andre,5
CT,M,1936,Carmine,5
CT,M,1936,Chris,5
CT,M,1936,Clinton,5
CT,M,1936,Dave,5
CT,M,1936,Franklyn,5
CT,M,1936,Gabriel,5
CT,M,1936,Horace,5
CT,M,1936,Jay,5
CT,M,1936,Kevin,5
CT,M,1936,Manuel,5
CT,M,1936,Morris,5
CT,M,1936,Neil,5
CT,M,1936,Patsy,5
CT,M,1936,Perry,5
CT,M,1936,Reginald,5
CT,M,1936,Rene,5
CT,M,1936,Rudy,5
CT,M,1936,Sherman,5
CT,M,1936,Steven,5
CT,M,1937,Robert,932
CT,M,1937,John,728
CT,M,1937,Richard,584
CT,M,1937,William,515
CT,M,1937,Joseph,381
CT,M,1937,James,380
CT,M,1937,Edward,304
CT,M,1937,Donald,283
CT,M,1937,David,279
CT,M,1937,Thomas,252
CT,M,1937,Charles,244
CT,M,1937,George,206
CT,M,1937,Raymond,193
CT,M,1937,Michael,174
CT,M,1937,Ronald,174
CT,M,1937,Frank,165
CT,M,1937,Paul,163
CT,M,1937,Anthony,161
CT,M,1937,Peter,148
CT,M,1937,Arthur,114
CT,M,1937,Kenneth,102
CT,M,1937,Walter,99
CT,M,1937,Francis,93
CT,M,1937,Louis,91
CT,M,1937,Ralph,78
CT,M,1937,Gerald,77
CT,M,1937,Albert,76
CT,M,1937,Lawrence,75
CT,M,1937,Daniel,73
CT,M,1937,Roger,70
CT,M,1937,Henry,68
CT,M,1937,Frederick,65
CT,M,1937,Harold,65
CT,M,1937,Philip,64
CT,M,1937,Eugene,61
CT,M,1937,Howard,58
CT,M,1937,Alfred,57
CT,M,1937,Vincent,56
CT,M,1937,Carl,55
CT,M,1937,Norman,54
CT,M,1937,Fred,52
CT,M,1937,Stephen,50
CT,M,1937,Leonard,49
CT,M,1937,Ernest,48
CT,M,1937,Bruce,47
CT,M,1937,Harry,47
CT,M,1937,Russell,47
CT,M,1937,Stanley,44
CT,M,1937,Martin,43
CT,M,1937,Andrew,42
CT,M,1937,Theodore,40
CT,M,1937,Alan,38
CT,M,1937,Leo,30
CT,M,1937,Allen,29
CT,M,1937,Clifford,29
CT,M,1937,Roland,28
CT,M,1937,Salvatore,28
CT,M,1937,Bernard,27
CT,M,1937,Nicholas,27
CT,M,1937,Edwin,26
CT,M,1937,Allan,25
CT,M,1937,Samuel,25
CT,M,1937,Alexander,23
CT,M,1937,Chester,23
CT,M,1937,Herbert,23
CT,M,1937,Jack,23
CT,M,1937,Wayne,23
CT,M,1937,Gordon,22
CT,M,1937,Patrick,22
CT,M,1937,Warren,22
CT,M,1937,Harvey,20
CT,M,1937,Matthew,20
CT,M,1937,Roy,20
CT,M,1937,Victor,20
CT,M,1937,Arnold,19
CT,M,1937,Douglas,19
CT,M,1937,Jerry,19
CT,M,1937,Gary,18
CT,M,1937,Brian,17
CT,M,1937,Larry,17
CT,M,1937,Leon,17
CT,M,1937,Lewis,17
CT,M,1937,Benjamin,16
CT,M,1937,Clarence,16
CT,M,1937,Earl,15
CT,M,1937,Gene,15
CT,M,1937,Joel,15
CT,M,1937,Jon,15
CT,M,1937,Jerome,14
CT,M,1937,Pasquale,14
CT,M,1937,Stuart,14
CT,M,1937,Angelo,13
CT,M,1937,Dennis,13
CT,M,1937,Maurice,13
CT,M,1937,Wesley,13
CT,M,1937,Dominic,12
CT,M,1937,Franklin,12
CT,M,1937,Gerard,12
CT,M,1937,Irving,12
CT,M,1937,Lee,12
CT,M,1937,Leroy,12
CT,M,1937,Mario,12
CT,M,1937,Neil,12
CT,M,1937,Rudolph,12
CT,M,1937,Edmund,11
CT,M,1937,Gilbert,11
CT,M,1937,Phillip,11
CT,M,1937,Steve,11
CT,M,1937,Terry,11
CT,M,1937,Timothy,11
CT,M,1937,Armand,10
CT,M,1937,Barry,10
CT,M,1937,Burton,10
CT,M,1937,Lester,10
CT,M,1937,Lloyd,10
CT,M,1937,Milton,10
CT,M,1937,Sebastian,10
CT,M,1937,Sidney,10
CT,M,1937,Willard,10
CT,M,1937,Carmine,9
CT,M,1937,Craig,9
CT,M,1937,Dale,9
CT,M,1937,Dominick,9
CT,M,1937,Glenn,9
CT,M,1937,Mark,9
CT,M,1937,Melvin,9
CT,M,1937,Wallace,9
CT,M,1937,Carmen,8
CT,M,1937,Christopher,8
CT,M,1937,Emil,8
CT,M,1937,Floyd,8
CT,M,1937,Gregory,8
CT,M,1937,Hubert,8
CT,M,1937,Marvin,8
CT,M,1937,Myron,8
CT,M,1937,Patsy,8
CT,M,1937,Ray,8
CT,M,1937,Wilfred,8
CT,M,1937,Bob,7
CT,M,1937,Dean,7
CT,M,1937,Domenic,7
CT,M,1937,Guy,7
CT,M,1937,Herman,7
CT,M,1937,Jonathan,7
CT,M,1937,Malcolm,7
CT,M,1937,Noel,7
CT,M,1937,Oliver,7
CT,M,1937,Rodney,7
CT,M,1937,Alex,6
CT,M,1937,Andre,6
CT,M,1937,Clayton,6
CT,M,1937,Eric,6
CT,M,1937,Felix,6
CT,M,1937,Karl,6
CT,M,1937,Keith,6
CT,M,1937,Kurt,6
CT,M,1937,Laurence,6
CT,M,1937,Manuel,6
CT,M,1937,Marshall,6
CT,M,1937,Nelson,6
CT,M,1937,Normand,6
CT,M,1937,Reginald,6
CT,M,1937,Sherwood,6
CT,M,1937,Aaron,5
CT,M,1937,Bill,5
CT,M,1937,Claude,5
CT,M,1937,Conrad,5
CT,M,1937,Curtis,5
CT,M,1937,Dwight,5
CT,M,1937,Earle,5
CT,M,1937,Edgar,5
CT,M,1937,Edmond,5
CT,M,1937,Everett,5
CT,M,1937,Fredrick,5
CT,M,1937,Hugh,5
CT,M,1937,Joan,5
CT,M,1937,Morris,5
CT,M,1937,Neal,5
CT,M,1937,Randall,5
CT,M,1937,Rene,5
CT,M,1937,Roderick,5
CT,M,1937,Steven,5
CT,M,1937,Ted,5
CT,M,1937,Thaddeus,5
CT,M,1937,Tony,5
CT,M,1937,Wilbur,5
CT,M,1938,Robert,946
CT,M,1938,John,761
CT,M,1938,Richard,584
CT,M,1938,William,524
CT,M,1938,James,430
CT,M,1938,Joseph,401
CT,M,1938,David,308
CT,M,1938,Donald,279
CT,M,1938,Thomas,269
CT,M,1938,Edward,265
CT,M,1938,George,254
CT,M,1938,Charles,236
CT,M,1938,Ronald,213
CT,M,1938,Michael,209
CT,M,1938,Anthony,184
CT,M,1938,Raymond,170
CT,M,1938,Paul,169
CT,M,1938,Frank,167
CT,M,1938,Peter,166
CT,M,1938,Kenneth,115
CT,M,1938,Francis,110
CT,M,1938,Arthur,103
CT,M,1938,Walter,92
CT,M,1938,Albert,90
CT,M,1938,Daniel,90
CT,M,1938,Louis,89
CT,M,1938,Roger,84
CT,M,1938,Lawrence,80
CT,M,1938,Gerald,76
CT,M,1938,Alfred,72
CT,M,1938,Henry,71
CT,M,1938,Philip,69
CT,M,1938,Frederick,68
CT,M,1938,Ralph,68
CT,M,1938,Stephen,63
CT,M,1938,Vincent,63
CT,M,1938,Carl,62
CT,M,1938,Andrew,59
CT,M,1938,Fred,59
CT,M,1938,Harold,57
CT,M,1938,Norman,57
CT,M,1938,Eugene,54
CT,M,1938,Ernest,53
CT,M,1938,Howard,52
CT,M,1938,Martin,52
CT,M,1938,Stanley,52
CT,M,1938,Bruce,51
CT,M,1938,Theodore,50
CT,M,1938,Leonard,49
CT,M,1938,Nicholas,47
CT,M,1938,Alan,46
CT,M,1938,Harry,45
CT,M,1938,Russell,35
CT,M,1938,Jack,34
CT,M,1938,Douglas,32
CT,M,1938,Salvatore,30
CT,M,1938,Wayne,30
CT,M,1938,Gary,29
CT,M,1938,Herbert,29
CT,M,1938,Clifford,28
CT,M,1938,Bernard,26
CT,M,1938,Warren,26
CT,M,1938,Leo,25
CT,M,1938,Roy,25
CT,M,1938,Samuel,25
CT,M,1938,Allan,24
CT,M,1938,Dennis,23
CT,M,1938,Edwin,23
CT,M,1938,Roland,23
CT,M,1938,Larry,22
CT,M,1938,Allen,21
CT,M,1938,Earl,21
CT,M,1938,Victor,21
CT,M,1938,Alexander,20
CT,M,1938,Gordon,20
CT,M,1938,Patrick,20
CT,M,1938,Arnold,19
CT,M,1938,Benjamin,17
CT,M,1938,Brian,17
CT,M,1938,Edmund,16
CT,M,1938,Gerard,16
CT,M,1938,Harvey,16
CT,M,1938,Jerry,16
CT,M,1938,Joel,16
CT,M,1938,Jon,16
CT,M,1938,Mark,16
CT,M,1938,Matthew,16
CT,M,1938,Pasquale,16
CT,M,1938,Barry,15
CT,M,1938,Dominic,15
CT,M,1938,Karl,15
CT,M,1938,Timothy,15
CT,M,1938,Angelo,14
CT,M,1938,Neil,14
CT,M,1938,Nelson,14
CT,M,1938,Phillip,14
CT,M,1938,Rodney,14
CT,M,1938,Jerome,13
CT,M,1938,Lee,13
CT,M,1938,Leroy,13
CT,M,1938,Chester,12
CT,M,1938,Everett,12
CT,M,1938,Gregory,12
CT,M,1938,Irving,12
CT,M,1938,Leon,12
CT,M,1938,Lewis,12
CT,M,1938,Malcolm,12
CT,M,1938,Mario,12
CT,M,1938,Milton,12
CT,M,1938,Alvin,11
CT,M,1938,Clayton,11
CT,M,1938,Guy,11
CT,M,1938,Stuart,11
CT,M,1938,Dominick,10
CT,M,1938,Edgar,10
CT,M,1938,Emil,10
CT,M,1938,Franklin,10
CT,M,1938,Lloyd,10
CT,M,1938,Melvin,10
CT,M,1938,Christopher,9
CT,M,1938,Clarence,9
CT,M,1938,Gilbert,9
CT,M,1938,Lester,9
CT,M,1938,Marshall,9
CT,M,1938,Maurice,9
CT,M,1938,Normand,9
CT,M,1938,Rudolph,9
CT,M,1938,Steve,9
CT,M,1938,Tony,9
CT,M,1938,Burton,8
CT,M,1938,Calvin,8
CT,M,1938,Cornelius,8
CT,M,1938,Floyd,8
CT,M,1938,Gene,8
CT,M,1938,Herman,8
CT,M,1938,Hugh,8
CT,M,1938,Jeffrey,8
CT,M,1938,Kevin,8
CT,M,1938,Leslie,8
CT,M,1938,Patsy,8
CT,M,1938,Rocco,8
CT,M,1938,Wesley,8
CT,M,1938,Andre,7
CT,M,1938,Dale,7
CT,M,1938,Domenic,7
CT,M,1938,Jay,7
CT,M,1938,Joe,7
CT,M,1938,Ray,7
CT,M,1938,Steven,7
CT,M,1938,Ted,7
CT,M,1938,Antonio,6
CT,M,1938,Bradford,6
CT,M,1938,Carmen,6
CT,M,1938,Conrad,6
CT,M,1938,Craig,6
CT,M,1938,Danny,6
CT,M,1938,Dean,6
CT,M,1938,Don,6
CT,M,1938,Glenn,6
CT,M,1938,Laurence,6
CT,M,1938,Marvin,6
CT,M,1938,Nathan,6
CT,M,1938,Noel,6
CT,M,1938,Rene,6
CT,M,1938,Sebastian,6
CT,M,1938,Sidney,6
CT,M,1938,Terrence,6
CT,M,1938,Terry,6
CT,M,1938,Alphonse,5
CT,M,1938,Armand,5
CT,M,1938,Bill,5
CT,M,1938,Clifton,5
CT,M,1938,Clyde,5
CT,M,1938,Dave,5
CT,M,1938,Earle,5
CT,M,1938,Edmond,5
CT,M,1938,Elmer,5
CT,M,1938,Elton,5
CT,M,1938,Emile,5
CT,M,1938,Garrett,5
CT,M,1938,Jacob,5
CT,M,1938,Jesse,5
CT,M,1938,Lyman,5
CT,M,1938,Manuel,5
CT,M,1938,Myron,5
CT,M,1938,Nick,5
CT,M,1938,Sam,5
CT,M,1938,Wallace,5
CT,M,1938,Wilfred,5
CT,M,1938,Willis,5
CT,M,1939,Robert,878
CT,M,1939,John,760
CT,M,1939,Richard,663
CT,M,1939,William,540
CT,M,1939,James,417
CT,M,1939,Joseph,394
CT,M,1939,Thomas,300
CT,M,1939,David,296
CT,M,1939,Edward,279
CT,M,1939,Donald,268
CT,M,1939,Charles,241
CT,M,1939,George,240
CT,M,1939,Ronald,213
CT,M,1939,Michael,190
CT,M,1939,Frank,189
CT,M,1939,Peter,182
CT,M,1939,Raymond,175
CT,M,1939,Anthony,148
CT,M,1939,Paul,139
CT,M,1939,Kenneth,113
CT,M,1939,Francis,112
CT,M,1939,Walter,99
CT,M,1939,Arthur,95
CT,M,1939,Gerald,94
CT,M,1939,Albert,90
CT,M,1939,Roger,88
CT,M,1939,Louis,84
CT,M,1939,Ralph,78
CT,M,1939,Daniel,75
CT,M,1939,Henry,73
CT,M,1939,Lawrence,70
CT,M,1939,Harold,66
CT,M,1939,Bruce,65
CT,M,1939,Stephen,64
CT,M,1939,Frederick,62
CT,M,1939,Alan,61
CT,M,1939,Eugene,58
CT,M,1939,Fred,56
CT,M,1939,Norman,55
CT,M,1939,Stanley,55
CT,M,1939,Andrew,54
CT,M,1939,Philip,54
CT,M,1939,Vincent,54
CT,M,1939,Alfred,53
CT,M,1939,Wayne,51
CT,M,1939,Howard,48
CT,M,1939,Leonard,48
CT,M,1939,Dennis,47
CT,M,1939,Carl,46
CT,M,1939,Gary,44
CT,M,1939,Harry,44
CT,M,1939,Theodore,43
CT,M,1939,Salvatore,38
CT,M,1939,Patrick,37
CT,M,1939,Russell,36
CT,M,1939,Ernest,34
CT,M,1939,Bernard,30
CT,M,1939,Allan,29
CT,M,1939,Jack,29
CT,M,1939,Martin,28
CT,M,1939,Earl,27
CT,M,1939,Nicholas,27
CT,M,1939,Victor,27
CT,M,1939,Arnold,26
CT,M,1939,Brian,26
CT,M,1939,Douglas,25
CT,M,1939,Lee,25
CT,M,1939,Warren,25
CT,M,1939,Allen,24
CT,M,1939,Jerry,24
CT,M,1939,Roy,24
CT,M,1939,Angelo,22
CT,M,1939,Clifford,22
CT,M,1939,Herbert,22
CT,M,1939,Barry,20
CT,M,1939,Edmund,20
CT,M,1939,Leon,20
CT,M,1939,Samuel,20
CT,M,1939,Alexander,19
CT,M,1939,Edwin,17
CT,M,1939,Joel,17
CT,M,1939,Jon,17
CT,M,1939,Steven,17
CT,M,1939,Gordon,16
CT,M,1939,Harvey,16
CT,M,1939,Larry,16
CT,M,1939,Roland,16
CT,M,1939,Jerome,15
CT,M,1939,Leo,15
CT,M,1939,Matthew,15
CT,M,1939,Timothy,15
CT,M,1939,Benjamin,14
CT,M,1939,Glenn,14
CT,M,1939,Mark,14
CT,M,1939,Melvin,14
CT,M,1939,Rodney,14
CT,M,1939,Craig,13
CT,M,1939,Dale,13
CT,M,1939,Gene,13
CT,M,1939,Guy,13
CT,M,1939,Leroy,13
CT,M,1939,Lester,13
CT,M,1939,Lewis,13
CT,M,1939,Christopher,12
CT,M,1939,Dominic,12
CT,M,1939,Everett,12
CT,M,1939,Gerard,12
CT,M,1939,Joe,12
CT,M,1939,Malcolm,12
CT,M,1939,Phillip,12
CT,M,1939,Terry,12
CT,M,1939,Jay,11
CT,M,1939,Jonathan,11
CT,M,1939,Kevin,11
CT,M,1939,Laurence,11
CT,M,1939,Neil,11
CT,M,1939,Wilfred,11
CT,M,1939,Bob,10
CT,M,1939,Hugh,10
CT,M,1939,Jeffrey,10
CT,M,1939,Karl,10
CT,M,1939,Maurice,10
CT,M,1939,Pasquale,10
CT,M,1939,Sebastian,10
CT,M,1939,Armand,9
CT,M,1939,Chester,9
CT,M,1939,Floyd,9
CT,M,1939,Gilbert,9
CT,M,1939,Leslie,9
CT,M,1939,Lloyd,9
CT,M,1939,Milton,9
CT,M,1939,Rene,9
CT,M,1939,Rocco,9
CT,M,1939,Steve,9
CT,M,1939,Wesley,9
CT,M,1939,Bradford,8
CT,M,1939,Dominick,8
CT,M,1939,Frederic,8
CT,M,1939,Irving,8
CT,M,1939,Marshall,8
CT,M,1939,Marvin,8
CT,M,1939,Patsy,8
CT,M,1939,Rudolph,8
CT,M,1939,Stuart,8
CT,M,1939,Tony,8
CT,M,1939,Wallace,8
CT,M,1939,Alphonse,7
CT,M,1939,Burton,7
CT,M,1939,Carmen,7
CT,M,1939,Clarence,7
CT,M,1939,Claude,7
CT,M,1939,Earle,7
CT,M,1939,Eric,7
CT,M,1939,Franklin,7
CT,M,1939,Fredrick,7
CT,M,1939,Alvin,6
CT,M,1939,Billy,6
CT,M,1939,Carroll,6
CT,M,1939,Colin,6
CT,M,1939,Edgar,6
CT,M,1939,Felix,6
CT,M,1939,Gregory,6
CT,M,1939,Jim,6
CT,M,1939,Jimmy,6
CT,M,1939,Mario,6
CT,M,1939,Norbert,6
CT,M,1939,Vernon,6
CT,M,1939,Willard,6
CT,M,1939,Alex,5
CT,M,1939,Andre,5
CT,M,1939,Calvin,5
CT,M,1939,Carmine,5
CT,M,1939,Clayton,5
CT,M,1939,Curtis,5
CT,M,1939,Domenic,5
CT,M,1939,Eddie,5
CT,M,1939,Elliott,5
CT,M,1939,Emil,5
CT,M,1939,Glen,5
CT,M,1939,Jeremiah,5
CT,M,1939,Jesse,5
CT,M,1939,Johnny,5
CT,M,1939,Morris,5
CT,M,1939,Neal,5
CT,M,1939,Sherman,5
CT,M,1939,Ted,5
CT,M,1939,Terrence,5
CT,M,1939,Tom,5
CT,M,1939,Tommy,5
CT,M,1939,Willis,5
CT,M,1940,Robert,948
CT,M,1940,John,821
CT,M,1940,Richard,719
CT,M,1940,William,578
CT,M,1940,Joseph,416
CT,M,1940,James,415
CT,M,1940,David,368
CT,M,1940,Thomas,320
CT,M,1940,Edward,280
CT,M,1940,Donald,260
CT,M,1940,George,247
CT,M,1940,Michael,221
CT,M,1940,Charles,219
CT,M,1940,Ronald,214
CT,M,1940,Paul,201
CT,M,1940,Peter,201
CT,M,1940,Raymond,183
CT,M,1940,Frank,175
CT,M,1940,Anthony,147
CT,M,1940,Kenneth,119
CT,M,1940,Arthur,117
CT,M,1940,Francis,105
CT,M,1940,Roger,101
CT,M,1940,Frederick,96
CT,M,1940,Walter,94
CT,M,1940,Gerald,90
CT,M,1940,Stephen,90
CT,M,1940,Louis,88
CT,M,1940,Bruce,86
CT,M,1940,Lawrence,85
CT,M,1940,Albert,84
CT,M,1940,Daniel,84
CT,M,1940,Henry,77
CT,M,1940,Ralph,75
CT,M,1940,Philip,64
CT,M,1940,Carl,63
CT,M,1940,Ernest,58
CT,M,1940,Andrew,57
CT,M,1940,Howard,56
CT,M,1940,Dennis,55
CT,M,1940,Harry,55
CT,M,1940,Eugene,54
CT,M,1940,Norman,53
CT,M,1940,Vincent,53
CT,M,1940,Alan,52
CT,M,1940,Fred,52
CT,M,1940,Harold,51
CT,M,1940,Leonard,49
CT,M,1940,Theodore,47
CT,M,1940,Wayne,47
CT,M,1940,Nicholas,46
CT,M,1940,Stanley,46
CT,M,1940,Alfred,45
CT,M,1940,Gary,45
CT,M,1940,Brian,41
CT,M,1940,Jack,38
CT,M,1940,Russell,38
CT,M,1940,Allan,35
CT,M,1940,Douglas,35
CT,M,1940,Barry,34
CT,M,1940,Martin,34
CT,M,1940,Larry,30
CT,M,1940,Clifford,29
CT,M,1940,Bernard,26
CT,M,1940,Mark,26
CT,M,1940,Samuel,26
CT,M,1940,Timothy,26
CT,M,1940,Patrick,25
CT,M,1940,Roy,24
CT,M,1940,Alexander,23
CT,M,1940,Edmund,21
CT,M,1940,Edwin,21
CT,M,1940,Jerry,21
CT,M,1940,Leo,21
CT,M,1940,Victor,21
CT,M,1940,Arnold,20
CT,M,1940,Joel,20
CT,M,1940,Neil,20
CT,M,1940,Roland,20
CT,M,1940,Herbert,19
CT,M,1940,Salvatore,19
CT,M,1940,Stuart,19
CT,M,1940,Guy,18
CT,M,1940,Maurice,18
CT,M,1940,Steven,18
CT,M,1940,Warren,18
CT,M,1940,Clarence,17
CT,M,1940,Gordon,17
CT,M,1940,Jon,17
CT,M,1940,Allen,16
CT,M,1940,Eric,16
CT,M,1940,Gilbert,16
CT,M,1940,Jeffrey,16
CT,M,1940,Jerome,16
CT,M,1940,Leon,16
CT,M,1940,Christopher,15
CT,M,1940,Gregory,15
CT,M,1940,Lewis,15
CT,M,1940,Glenn,14
CT,M,1940,Lee,14
CT,M,1940,Wilfred,14
CT,M,1940,Burton,13
CT,M,1940,Harvey,13
CT,M,1940,Benjamin,12
CT,M,1940,Earl,12
CT,M,1940,Franklin,12
CT,M,1940,Irving,12
CT,M,1940,Joe,12
CT,M,1940,Melvin,12
CT,M,1940,Armand,11
CT,M,1940,Gene,11
CT,M,1940,Keith,11
CT,M,1940,Phillip,11
CT,M,1940,Chester,10
CT,M,1940,Edgar,10
CT,M,1940,Jonathan,10
CT,M,1940,Laurence,10
CT,M,1940,Matthew,10
CT,M,1940,Pasquale,10
CT,M,1940,Wallace,10
CT,M,1940,Dominick,9
CT,M,1940,Elmer,9
CT,M,1940,Jay,9
CT,M,1940,Jim,9
CT,M,1940,Leroy,9
CT,M,1940,Leslie,9
CT,M,1940,Ray,9
CT,M,1940,Rodney,9
CT,M,1940,Steve,9
CT,M,1940,Terry,9
CT,M,1940,Don,8
CT,M,1940,Gerard,8
CT,M,1940,Jean,8
CT,M,1940,Karl,8
CT,M,1940,Lester,8
CT,M,1940,Lloyd,8
CT,M,1940,Lynn,8
CT,M,1940,Marvin,8
CT,M,1940,Nathan,8
CT,M,1940,Ronnie,8
CT,M,1940,Tom,8
CT,M,1940,Alex,7
CT,M,1940,Alphonse,7
CT,M,1940,Bill,7
CT,M,1940,Charlie,7
CT,M,1940,Eddie,7
CT,M,1940,Julian,7
CT,M,1940,Kevin,7
CT,M,1940,Nelson,7
CT,M,1940,Wendell,7
CT,M,1940,Willard,7
CT,M,1940,Angelo,6
CT,M,1940,Carlton,6
CT,M,1940,Craig,6
CT,M,1940,Dave,6
CT,M,1940,Denis,6
CT,M,1940,Domenic,6
CT,M,1940,Dominic,6
CT,M,1940,Edmond,6
CT,M,1940,Fredrick,6
CT,M,1940,Hugh,6
CT,M,1940,Kurt,6
CT,M,1940,Marc,6
CT,M,1940,Mario,6
CT,M,1940,Sherwood,6
CT,M,1940,Vernon,6
CT,M,1940,Allyn,5
CT,M,1940,Alvin,5
CT,M,1940,Bruno,5
CT,M,1940,Byron,5
CT,M,1940,Calvin,5
CT,M,1940,Chris,5
CT,M,1940,Clement,5
CT,M,1940,Clyde,5
CT,M,1940,Conrad,5
CT,M,1940,Curtis,5
CT,M,1940,Danny,5
CT,M,1940,Dean,5
CT,M,1940,Emanuel,5
CT,M,1940,Emil,5
CT,M,1940,Frederic,5
CT,M,1940,Geoffrey,5
CT,M,1940,Herman,5
CT,M,1940,Jerald,5
CT,M,1940,Jesse,5
CT,M,1940,Johnny,5
CT,M,1940,Kent,5
CT,M,1940,Manuel,5
CT,M,1940,Marshall,5
CT,M,1940,Mike,5
CT,M,1940,Morris,5
CT,M,1940,Pierre,5
CT,M,1940,Rene,5
CT,M,1940,Rudolph,5
CT,M,1940,Sherman,5
CT,M,1940,Terrence,5
CT,M,1940,Thaddeus,5
CT,M,1940,Tony,5
CT,M,1941,Robert,1066
CT,M,1941,John,875
CT,M,1941,Richard,727
CT,M,1941,William,650
CT,M,1941,James,505
CT,M,1941,Joseph,436
CT,M,1941,David,424
CT,M,1941,Thomas,366
CT,M,1941,Edward,333
CT,M,1941,Ronald,298
CT,M,1941,George,291
CT,M,1941,Peter,287
CT,M,1941,Charles,275
CT,M,1941,Donald,270
CT,M,1941,Paul,267
CT,M,1941,Michael,259
CT,M,1941,Frank,208
CT,M,1941,Raymond,206
CT,M,1941,Anthony,182
CT,M,1941,Kenneth,167
CT,M,1941,Daniel,133
CT,M,1941,Arthur,132
CT,M,1941,Louis,122
CT,M,1941,Gerald,116
CT,M,1941,Stephen,108
CT,M,1941,Albert,105
CT,M,1941,Frederick,104
CT,M,1941,Francis,100
CT,M,1941,Walter,98
CT,M,1941,Henry,95
CT,M,1941,Roger,94
CT,M,1941,Bruce,83
CT,M,1941,Harold,82
CT,M,1941,Lawrence,80
CT,M,1941,Philip,80
CT,M,1941,Carl,78
CT,M,1941,Dennis,73
CT,M,1941,Vincent,73
CT,M,1941,Gary,72
CT,M,1941,Stanley,72
CT,M,1941,Fred,70
CT,M,1941,Ralph,70
CT,M,1941,Howard,66
CT,M,1941,Leonard,64
CT,M,1941,Eugene,61
CT,M,1941,Alan,58
CT,M,1941,Douglas,56
CT,M,1941,Norman,54
CT,M,1941,Andrew,52
CT,M,1941,Alfred,51
CT,M,1941,Theodore,51
CT,M,1941,Wayne,51
CT,M,1941,Barry,48
CT,M,1941,Brian,48
CT,M,1941,Harry,48
CT,M,1941,Russell,47
CT,M,1941,Ernest,46
CT,M,1941,Bernard,40
CT,M,1941,Nicholas,39
CT,M,1941,Allen,36
CT,M,1941,Larry,35
CT,M,1941,Martin,33
CT,M,1941,Jeffrey,32
CT,M,1941,Salvatore,32
CT,M,1941,Gordon,30
CT,M,1941,Edwin,29
CT,M,1941,Jack,29
CT,M,1941,Patrick,29
CT,M,1941,Timothy,29
CT,M,1941,Clifford,28
CT,M,1941,Leo,28
CT,M,1941,Edmund,26
CT,M,1941,Allan,25
CT,M,1941,Gerard,25
CT,M,1941,Mark,25
CT,M,1941,Samuel,25
CT,M,1941,Warren,25
CT,M,1941,Lee,24
CT,M,1941,Roy,24
CT,M,1941,Gene,23
CT,M,1941,Lewis,23
CT,M,1941,Steven,23
CT,M,1941,Earl,22
CT,M,1941,Jerry,22
CT,M,1941,Alexander,21
CT,M,1941,Benjamin,21
CT,M,1941,Herbert,21
CT,M,1941,Leon,21
CT,M,1941,Christopher,20
CT,M,1941,Joel,20
CT,M,1941,Jonathan,20
CT,M,1941,Steve,19
CT,M,1941,Victor,19
CT,M,1941,Gilbert,18
CT,M,1941,Gregory,18
CT,M,1941,Jay,18
CT,M,1941,Kevin,18
CT,M,1941,Stuart,18
CT,M,1941,Angelo,17
CT,M,1941,Arnold,17
CT,M,1941,Everett,17
CT,M,1941,Jon,17
CT,M,1941,Leslie,17
CT,M,1941,Matthew,17
CT,M,1941,Phillip,17
CT,M,1941,Roland,17
CT,M,1941,Eric,16
CT,M,1941,Dominic,15
CT,M,1941,Dominick,15
CT,M,1941,Lloyd,15
CT,M,1941,Jerome,14
CT,M,1941,Maurice,14
CT,M,1941,Pasquale,14
CT,M,1941,Burton,13
CT,M,1941,Chester,13
CT,M,1941,Guy,13
CT,M,1941,Neil,13
CT,M,1941,Wesley,13
CT,M,1941,Clarence,12
CT,M,1941,Harvey,12
CT,M,1941,Keith,12
CT,M,1941,Ray,12
CT,M,1941,Terry,12
CT,M,1941,Bill,11
CT,M,1941,Curtis,11
CT,M,1941,Jean,11
CT,M,1941,Nelson,11
CT,M,1941,Wallace,11
CT,M,1941,Craig,10
CT,M,1941,Don,10
CT,M,1941,Hugh,10
CT,M,1941,Karl,10
CT,M,1941,Laurence,10
CT,M,1941,Leroy,10
CT,M,1941,Lester,10
CT,M,1941,Wilfred,10
CT,M,1941,Alphonse,9
CT,M,1941,Claude,9
CT,M,1941,Clayton,9
CT,M,1941,Dean,9
CT,M,1941,Earle,9
CT,M,1941,Edgar,9
CT,M,1941,Geoffrey,9
CT,M,1941,Marc,9
CT,M,1941,Ronnie,9
CT,M,1941,Sidney,9
CT,M,1941,Terrence,9
CT,M,1941,Alex,8
CT,M,1941,Andre,8
CT,M,1941,Carmen,8
CT,M,1941,Christian,8
CT,M,1941,Dave,8
CT,M,1941,Eddie,8
CT,M,1941,Emil,8
CT,M,1941,Glenn,8
CT,M,1941,Jesse,8
CT,M,1941,Jim,8
CT,M,1941,Rene,8
CT,M,1941,Tony,8
CT,M,1941,Armand,7
CT,M,1941,Bob,7
CT,M,1941,Calvin,7
CT,M,1941,Clyde,7
CT,M,1941,Edmond,7
CT,M,1941,Franklin,7
CT,M,1941,Joe,7
CT,M,1941,Marcel,7
CT,M,1941,Marshall,7
CT,M,1941,Marvin,7
CT,M,1941,Melvin,7
CT,M,1941,Mike,7
CT,M,1941,Neal,7
CT,M,1941,Reginald,7
CT,M,1941,Rodney,7
CT,M,1941,Rudolph,7
CT,M,1941,Terence,7
CT,M,1941,Anton,6
CT,M,1941,Bryan,6
CT,M,1941,Carlton,6
CT,M,1941,Clinton,6
CT,M,1941,Dale,6
CT,M,1941,Dan,6
CT,M,1941,Emile,6
CT,M,1941,Fredrick,6
CT,M,1941,Jimmy,6
CT,M,1941,Kent,6
CT,M,1941,Kurt,6
CT,M,1941,Lionel,6
CT,M,1941,Lucien,6
CT,M,1941,Malcolm,6
CT,M,1941,Milton,6
CT,M,1941,Nick,6
CT,M,1941,Sebastian,6
CT,M,1941,Tom,6
CT,M,1941,Vito,6
CT,M,1941,Carleton,5
CT,M,1941,Conrad,5
CT,M,1941,Denis,5
CT,M,1941,Duncan,5
CT,M,1941,Elmer,5
CT,M,1941,Frederic,5
CT,M,1941,Herman,5
CT,M,1941,Luther,5
CT,M,1941,Marco,5
CT,M,1941,Melvyn,5
CT,M,1941,Noel,5
CT,M,1941,Normand,5
CT,M,1941,Oscar,5
CT,M,1941,Patsy,5
CT,M,1941,Rocco,5
CT,M,1942,Robert,1241
CT,M,1942,John,1138
CT,M,1942,Richard,966
CT,M,1942,William,854
CT,M,1942,James,719
CT,M,1942,Joseph,562
CT,M,1942,Thomas,558
CT,M,1942,David,530
CT,M,1942,Edward,429
CT,M,1942,Michael,390
CT,M,1942,George,362
CT,M,1942,Ronald,362
CT,M,1942,Charles,353
CT,M,1942,Paul,315
CT,M,1942,Peter,300
CT,M,1942,Donald,293
CT,M,1942,Raymond,256
CT,M,1942,Frank,251
CT,M,1942,Anthony,224
CT,M,1942,Kenneth,202
CT,M,1942,Arthur,174
CT,M,1942,Stephen,164
CT,M,1942,Walter,164
CT,M,1942,Francis,152
CT,M,1942,Daniel,146
CT,M,1942,Philip,142
CT,M,1942,Gerald,134
CT,M,1942,Dennis,130
CT,M,1942,Gary,127
CT,M,1942,Roger,125
CT,M,1942,Albert,120
CT,M,1942,Louis,117
CT,M,1942,Bruce,113
CT,M,1942,Lawrence,111
CT,M,1942,Henry,105
CT,M,1942,Frederick,104
CT,M,1942,Ralph,100
CT,M,1942,Fred,98
CT,M,1942,Douglas,93
CT,M,1942,Carl,92
CT,M,1942,Vincent,89
CT,M,1942,Harold,82
CT,M,1942,Andrew,81
CT,M,1942,Stanley,81
CT,M,1942,Alan,72
CT,M,1942,Norman,72
CT,M,1942,Howard,70
CT,M,1942,Russell,70
CT,M,1942,Eugene,68
CT,M,1942,Alfred,66
CT,M,1942,Theodore,66
CT,M,1942,Brian,65
CT,M,1942,Nicholas,64
CT,M,1942,Wayne,64
CT,M,1942,Harry,61
CT,M,1942,Martin,60
CT,M,1942,Barry,59
CT,M,1942,Jeffrey,59
CT,M,1942,Allen,48
CT,M,1942,Ernest,48
CT,M,1942,Jack,48
CT,M,1942,Mark,47
CT,M,1942,Leonard,45
CT,M,1942,Steven,45
CT,M,1942,Bernard,42
CT,M,1942,Timothy,42
CT,M,1942,Herbert,40
CT,M,1942,Roy,40
CT,M,1942,Jerry,39
CT,M,1942,Patrick,39
CT,M,1942,Victor,39
CT,M,1942,Alexander,37
CT,M,1942,Allan,37
CT,M,1942,Larry,34
CT,M,1942,Clifford,33
CT,M,1942,Salvatore,33
CT,M,1942,Edwin,32
CT,M,1942,Lee,30
CT,M,1942,Gordon,29
CT,M,1942,Gerard,28
CT,M,1942,Leon,27
CT,M,1942,Roland,27
CT,M,1942,Joel,26
CT,M,1942,Christopher,24
CT,M,1942,Earl,24
CT,M,1942,Gene,24
CT,M,1942,Kevin,24
CT,M,1942,Phillip,24
CT,M,1942,Samuel,24
CT,M,1942,Jon,23
CT,M,1942,Leo,23
CT,M,1942,Leroy,23
CT,M,1942,Malcolm,23
CT,M,1942,Jerome,22
CT,M,1942,Everett,21
CT,M,1942,Franklin,21
CT,M,1942,Harvey,21
CT,M,1942,Warren,21
CT,M,1942,Arnold,20
CT,M,1942,Chester,20
CT,M,1942,Gregory,20
CT,M,1942,Matthew,20
CT,M,1942,Angelo,19
CT,M,1942,Don,19
CT,M,1942,Edmund,19
CT,M,1942,Gilbert,19
CT,M,1942,Leslie,19
CT,M,1942,Terry,19
CT,M,1942,Benjamin,18
CT,M,1942,Dominic,18
CT,M,1942,Eric,18
CT,M,1942,Jay,18
CT,M,1942,Jonathan,18
CT,M,1942,Lewis,18
CT,M,1942,Milton,18
CT,M,1942,Pasquale,18
CT,M,1942,Karl,17
CT,M,1942,Armand,16
CT,M,1942,Guy,16
CT,M,1942,Marshall,16
CT,M,1942,Stuart,16
CT,M,1942,Dominick,15
CT,M,1942,Laurence,15
CT,M,1942,Lloyd,15
CT,M,1942,Steve,15
CT,M,1942,Bill,14
CT,M,1942,Burton,14
CT,M,1942,Craig,14
CT,M,1942,Maurice,14
CT,M,1942,Nelson,14
CT,M,1942,Rocco,14
CT,M,1942,Tom,14
CT,M,1942,Wesley,14
CT,M,1942,Wilfred,14
CT,M,1942,Floyd,13
CT,M,1942,Glenn,13
CT,M,1942,Hugh,13
CT,M,1942,Joe,13
CT,M,1942,Sebastian,13
CT,M,1942,Clarence,12
CT,M,1942,Melvin,12
CT,M,1942,Bob,11
CT,M,1942,Jim,11
CT,M,1942,Ronnie,11
CT,M,1942,Wallace,11
CT,M,1942,Alex,10
CT,M,1942,Bryan,10
CT,M,1942,Dale,10
CT,M,1942,Edmond,10
CT,M,1942,Frederic,10
CT,M,1942,Keith,10
CT,M,1942,Kurt,10
CT,M,1942,Lester,10
CT,M,1942,Alphonse,9
CT,M,1942,Bradford,9
CT,M,1942,Carmen,9
CT,M,1942,Conrad,9
CT,M,1942,Irving,9
CT,M,1942,Kent,9
CT,M,1942,Marvin,9
CT,M,1942,Neil,9
CT,M,1942,Rodney,9
CT,M,1942,Rudolph,9
CT,M,1942,Sidney,9
CT,M,1942,Terrence,9
CT,M,1942,Willard,9
CT,M,1942,Andre,8
CT,M,1942,Domenic,8
CT,M,1942,Fredrick,8
CT,M,1942,Geoffrey,8
CT,M,1942,Mike,8
CT,M,1942,Mitchell,8
CT,M,1942,Myron,8
CT,M,1942,Neal,8
CT,M,1942,Pat,8
CT,M,1942,Ray,8
CT,M,1942,Tommy,8
CT,M,1942,Tony,8
CT,M,1942,Wilson,8
CT,M,1942,Alvin,7
CT,M,1942,August,7
CT,M,1942,Danny,7
CT,M,1942,Denis,7
CT,M,1942,Duncan,7
CT,M,1942,Eddie,7
CT,M,1942,Glen,7
CT,M,1942,Julius,7
CT,M,1942,Manuel,7
CT,M,1942,Ross,7
CT,M,1942,Sanford,7
CT,M,1942,Spencer,7
CT,M,1942,Stewart,7
CT,M,1942,Wendell,7
CT,M,1942,Alton,6
CT,M,1942,Chris,6
CT,M,1942,Clement,6
CT,M,1942,Clifton,6
CT,M,1942,Curtis,6
CT,M,1942,Elliot,6
CT,M,1942,Felix,6
CT,M,1942,Jean,6
CT,M,1942,Jerrold,6
CT,M,1942,Lincoln,6
CT,M,1942,Lionel,6
CT,M,1942,Nathan,6
CT,M,1942,Noel,6
CT,M,1942,Randall,6
CT,M,1942,Randolph,6
CT,M,1942,Ted,6
CT,M,1942,Bert,5
CT,M,1942,Carleton,5
CT,M,1942,Carmine,5
CT,M,1942,Clayton,5
CT,M,1942,Clyde,5
CT,M,1942,Dave,5
CT,M,1942,Duane,5
CT,M,1942,Dwight,5
CT,M,1942,Edgar,5
CT,M,1942,Elmer,5
CT,M,1942,Emery,5
CT,M,1942,Emil,5
CT,M,1942,Garry,5
CT,M,1942,Herman,5
CT,M,1942,Jacob,5
CT,M,1942,Lance,5
CT,M,1942,Lowell,5
CT,M,1942,Marc,5
CT,M,1942,Morris,5
CT,M,1942,Rene,5
CT,M,1942,Roderick,5
CT,M,1942,Scott,5
CT,M,1942,Ward,5
CT,M,1942,Wilbur,5
CT,M,1942,Willie,5
CT,M,1943,Robert,1310
CT,M,1943,John,1251
CT,M,1943,Richard,1007
CT,M,1943,William,893
CT,M,1943,James,784
CT,M,1943,David,593
CT,M,1943,Thomas,590
CT,M,1943,Joseph,568
CT,M,1943,Michael,455
CT,M,1943,Ronald,408
CT,M,1943,George,395
CT,M,1943,Edward,376
CT,M,1943,Charles,357
CT,M,1943,Peter,349
CT,M,1943,Donald,334
CT,M,1943,Paul,313
CT,M,1943,Raymond,243
CT,M,1943,Kenneth,236
CT,M,1943,Anthony,235
CT,M,1943,Frank,234
CT,M,1943,Arthur,171
CT,M,1943,Gerald,167
CT,M,1943,Stephen,164
CT,M,1943,Dennis,148
CT,M,1943,Gary,148
CT,M,1943,Daniel,146
CT,M,1943,Roger,144
CT,M,1943,Louis,142
CT,M,1943,Francis,139
CT,M,1943,Walter,133
CT,M,1943,Bruce,131
CT,M,1943,Albert,123
CT,M,1943,Philip,123
CT,M,1943,Andrew,114
CT,M,1943,Stanley,112
CT,M,1943,Henry,111
CT,M,1943,Lawrence,109
CT,M,1943,Frederick,105
CT,M,1943,Ralph,105
CT,M,1943,Douglas,102
CT,M,1943,Alan,96
CT,M,1943,Carl,96
CT,M,1943,Fred,95
CT,M,1943,Harold,93
CT,M,1943,Theodore,88
CT,M,1943,Norman,84
CT,M,1943,Brian,77
CT,M,1943,Vincent,77
CT,M,1943,Eugene,76
CT,M,1943,Howard,74
CT,M,1943,Alfred,73
CT,M,1943,Ernest,72
CT,M,1943,Wayne,70
CT,M,1943,Russell,69
CT,M,1943,Leonard,63
CT,M,1943,Barry,62
CT,M,1943,Steven,61
CT,M,1943,Mark,60
CT,M,1943,Jeffrey,58
CT,M,1943,Patrick,58
CT,M,1943,Nicholas,56
CT,M,1943,Timothy,55
CT,M,1943,Allan,54
CT,M,1943,Harry,52
CT,M,1943,Martin,51
CT,M,1943,Victor,46
CT,M,1943,Clifford,44
CT,M,1943,Samuel,40
CT,M,1943,Roy,39
CT,M,1943,Allen,38
CT,M,1943,Jack,37
CT,M,1943,Salvatore,37
CT,M,1943,Warren,37
CT,M,1943,Jerry,36
CT,M,1943,Alexander,34
CT,M,1943,Leon,33
CT,M,1943,Larry,32
CT,M,1943,Bernard,31
CT,M,1943,Gordon,30
CT,M,1943,Herbert,29
CT,M,1943,Joel,29
CT,M,1943,Craig,28
CT,M,1943,Christopher,26
CT,M,1943,Gilbert,26
CT,M,1943,Lee,26
CT,M,1943,Edwin,25
CT,M,1943,Earl,24
CT,M,1943,Leroy,24
CT,M,1943,Maurice,24
CT,M,1943,Benjamin,23
CT,M,1943,Kevin,23
CT,M,1943,Leo,23
CT,M,1943,Neil,23
CT,M,1943,Phillip,23
CT,M,1943,Clarence,22
CT,M,1943,Edmund,21
CT,M,1943,Gene,21
CT,M,1943,Gerard,21
CT,M,1943,Gregory,21
CT,M,1943,Jerome,21
CT,M,1943,Jonathan,21
CT,M,1943,Lewis,21
CT,M,1943,Arnold,20
CT,M,1943,Chester,20
CT,M,1943,Everett,20
CT,M,1943,Leslie,20
CT,M,1943,Rodney,20
CT,M,1943,Roland,20
CT,M,1943,Terrence,20
CT,M,1943,Terry,20
CT,M,1943,Harvey,19
CT,M,1943,Keith,19
CT,M,1943,Jay,18
CT,M,1943,Karl,17
CT,M,1943,Matthew,17
CT,M,1943,Pasquale,17
CT,M,1943,Rocco,17
CT,M,1943,Steve,17
CT,M,1943,Stuart,17
CT,M,1943,Angelo,16
CT,M,1943,Bob,16
CT,M,1943,Eric,16
CT,M,1943,Tom,16
CT,M,1943,Dominic,15
CT,M,1943,Dwight,15
CT,M,1943,Glenn,15
CT,M,1943,Joe,15
CT,M,1943,Lester,15
CT,M,1943,Mario,15
CT,M,1943,Armand,14
CT,M,1943,Jon,14
CT,M,1943,Malcolm,14
CT,M,1943,Clifton,13
CT,M,1943,Don,13
CT,M,1943,Marshall,13
CT,M,1943,Ray,13
CT,M,1943,Dean,12
CT,M,1943,Frederic,12
CT,M,1943,Hugh,12
CT,M,1943,Marvin,12
CT,M,1943,Alvin,11
CT,M,1943,Bill,11
CT,M,1943,Calvin,11
CT,M,1943,Clyde,11
CT,M,1943,Duane,11
CT,M,1943,Edgar,11
CT,M,1943,Guy,11
CT,M,1943,Claude,10
CT,M,1943,Dominick,10
CT,M,1943,Edmond,10
CT,M,1943,Franklin,10
CT,M,1943,Fredrick,10
CT,M,1943,Jeff,10
CT,M,1943,Milton,10
CT,M,1943,Nelson,10
CT,M,1943,Reginald,10
CT,M,1943,Sheldon,10
CT,M,1943,Tony,10
CT,M,1943,Vernon,10
CT,M,1943,Alphonse,9
CT,M,1943,Andre,9
CT,M,1943,Dale,9
CT,M,1943,Eddie,9
CT,M,1943,Jean,9
CT,M,1943,Jim,9
CT,M,1943,Kurt,9
CT,M,1943,Laurence,9
CT,M,1943,Terrance,9
CT,M,1943,Billy,8
CT,M,1943,Bryan,8
CT,M,1943,Curtis,8
CT,M,1943,Danny,8
CT,M,1943,Dave,8
CT,M,1943,Denis,8
CT,M,1943,Domenic,8
CT,M,1943,Floyd,8
CT,M,1943,Glen,8
CT,M,1943,Jerald,8
CT,M,1943,Lloyd,8
CT,M,1943,Lynn,8
CT,M,1943,Melvin,8
CT,M,1943,Pete,8
CT,M,1943,Randall,8
CT,M,1943,Ronnie,8
CT,M,1943,Scott,8
CT,M,1943,Stewart,8
CT,M,1943,Wesley,8
CT,M,1943,Wilfred,8
CT,M,1943,Alton,7
CT,M,1943,Austin,7
CT,M,1943,Bradford,7
CT,M,1943,Clayton,7
CT,M,1943,Irving,7
CT,M,1943,Jan,7
CT,M,1943,Marc,7
CT,M,1943,Patsy,7
CT,M,1943,Rene,7
CT,M,1943,Sidney,7
CT,M,1943,Ted,7
CT,M,1943,Adam,6
CT,M,1943,Alex,6
CT,M,1943,Burton,6
CT,M,1943,Byron,6
CT,M,1943,Carmen,6
CT,M,1943,Earle,6
CT,M,1943,Garry,6
CT,M,1943,Ivan,6
CT,M,1943,Loren,6
CT,M,1943,Mike,6
CT,M,1943,Neal,6
CT,M,1943,Nick,6
CT,M,1943,Normand,6
CT,M,1943,Randolph,6
CT,M,1943,Ross,6
CT,M,1943,Rudolph,6
CT,M,1943,Bradley,5
CT,M,1943,Carleton,5
CT,M,1943,Carlton,5
CT,M,1943,Clement,5
CT,M,1943,Clinton,5
CT,M,1943,Conrad,5
CT,M,1943,Elliott,5
CT,M,1943,Emilio,5
CT,M,1943,Felix,5
CT,M,1943,Fredric,5
CT,M,1943,Geoffrey,5
CT,M,1943,Gus,5
CT,M,1943,Herman,5
CT,M,1943,Julius,5
CT,M,1943,Kent,5
CT,M,1943,Lance,5
CT,M,1943,Leopold,5
CT,M,1943,Lucien,5
CT,M,1943,Lyman,5
CT,M,1943,Marcel,5
CT,M,1943,Noel,5
CT,M,1943,Patricia,5
CT,M,1943,Roderick,5
CT,M,1943,Sam,5
CT,M,1943,Thaddeus,5
CT,M,1944,Robert,1164
CT,M,1944,John,1149
CT,M,1944,Richard,925
CT,M,1944,William,762
CT,M,1944,James,693
CT,M,1944,David,561
CT,M,1944,Thomas,545
CT,M,1944,Joseph,493
CT,M,1944,Michael,400
CT,M,1944,Edward,362
CT,M,1944,George,341
CT,M,1944,Donald,328
CT,M,1944,Ronald,325
CT,M,1944,Charles,322
CT,M,1944,Paul,275
CT,M,1944,Peter,272
CT,M,1944,Raymond,202
CT,M,1944,Frank,198
CT,M,1944,Anthony,197
CT,M,1944,Kenneth,194
CT,M,1944,Gary,171
CT,M,1944,Stephen,169
CT,M,1944,Arthur,142
CT,M,1944,Bruce,132
CT,M,1944,Lawrence,131
CT,M,1944,Dennis,128
CT,M,1944,Roger,124
CT,M,1944,Walter,123
CT,M,1944,Francis,120
CT,M,1944,Daniel,118
CT,M,1944,Gerald,113
CT,M,1944,Louis,111
CT,M,1944,Frederick,109
CT,M,1944,Alan,100
CT,M,1944,Philip,100
CT,M,1944,Henry,88
CT,M,1944,Ralph,87
CT,M,1944,Douglas,86
CT,M,1944,Carl,80
CT,M,1944,Albert,79
CT,M,1944,Brian,76
CT,M,1944,Eugene,73
CT,M,1944,Wayne,72
CT,M,1944,Harold,71
CT,M,1944,Russell,70
CT,M,1944,Stanley,68
CT,M,1944,Andrew,66
CT,M,1944,Vincent,66
CT,M,1944,Leonard,63
CT,M,1944,Howard,62
CT,M,1944,Barry,60
CT,M,1944,Patrick,60
CT,M,1944,Nicholas,58
CT,M,1944,Norman,58
CT,M,1944,Theodore,58
CT,M,1944,Alfred,57
CT,M,1944,Ernest,55
CT,M,1944,Mark,54
CT,M,1944,Martin,54
CT,M,1944,Fred,53
CT,M,1944,Harry,50
CT,M,1944,Timothy,45
CT,M,1944,Victor,45
CT,M,1944,Steven,44
CT,M,1944,Jeffrey,43
CT,M,1944,Larry,43
CT,M,1944,Allan,39
CT,M,1944,Bernard,35
CT,M,1944,Lee,33
CT,M,1944,Christopher,32
CT,M,1944,Earl,32
CT,M,1944,Jack,32
CT,M,1944,Roy,31
CT,M,1944,Salvatore,30
CT,M,1944,Allen,28
CT,M,1944,Herbert,27
CT,M,1944,Jonathan,26
CT,M,1944,Samuel,26
CT,M,1944,Chester,25
CT,M,1944,Jon,25
CT,M,1944,Alexander,24
CT,M,1944,Arnold,24
CT,M,1944,Clifford,24
CT,M,1944,Kevin,24
CT,M,1944,Craig,23
CT,M,1944,Jerry,23
CT,M,1944,Terry,23
CT,M,1944,Edmund,22
CT,M,1944,Roland,22
CT,M,1944,Jerome,21
CT,M,1944,Joel,21
CT,M,1944,Neil,21
CT,M,1944,Eric,20
CT,M,1944,Gregory,20
CT,M,1944,Warren,20
CT,M,1944,Dominic,19
CT,M,1944,Edwin,19
CT,M,1944,Glenn,19
CT,M,1944,Gordon,19
CT,M,1944,Leo,19
CT,M,1944,Leroy,19
CT,M,1944,Phillip,19
CT,M,1944,Clayton,18
CT,M,1944,Keith,18
CT,M,1944,Jay,17
CT,M,1944,Karl,17
CT,M,1944,Laurence,17
CT,M,1944,Leon,17
CT,M,1944,Rodney,17
CT,M,1944,Tom,17
CT,M,1944,Leslie,16
CT,M,1944,Lewis,16
CT,M,1944,Malcolm,16
CT,M,1944,Don,15
CT,M,1944,Pasquale,15
CT,M,1944,Benjamin,14
CT,M,1944,Gerard,14
CT,M,1944,Gilbert,14
CT,M,1944,Marc,14
CT,M,1944,Matthew,14
CT,M,1944,Angelo,13
CT,M,1944,Gene,13
CT,M,1944,Harvey,13
CT,M,1944,Joe,13
CT,M,1944,Marshall,13
CT,M,1944,Stuart,13
CT,M,1944,Wallace,13
CT,M,1944,Burton,12
CT,M,1944,Dominick,12
CT,M,1944,Maurice,12
CT,M,1944,Steve,12
CT,M,1944,Dale,11
CT,M,1944,Dwight,11
CT,M,1944,Everett,11
CT,M,1944,Guy,11
CT,M,1944,Marvin,11
CT,M,1944,Melvin,11
CT,M,1944,Ronnie,11
CT,M,1944,Wilfred,11
CT,M,1944,Armand,10
CT,M,1944,Bryan,10
CT,M,1944,Curtis,10
CT,M,1944,Dana,10
CT,M,1944,Floyd,10
CT,M,1944,Franklin,10
CT,M,1944,Fredrick,10
CT,M,1944,Hugh,10
CT,M,1944,Jan,10
CT,M,1944,Nelson,10
CT,M,1944,Alvin,9
CT,M,1944,August,9
CT,M,1944,Calvin,9
CT,M,1944,Geoffrey,9
CT,M,1944,Milton,9
CT,M,1944,Alex,8
CT,M,1944,Dean,8
CT,M,1944,Denis,8
CT,M,1944,Eddie,8
CT,M,1944,Edmond,8
CT,M,1944,Lester,8
CT,M,1944,Mario,8
CT,M,1944,Mike,8
CT,M,1944,Ray,8
CT,M,1944,Rudolph,8
CT,M,1944,Terrence,8
CT,M,1944,Wesley,8
CT,M,1944,Bill,7
CT,M,1944,Bob,7
CT,M,1944,Claude,7
CT,M,1944,Clifton,7
CT,M,1944,Emil,7
CT,M,1944,Frederic,7
CT,M,1944,Glen,7
CT,M,1944,Jimmy,7
CT,M,1944,Lloyd,7
CT,M,1944,Manuel,7
CT,M,1944,Scott,7
CT,M,1944,Alphonse,6
CT,M,1944,Clarence,6
CT,M,1944,Clement,6
CT,M,1944,Clinton,6
CT,M,1944,Danny,6
CT,M,1944,Dave,6
CT,M,1944,Kurt,6
CT,M,1944,Micheal,6
CT,M,1944,Rene,6
CT,M,1944,Ross,6
CT,M,1944,Sanford,6
CT,M,1944,Terrance,6
CT,M,1944,Tony,6
CT,M,1944,Winston,6
CT,M,1944,Austin,5
CT,M,1944,Bartholomew,5
CT,M,1944,Billy,5
CT,M,1944,Bradford,5
CT,M,1944,Byron,5
CT,M,1944,Carmen,5
CT,M,1944,Carmine,5
CT,M,1944,Clyde,5
CT,M,1944,Conrad,5
CT,M,1944,Darryl,5
CT,M,1944,Elliott,5
CT,M,1944,Elmer,5
CT,M,1944,Erwin,5
CT,M,1944,Gaetano,5
CT,M,1944,Herman,5
CT,M,1944,Irving,5
CT,M,1944,Jean,5
CT,M,1944,Kent,5
CT,M,1944,Kerry,5
CT,M,1944,Lance,5
CT,M,1944,Leland,5
CT,M,1944,Miles,5
CT,M,1944,Neal,5
CT,M,1944,Nick,5
CT,M,1944,Normand,5
CT,M,1944,Pete,5
CT,M,1944,Reginald,5
CT,M,1944,Sterling,5
CT,M,1944,Stewart,5
CT,M,1944,Ted,5
CT,M,1944,Whitney,5
CT,M,1944,Willie,5
CT,M,1945,Robert,1163
CT,M,1945,John,1031
CT,M,1945,Richard,916
CT,M,1945,William,761
CT,M,1945,James,671
CT,M,1945,Thomas,542
CT,M,1945,David,486
CT,M,1945,Joseph,485
CT,M,1945,Edward,384
CT,M,1945,Michael,366
CT,M,1945,Paul,319
CT,M,1945,Peter,318
CT,M,1945,Donald,309
CT,M,1945,George,296
CT,M,1945,Charles,290
CT,M,1945,Ronald,278
CT,M,1945,Kenneth,221
CT,M,1945,Frank,203
CT,M,1945,Anthony,194
CT,M,1945,Raymond,192
CT,M,1945,Gary,171
CT,M,1945,Stephen,156
CT,M,1945,Daniel,151
CT,M,1945,Dennis,136
CT,M,1945,Arthur,131
CT,M,1945,Alan,130
CT,M,1945,Roger,127
CT,M,1945,Bruce,119
CT,M,1945,Walter,119
CT,M,1945,Francis,118
CT,M,1945,Lawrence,114
CT,M,1945,Henry,109
CT,M,1945,Frederick,105
CT,M,1945,Gerald,99
CT,M,1945,Louis,95
CT,M,1945,Philip,94
CT,M,1945,Albert,87
CT,M,1945,Jeffrey,86
CT,M,1945,Wayne,85
CT,M,1945,Douglas,83
CT,M,1945,Mark,82
CT,M,1945,Carl,80
CT,M,1945,Ralph,79
CT,M,1945,Brian,72
CT,M,1945,Leonard,71
CT,M,1945,Andrew,63
CT,M,1945,Stanley,61
CT,M,1945,Eugene,60
CT,M,1945,Vincent,60
CT,M,1945,Harry,58
CT,M,1945,Harold,57
CT,M,1945,Larry,57
CT,M,1945,Russell,57
CT,M,1945,Steven,57
CT,M,1945,Theodore,56
CT,M,1945,Nicholas,52
CT,M,1945,Alfred,49
CT,M,1945,Fred,49
CT,M,1945,Martin,48
CT,M,1945,Timothy,48
CT,M,1945,Patrick,47
CT,M,1945,Barry,46
CT,M,1945,Ernest,46
CT,M,1945,Roy,46
CT,M,1945,Howard,45
CT,M,1945,Allen,42
CT,M,1945,Norman,42
CT,M,1945,Gregory,41
CT,M,1945,Allan,39
CT,M,1945,Edwin,39
CT,M,1945,Clifford,38
CT,M,1945,Gordon,36
CT,M,1945,Jonathan,33
CT,M,1945,Bernard,32
CT,M,1945,Christopher,32
CT,M,1945,Jack,31
CT,M,1945,Samuel,31
CT,M,1945,Victor,31
CT,M,1945,Kevin,30
CT,M,1945,Roland,30
CT,M,1945,Terry,30
CT,M,1945,Craig,29
CT,M,1945,Eric,28
CT,M,1945,Warren,27
CT,M,1945,Earl,26
CT,M,1945,Joel,25
CT,M,1945,Gene,24
CT,M,1945,Jerry,24
CT,M,1945,Alexander,23
CT,M,1945,Gerard,23
CT,M,1945,Lee,22
CT,M,1945,Leslie,22
CT,M,1945,Lewis,22
CT,M,1945,Matthew,22
CT,M,1945,Salvatore,21
CT,M,1945,Keith,20
CT,M,1945,Leo,20
CT,M,1945,Neil,20
CT,M,1945,Arnold,19
CT,M,1945,Benjamin,19
CT,M,1945,Chester,18
CT,M,1945,Franklin,18
CT,M,1945,Leon,18
CT,M,1945,Stuart,18
CT,M,1945,Herbert,17
CT,M,1945,Jon,17
CT,M,1945,Ray,17
CT,M,1945,Glenn,16
CT,M,1945,Karl,16
CT,M,1945,Dean,15
CT,M,1945,Edmund,15
CT,M,1945,Gilbert,15
CT,M,1945,Harvey,15
CT,M,1945,Laurence,15
CT,M,1945,Marshall,15
CT,M,1945,Phillip,15
CT,M,1945,Scott,15
CT,M,1945,Dwight,14
CT,M,1945,Geoffrey,14
CT,M,1945,Jay,14
CT,M,1945,Nelson,14
CT,M,1945,Steve,14
CT,M,1945,Dominic,13
CT,M,1945,Guy,13
CT,M,1945,Leroy,13
CT,M,1945,Rodney,13
CT,M,1945,Terrence,13
CT,M,1945,Dale,12
CT,M,1945,Fredrick,12
CT,M,1945,Maurice,12
CT,M,1945,Everett,11
CT,M,1945,Kent,11
CT,M,1945,Malcolm,11
CT,M,1945,Melvin,11
CT,M,1945,Pasquale,11
CT,M,1945,Tom,11
CT,M,1945,Denis,10
CT,M,1945,Dominick,10
CT,M,1945,Don,10
CT,M,1945,Edgar,10
CT,M,1945,Floyd,10
CT,M,1945,Hugh,10
CT,M,1945,Joe,10
CT,M,1945,Lance,10
CT,M,1945,Randall,10
CT,M,1945,Vernon,10
CT,M,1945,Angelo,9
CT,M,1945,Bill,9
CT,M,1945,Burton,9
CT,M,1945,Jim,9
CT,M,1945,Julius,9
CT,M,1945,Marc,9
CT,M,1945,Neal,9
CT,M,1945,Rocco,9
CT,M,1945,Bob,8
CT,M,1945,Calvin,8
CT,M,1945,Carmen,8
CT,M,1945,Conrad,8
CT,M,1945,Edmond,8
CT,M,1945,Elmer,8
CT,M,1945,Marvin,8
CT,M,1945,Reginald,8
CT,M,1945,Wallace,8
CT,M,1945,Wesley,8
CT,M,1945,Alex,7
CT,M,1945,Danny,7
CT,M,1945,Herman,7
CT,M,1945,Jerome,7
CT,M,1945,Kurt,7
CT,M,1945,Lloyd,7
CT,M,1945,Mike,7
CT,M,1945,Normand,7
CT,M,1945,Wilfred,7
CT,M,1945,Alvin,6
CT,M,1945,Andre,6
CT,M,1945,Byron,6
CT,M,1945,Carlton,6
CT,M,1945,Curtis,6
CT,M,1945,Dave,6
CT,M,1945,Eddie,6
CT,M,1945,Frederic,6
CT,M,1945,Julian,6
CT,M,1945,Lester,6
CT,M,1945,Manuel,6
CT,M,1945,Milton,6
CT,M,1945,Nathan,6
CT,M,1945,Oliver,6
CT,M,1945,Ross,6
CT,M,1945,Seth,6
CT,M,1945,Stephan,6
CT,M,1945,Ted,6
CT,M,1945,Willard,6
CT,M,1945,Armand,5
CT,M,1945,Clarence,5
CT,M,1945,Claude,5
CT,M,1945,Clement,5
CT,M,1945,Duane,5
CT,M,1945,Lionel,5
CT,M,1945,Morris,5
CT,M,1945,Noel,5
CT,M,1945,Owen,5
CT,M,1945,Preston,5
CT,M,1945,Randolph,5
CT,M,1945,Robin,5
CT,M,1945,Ronnie,5
CT,M,1945,Sammy,5
CT,M,1945,Sebastian,5
CT,M,1945,Sidney,5
CT,M,1945,Sterling,5
CT,M,1945,Stewart,5
CT,M,1945,Terrance,5
CT,M,1945,Wade,5
CT,M,1945,Willie,5
CT,M,1946,Robert,1472
CT,M,1946,John,1357
CT,M,1946,Richard,1072
CT,M,1946,William,964
CT,M,1946,James,871
CT,M,1946,Thomas,648
CT,M,1946,David,643
CT,M,1946,Michael,566
CT,M,1946,Joseph,543
CT,M,1946,Paul,432
CT,M,1946,Edward,410
CT,M,1946,Ronald,391
CT,M,1946,George,375
CT,M,1946,Peter,368
CT,M,1946,Charles,362
CT,M,1946,Donald,335
CT,M,1946,Frank,251
CT,M,1946,Kenneth,241
CT,M,1946,Raymond,238
CT,M,1946,Dennis,217
CT,M,1946,Gary,217
CT,M,1946,Daniel,207
CT,M,1946,Anthony,201
CT,M,1946,Stephen,195
CT,M,1946,Bruce,190
CT,M,1946,Alan,140
CT,M,1946,Roger,140
CT,M,1946,Walter,140
CT,M,1946,Arthur,138
CT,M,1946,Francis,137
CT,M,1946,Gerald,137
CT,M,1946,Douglas,134
CT,M,1946,Albert,123
CT,M,1946,Lawrence,120
CT,M,1946,Mark,112
CT,M,1946,Louis,111
CT,M,1946,Carl,109
CT,M,1946,Jeffrey,109
CT,M,1946,Frederick,107
CT,M,1946,Philip,106
CT,M,1946,Brian,104
CT,M,1946,Wayne,103
CT,M,1946,Gregory,100
CT,M,1946,Andrew,89
CT,M,1946,Ralph,88
CT,M,1946,Henry,85
CT,M,1946,Steven,85
CT,M,1946,Barry,82
CT,M,1946,Stanley,81
CT,M,1946,Russell,77
CT,M,1946,Vincent,77
CT,M,1946,Fred,74
CT,M,1946,Timothy,73
CT,M,1946,Alfred,70
CT,M,1946,Eugene,70
CT,M,1946,Leonard,70
CT,M,1946,Howard,67
CT,M,1946,Harry,65
CT,M,1946,Patrick,65
CT,M,1946,Harold,59
CT,M,1946,Martin,54
CT,M,1946,Larry,53
CT,M,1946,Theodore,52
CT,M,1946,Nicholas,50
CT,M,1946,Norman,50
CT,M,1946,Allen,49
CT,M,1946,Samuel,48
CT,M,1946,Christopher,45
CT,M,1946,Roy,44
CT,M,1946,Allan,43
CT,M,1946,Jonathan,43
CT,M,1946,Ernest,42
CT,M,1946,Craig,40
CT,M,1946,Clifford,39
CT,M,1946,Glenn,38
CT,M,1946,Bernard,36
CT,M,1946,Jack,33
CT,M,1946,Terry,33
CT,M,1946,Eric,32
CT,M,1946,Neil,31
CT,M,1946,Gordon,30
CT,M,1946,Lee,29
CT,M,1946,Alexander,28
CT,M,1946,Dale,28
CT,M,1946,Herbert,28
CT,M,1946,Jay,28
CT,M,1946,Kevin,28
CT,M,1946,Leslie,28
CT,M,1946,Chester,27
CT,M,1946,Jerry,27
CT,M,1946,Leo,27
CT,M,1946,Victor,27
CT,M,1946,Edwin,25
CT,M,1946,Joel,25
CT,M,1946,Warren,24
CT,M,1946,Leon,23
CT,M,1946,Lewis,23
CT,M,1946,Scott,23
CT,M,1946,Stuart,23
CT,M,1946,Keith,22
CT,M,1946,Roland,22
CT,M,1946,Rodney,20
CT,M,1946,Earl,19
CT,M,1946,Jon,19
CT,M,1946,Leroy,19
CT,M,1946,Matthew,19
CT,M,1946,Maurice,19
CT,M,1946,Edmund,18
CT,M,1946,Melvin,18
CT,M,1946,Arnold,17
CT,M,1946,Benjamin,17
CT,M,1946,Franklin,17
CT,M,1946,Geoffrey,17
CT,M,1946,Joe,17
CT,M,1946,Bill,16
CT,M,1946,Gilbert,16
CT,M,1946,Guy,16
CT,M,1946,Karl,16
CT,M,1946,Malcolm,16
CT,M,1946,Salvatore,16
CT,M,1946,Wallace,16
CT,M,1946,Gene,15
CT,M,1946,Hugh,15
CT,M,1946,Steve,15
CT,M,1946,Alvin,14
CT,M,1946,Don,14
CT,M,1946,Gerard,14
CT,M,1946,Neal,14
CT,M,1946,Terrence,14
CT,M,1946,Dominic,13
CT,M,1946,Jerome,13
CT,M,1946,Marc,13
CT,M,1946,Marshall,13
CT,M,1946,Marvin,13
CT,M,1946,Clarence,12
CT,M,1946,Emil,12
CT,M,1946,Glen,12
CT,M,1946,Harvey,12
CT,M,1946,Pasquale,12
CT,M,1946,Phillip,12
CT,M,1946,Burton,11
CT,M,1946,Chris,11
CT,M,1946,Laurence,11
CT,M,1946,Nelson,11
CT,M,1946,Ray,11
CT,M,1946,Bryan,10
CT,M,1946,Carlton,10
CT,M,1946,Clinton,10
CT,M,1946,Curtis,10
CT,M,1946,Dean,10
CT,M,1946,Dominick,10
CT,M,1946,Dwight,10
CT,M,1946,Frederic,10
CT,M,1946,Kurt,10
CT,M,1946,Ronnie,10
CT,M,1946,Vernon,10
CT,M,1946,Angelo,9
CT,M,1946,Carmen,9
CT,M,1946,Clayton,9
CT,M,1946,Danny,9
CT,M,1946,Dave,9
CT,M,1946,Domenic,9
CT,M,1946,Eddie,9
CT,M,1946,Jim,9
CT,M,1946,Pat,9
CT,M,1946,Randall,9
CT,M,1946,Tom,9
CT,M,1946,Wesley,9
CT,M,1946,Andre,8
CT,M,1946,Fredrick,8
CT,M,1946,Johnny,8
CT,M,1946,Lester,8
CT,M,1946,Mario,8
CT,M,1946,Noel,8
CT,M,1946,Reginald,8
CT,M,1946,Robin,8
CT,M,1946,Rocco,8
CT,M,1946,Ross,8
CT,M,1946,Ward,8
CT,M,1946,Wilfred,8
CT,M,1946,Alphonse,7
CT,M,1946,Conrad,7
CT,M,1946,Duncan,7
CT,M,1946,Irving,7
CT,M,1946,Jan,7
CT,M,1946,Mike,7
CT,M,1946,Milton,7
CT,M,1946,Mitchell,7
CT,M,1946,Nathan,7
CT,M,1946,Phil,7
CT,M,1946,Randolph,7
CT,M,1946,Randy,7
CT,M,1946,Stewart,7
CT,M,1946,Terrance,7
CT,M,1946,Tommy,7
CT,M,1946,Willie,7
CT,M,1946,Alex,6
CT,M,1946,Armand,6
CT,M,1946,Bob,6
CT,M,1946,Bradford,6
CT,M,1946,Bradley,6
CT,M,1946,Calvin,6
CT,M,1946,Clark,6
CT,M,1946,Clyde,6
CT,M,1946,Dana,6
CT,M,1946,Duane,6
CT,M,1946,Felix,6
CT,M,1946,Kent,6
CT,M,1946,Myron,6
CT,M,1946,Normand,6
CT,M,1946,Owen,6
CT,M,1946,Pete,6
CT,M,1946,Vaughn,6
CT,M,1946,Willard,6
CT,M,1946,Aaron,5
CT,M,1946,Antonio,5
CT,M,1946,Bennett,5
CT,M,1946,Bryant,5
CT,M,1946,Carmine,5
CT,M,1946,Christian,5
CT,M,1946,Denis,5
CT,M,1946,Edmond,5
CT,M,1946,Everett,5
CT,M,1946,Gregg,5
CT,M,1946,Herman,5
CT,M,1946,Jesse,5
CT,M,1946,Lance,5
CT,M,1946,Lionel,5
CT,M,1946,Lloyd,5
CT,M,1946,Micheal,5
CT,M,1946,Patsy,5
CT,M,1946,Rodger,5
CT,M,1946,Sam,5
CT,M,1946,Shaun,5
CT,M,1946,Spencer,5
CT,M,1946,Terence,5
CT,M,1947,Robert,1624
CT,M,1947,John,1485
CT,M,1947,Richard,1033
CT,M,1947,William,1027
CT,M,1947,James,918
CT,M,1947,Thomas,781
CT,M,1947,David,776
CT,M,1947,Joseph,624
CT,M,1947,Michael,619
CT,M,1947,Paul,453
CT,M,1947,Ronald,414
CT,M,1947,Peter,409
CT,M,1947,Edward,406
CT,M,1947,George,372
CT,M,1947,Charles,371
CT,M,1947,Donald,361
CT,M,1947,Frank,279
CT,M,1947,Kenneth,275
CT,M,1947,Gary,266
CT,M,1947,Dennis,240
CT,M,1947,Anthony,234
CT,M,1947,Raymond,234
CT,M,1947,Daniel,225
CT,M,1947,Stephen,220
CT,M,1947,Bruce,191
CT,M,1947,Alan,163
CT,M,1947,Walter,161
CT,M,1947,Lawrence,156
CT,M,1947,Gregory,152
CT,M,1947,Mark,151
CT,M,1947,Louis,148
CT,M,1947,Gerald,143
CT,M,1947,Wayne,143
CT,M,1947,Roger,142
CT,M,1947,Philip,139
CT,M,1947,Arthur,131
CT,M,1947,Francis,125
CT,M,1947,Jeffrey,125
CT,M,1947,Douglas,124
CT,M,1947,Steven,122
CT,M,1947,Albert,111
CT,M,1947,Brian,109
CT,M,1947,Henry,109
CT,M,1947,Carl,104
CT,M,1947,Frederick,104
CT,M,1947,Vincent,98
CT,M,1947,Andrew,97
CT,M,1947,Ralph,96
CT,M,1947,Howard,93
CT,M,1947,Leonard,88
CT,M,1947,Barry,85
CT,M,1947,Harold,85
CT,M,1947,Timothy,82
CT,M,1947,Fred,81
CT,M,1947,Theodore,81
CT,M,1947,Russell,80
CT,M,1947,Norman,76
CT,M,1947,Patrick,76
CT,M,1947,Eugene,75
CT,M,1947,Nicholas,73
CT,M,1947,Harry,71
CT,M,1947,Christopher,70
CT,M,1947,Stanley,70
CT,M,1947,Glenn,69
CT,M,1947,Martin,67
CT,M,1947,Larry,66
CT,M,1947,Alfred,60
CT,M,1947,Allen,58
CT,M,1947,Kevin,58
CT,M,1947,Ernest,55
CT,M,1947,Craig,53
CT,M,1947,Roy,47
CT,M,1947,Jonathan,46
CT,M,1947,Keith,45
CT,M,1947,Allan,40
CT,M,1947,Jay,40
CT,M,1947,Jack,39
CT,M,1947,Bernard,38
CT,M,1947,Clifford,38
CT,M,1947,Samuel,37
CT,M,1947,Lee,36
CT,M,1947,Eric,34
CT,M,1947,Terry,32
CT,M,1947,Edwin,31
CT,M,1947,Leo,31
CT,M,1947,Joel,30
CT,M,1947,Matthew,30
CT,M,1947,Phillip,30
CT,M,1947,Salvatore,30
CT,M,1947,Warren,30
CT,M,1947,Gordon,29
CT,M,1947,Earl,28
CT,M,1947,Gerard,28
CT,M,1947,Jerome,27
CT,M,1947,Lewis,27
CT,M,1947,Scott,27
CT,M,1947,Gene,26
CT,M,1947,Jerry,26
CT,M,1947,Rodney,26
CT,M,1947,Roland,26
CT,M,1947,Herbert,25
CT,M,1947,Terrence,25
CT,M,1947,Stuart,24
CT,M,1947,Victor,24
CT,M,1947,Arnold,23
CT,M,1947,Geoffrey,23
CT,M,1947,Leslie,23
CT,M,1947,Steve,23
CT,M,1947,Chester,22
CT,M,1947,Angelo,21
CT,M,1947,Edmund,21
CT,M,1947,Leon,21
CT,M,1947,Randall,21
CT,M,1947,Jon,20
CT,M,1947,Neil,20
CT,M,1947,Wesley,20
CT,M,1947,Alexander,19
CT,M,1947,Bill,19
CT,M,1947,Dean,18
CT,M,1947,Calvin,17
CT,M,1947,Harvey,17
CT,M,1947,Karl,17
CT,M,1947,Lloyd,17
CT,M,1947,Dwight,16
CT,M,1947,Gilbert,16
CT,M,1947,Leroy,16
CT,M,1947,Marshall,16
CT,M,1947,Dana,15
CT,M,1947,Glen,15
CT,M,1947,Guy,15
CT,M,1947,Kent,15
CT,M,1947,Laurence,15
CT,M,1947,Dominic,14
CT,M,1947,Hugh,14
CT,M,1947,Marc,14
CT,M,1947,Maurice,14
CT,M,1947,Pasquale,14
CT,M,1947,Benjamin,13
CT,M,1947,Dale,13
CT,M,1947,Don,13
CT,M,1947,Kurt,13
CT,M,1947,Chris,12
CT,M,1947,Denis,12
CT,M,1947,Joe,12
CT,M,1947,Lester,12
CT,M,1947,Rene,12
CT,M,1947,Bradley,11
CT,M,1947,Clark,11
CT,M,1947,Dan,11
CT,M,1947,Everett,11
CT,M,1947,Franklin,11
CT,M,1947,Mike,11
CT,M,1947,Milton,11
CT,M,1947,Nelson,11
CT,M,1947,Rocco,11
CT,M,1947,Sam,11
CT,M,1947,Wallace,11
CT,M,1947,Bob,10
CT,M,1947,Jeff,10
CT,M,1947,Jim,10
CT,M,1947,Johnny,10
CT,M,1947,Willard,10
CT,M,1947,Alphonse,9
CT,M,1947,Clarence,9
CT,M,1947,Claude,9
CT,M,1947,Clayton,9
CT,M,1947,Danny,9
CT,M,1947,Darrell,9
CT,M,1947,Dave,9
CT,M,1947,Duane,9
CT,M,1947,Edgar,9
CT,M,1947,Fredrick,9
CT,M,1947,Gabriel,9
CT,M,1947,Greg,9
CT,M,1947,Malcolm,9
CT,M,1947,Mario,9
CT,M,1947,Tom,9
CT,M,1947,Curtis,8
CT,M,1947,Dominick,8
CT,M,1947,Elliott,8
CT,M,1947,Jan,8
CT,M,1947,Jeffery,8
CT,M,1947,Marvin,8
CT,M,1947,Myles,8
CT,M,1947,Roderick,8
CT,M,1947,Terence,8
CT,M,1947,Vernon,8
CT,M,1947,Vito,8
CT,M,1947,Wilfred,8
CT,M,1947,Willie,8
CT,M,1947,Alvin,7
CT,M,1947,Armand,7
CT,M,1947,Bradford,7
CT,M,1947,Burton,7
CT,M,1947,Carmine,7
CT,M,1947,Clyde,7
CT,M,1947,Darryl,7
CT,M,1947,Ira,7
CT,M,1947,Lance,7
CT,M,1947,Manuel,7
CT,M,1947,Noel,7
CT,M,1947,Oliver,7
CT,M,1947,Pete,7
CT,M,1947,Randolph,7
CT,M,1947,Ray,7
CT,M,1947,Reginald,7
CT,M,1947,Ronnie,7
CT,M,1947,Alex,6
CT,M,1947,Antonio,6
CT,M,1947,Barton,6
CT,M,1947,Clinton,6
CT,M,1947,Dane,6
CT,M,1947,Domenic,6
CT,M,1947,Duncan,6
CT,M,1947,Earle,6
CT,M,1947,Edmond,6
CT,M,1947,Frederic,6
CT,M,1947,Gregg,6
CT,M,1947,Irving,6
CT,M,1947,Julius,6
CT,M,1947,Kim,6
CT,M,1947,Marcel,6
CT,M,1947,Mitchell,6
CT,M,1947,Nathaniel,6
CT,M,1947,Ricky,6
CT,M,1947,Sheldon,6
CT,M,1947,Sidney,6
CT,M,1947,Stewart,6
CT,M,1947,Tommy,6
CT,M,1947,Billy,5
CT,M,1947,Bryan,5
CT,M,1947,Chuck,5
CT,M,1947,Conrad,5
CT,M,1947,Cornelius,5
CT,M,1947,Drew,5
CT,M,1947,Emanuel,5
CT,M,1947,Emile,5
CT,M,1947,Floyd,5
CT,M,1947,Garry,5
CT,M,1947,Jean,5
CT,M,1947,Jimmy,5
CT,M,1947,Justin,5
CT,M,1947,Lucien,5
CT,M,1947,Luke,5
CT,M,1947,Neal,5
CT,M,1947,Patsy,5
CT,M,1947,Preston,5
CT,M,1947,Sebastian,5
CT,M,1947,Ted,5
CT,M,1947,Terrance,5
CT,M,1947,Wilbur,5
CT,M,1947,Winston,5
CT,M,1948,Robert,1375
CT,M,1948,John,1294
CT,M,1948,William,910
CT,M,1948,Richard,882
CT,M,1948,James,877
CT,M,1948,Thomas,737
CT,M,1948,David,708
CT,M,1948,Michael,628
CT,M,1948,Joseph,580
CT,M,1948,Paul,396
CT,M,1948,Edward,390
CT,M,1948,Peter,388
CT,M,1948,Charles,359
CT,M,1948,George,341
CT,M,1948,Donald,311
CT,M,1948,Ronald,309
CT,M,1948,Gary,292
CT,M,1948,Kenneth,270
CT,M,1948,Frank,264
CT,M,1948,Stephen,263
CT,M,1948,Bruce,236
CT,M,1948,Anthony,234
CT,M,1948,Daniel,222
CT,M,1948,Dennis,215
CT,M,1948,Raymond,213
CT,M,1948,Mark,202
CT,M,1948,Lawrence,153
CT,M,1948,Alan,149
CT,M,1948,Steven,146
CT,M,1948,Arthur,144
CT,M,1948,Philip,139
CT,M,1948,Louis,138
CT,M,1948,Jeffrey,135
CT,M,1948,Gregory,134
CT,M,1948,Francis,131
CT,M,1948,Walter,130
CT,M,1948,Roger,123
CT,M,1948,Wayne,123
CT,M,1948,Douglas,118
CT,M,1948,Gerald,115
CT,M,1948,Brian,109
CT,M,1948,Frederick,109
CT,M,1948,Andrew,98
CT,M,1948,Albert,93
CT,M,1948,Henry,93
CT,M,1948,Carl,92
CT,M,1948,Vincent,89
CT,M,1948,Timothy,86
CT,M,1948,Ralph,84
CT,M,1948,Kevin,76
CT,M,1948,Stanley,75
CT,M,1948,Fred,73
CT,M,1948,Leonard,72
CT,M,1948,Howard,69
CT,M,1948,Nicholas,69
CT,M,1948,Russell,69
CT,M,1948,Eugene,67
CT,M,1948,Harold,67
CT,M,1948,Patrick,65
CT,M,1948,Larry,64
CT,M,1948,Glenn,63
CT,M,1948,Christopher,61
CT,M,1948,Martin,60
CT,M,1948,Theodore,60
CT,M,1948,Craig,58
CT,M,1948,Harry,58
CT,M,1948,Jonathan,56
CT,M,1948,Barry,54
CT,M,1948,Ernest,54
CT,M,1948,Alfred,53
CT,M,1948,Clifford,49
CT,M,1948,Allen,47
CT,M,1948,Roy,43
CT,M,1948,Edwin,40
CT,M,1948,Norman,40
CT,M,1948,Salvatore,39
CT,M,1948,Lee,38
CT,M,1948,Eric,34
CT,M,1948,Marc,34
CT,M,1948,Victor,34
CT,M,1948,Jay,33
CT,M,1948,Keith,33
CT,M,1948,Allan,32
CT,M,1948,Bernard,31
CT,M,1948,Warren,31
CT,M,1948,Samuel,30
CT,M,1948,Alexander,29
CT,M,1948,Gerard,29
CT,M,1948,Leo,29
CT,M,1948,Chester,27
CT,M,1948,Gordon,27
CT,M,1948,Jack,27
CT,M,1948,Jon,27
CT,M,1948,Phillip,27
CT,M,1948,Stuart,27
CT,M,1948,Earl,26
CT,M,1948,Herbert,26
CT,M,1948,Leon,26
CT,M,1948,Jerry,25
CT,M,1948,Joel,25
CT,M,1948,Scott,24
CT,M,1948,Rodney,23
CT,M,1948,Geoffrey,22
CT,M,1948,Neil,22
CT,M,1948,Karl,21
CT,M,1948,Edmund,20
CT,M,1948,Roland,20
CT,M,1948,Steve,20
CT,M,1948,Terrence,19
CT,M,1948,Arnold,18
CT,M,1948,Marshall,18
CT,M,1948,Dale,17
CT,M,1948,Randall,17
CT,M,1948,Benjamin,16
CT,M,1948,Gene,16
CT,M,1948,Marvin,16
CT,M,1948,Glen,15
CT,M,1948,Matthew,15
CT,M,1948,Carmen,14
CT,M,1948,Clarence,14
CT,M,1948,Dominic,14
CT,M,1948,Franklin,14
CT,M,1948,Guy,14
CT,M,1948,Laurence,14
CT,M,1948,Pasquale,14
CT,M,1948,Ray,14
CT,M,1948,Terry,14
CT,M,1948,Denis,13
CT,M,1948,Don,13
CT,M,1948,Jerome,13
CT,M,1948,Lloyd,13
CT,M,1948,Maurice,13
CT,M,1948,Bill,12
CT,M,1948,Bradford,12
CT,M,1948,Curtis,12
CT,M,1948,Dana,12
CT,M,1948,Dave,12
CT,M,1948,Lewis,12
CT,M,1948,Manuel,12
CT,M,1948,Randolph,12
CT,M,1948,Rocco,12
CT,M,1948,Vernon,12
CT,M,1948,Dean,11
CT,M,1948,Fredrick,11
CT,M,1948,Harvey,11
CT,M,1948,Kent,11
CT,M,1948,Robin,11
CT,M,1948,Wesley,11
CT,M,1948,Angelo,10
CT,M,1948,Calvin,10
CT,M,1948,Gilbert,10
CT,M,1948,Kurt,10
CT,M,1948,Bradley,9
CT,M,1948,Bryan,9
CT,M,1948,Burton,9
CT,M,1948,Clark,9
CT,M,1948,Edmond,9
CT,M,1948,Frederic,9
CT,M,1948,Herman,9
CT,M,1948,Joe,9
CT,M,1948,Kim,9
CT,M,1948,Mario,9
CT,M,1948,Melvin,9
CT,M,1948,Randy,9
CT,M,1948,Sebastian,9
CT,M,1948,Danny,8
CT,M,1948,Leroy,8
CT,M,1948,Leslie,8
CT,M,1948,Milton,8
CT,M,1948,Nathaniel,8
CT,M,1948,Ronnie,8
CT,M,1948,Ross,8
CT,M,1948,Vito,8
CT,M,1948,Wallace,8
CT,M,1948,Willie,8
CT,M,1948,Bob,7
CT,M,1948,Byron,7
CT,M,1948,Clayton,7
CT,M,1948,Conrad,7
CT,M,1948,Duane,7
CT,M,1948,Everett,7
CT,M,1948,Greg,7
CT,M,1948,Irving,7
CT,M,1948,Jesse,7
CT,M,1948,Malcolm,7
CT,M,1948,Micheal,7
CT,M,1948,Morris,7
CT,M,1948,Neal,7
CT,M,1948,Noel,7
CT,M,1948,Sidney,7
CT,M,1948,Todd,7
CT,M,1948,Tom,7
CT,M,1948,Aaron,6
CT,M,1948,Alvin,6
CT,M,1948,Andre,6
CT,M,1948,Archie,6
CT,M,1948,Carlton,6
CT,M,1948,Domenic,6
CT,M,1948,Dominick,6
CT,M,1948,Edgar,6
CT,M,1948,Jeff,6
CT,M,1948,Lance,6
CT,M,1948,Loren,6
CT,M,1948,Mike,6
CT,M,1948,Mitchell,6
CT,M,1948,Rene,6
CT,M,1948,Roderick,6
CT,M,1948,Rudy,6
CT,M,1948,Spencer,6
CT,M,1948,Stephan,6
CT,M,1948,Ted,6
CT,M,1948,Wilfred,6
CT,M,1948,Alex,5
CT,M,1948,Barton,5
CT,M,1948,Charlie,5
CT,M,1948,Curt,5
CT,M,1948,Dan,5
CT,M,1948,Dane,5
CT,M,1948,Dwight,5
CT,M,1948,Felix,5
CT,M,1948,Floyd,5
CT,M,1948,Hugh,5
CT,M,1948,Ira,5
CT,M,1948,Jan,5
CT,M,1948,Jason,5
CT,M,1948,Jeffery,5
CT,M,1948,Jimmy,5
CT,M,1948,Julian,5
CT,M,1948,Luke,5
CT,M,1948,Marcel,5
CT,M,1948,Miles,5
CT,M,1948,Oliver,5
CT,M,1948,Owen,5
CT,M,1948,Reginald,5
CT,M,1948,Ricky,5
CT,M,1948,Vaughn,5
CT,M,1948,Willis,5
CT,M,1949,Robert,1302
CT,M,1949,John,1238
CT,M,1949,William,859
CT,M,1949,Richard,854
CT,M,1949,James,823
CT,M,1949,David,732
CT,M,1949,Michael,709
CT,M,1949,Thomas,675
CT,M,1949,Joseph,550
CT,M,1949,Paul,400
CT,M,1949,Edward,380
CT,M,1949,Peter,347
CT,M,1949,Charles,341
CT,M,1949,Donald,316
CT,M,1949,Ronald,310
CT,M,1949,Gary,303
CT,M,1949,George,288
CT,M,1949,Kenneth,254
CT,M,1949,Stephen,254
CT,M,1949,Mark,244
CT,M,1949,Frank,215
CT,M,1949,Anthony,211
CT,M,1949,Bruce,210
CT,M,1949,Dennis,200
CT,M,1949,Raymond,199
CT,M,1949,Daniel,198
CT,M,1949,Steven,162
CT,M,1949,Lawrence,155
CT,M,1949,Philip,144
CT,M,1949,Jeffrey,135
CT,M,1949,Francis,134
CT,M,1949,Timothy,132
CT,M,1949,Alan,129
CT,M,1949,Douglas,128
CT,M,1949,Walter,128
CT,M,1949,Gregory,125
CT,M,1949,Frederick,121
CT,M,1949,Arthur,118
CT,M,1949,Gerald,118
CT,M,1949,Wayne,117
CT,M,1949,Roger,114
CT,M,1949,Brian,106
CT,M,1949,Albert,99
CT,M,1949,Kevin,96
CT,M,1949,Louis,92
CT,M,1949,Carl,91
CT,M,1949,Ralph,91
CT,M,1949,Henry,87
CT,M,1949,Vincent,86
CT,M,1949,Christopher,83
CT,M,1949,Harold,78
CT,M,1949,Stanley,77
CT,M,1949,Howard,73
CT,M,1949,Barry,70
CT,M,1949,Leonard,70
CT,M,1949,Patrick,70
CT,M,1949,Russell,68
CT,M,1949,Theodore,68
CT,M,1949,Andrew,64
CT,M,1949,Eugene,64
CT,M,1949,Larry,64
CT,M,1949,Nicholas,64
CT,M,1949,Harry,63
CT,M,1949,Martin,63
CT,M,1949,Glenn,53
CT,M,1949,Jonathan,52
CT,M,1949,Craig,51
CT,M,1949,Ernest,47
CT,M,1949,Norman,46
CT,M,1949,Alfred,44
CT,M,1949,Allen,44
CT,M,1949,Jack,41
CT,M,1949,Eric,37
CT,M,1949,Keith,37
CT,M,1949,Samuel,37
CT,M,1949,Allan,36
CT,M,1949,Clifford,35
CT,M,1949,Roy,35
CT,M,1949,Warren,35
CT,M,1949,Fred,34
CT,M,1949,Alexander,33
CT,M,1949,Lee,33
CT,M,1949,Scott,32
CT,M,1949,Neil,31
CT,M,1949,Salvatore,30
CT,M,1949,Jay,29
CT,M,1949,Leo,28
CT,M,1949,Leon,27
CT,M,1949,Gordon,26
CT,M,1949,Stuart,26
CT,M,1949,Bernard,25
CT,M,1949,Lewis,25
CT,M,1949,Marc,24
CT,M,1949,Arnold,23
CT,M,1949,Leslie,23
CT,M,1949,Matthew,23
CT,M,1949,Victor,23
CT,M,1949,Randall,22
CT,M,1949,Dale,21
CT,M,1949,Herbert,21
CT,M,1949,Jerry,21
CT,M,1949,Jon,21
CT,M,1949,Phillip,21
CT,M,1949,Earl,19
CT,M,1949,Edwin,19
CT,M,1949,Lester,19
CT,M,1949,Roland,19
CT,M,1949,Rodney,18
CT,M,1949,Terry,18
CT,M,1949,Benjamin,17
CT,M,1949,Chester,17
CT,M,1949,Joel,17
CT,M,1949,Karl,17
CT,M,1949,Dominic,16
CT,M,1949,Gerard,16
CT,M,1949,Guy,16
CT,M,1949,Bradford,15
CT,M,1949,Harvey,15
CT,M,1949,Kurt,15
CT,M,1949,Franklin,14
CT,M,1949,Gilbert,14
CT,M,1949,Maurice,14
CT,M,1949,Pasquale,14
CT,M,1949,Burton,13
CT,M,1949,Curtis,13
CT,M,1949,Dwight,13
CT,M,1949,Edmund,13
CT,M,1949,Gene,13
CT,M,1949,Bradley,12
CT,M,1949,Clarence,12
CT,M,1949,Dana,12
CT,M,1949,Milton,12
CT,M,1949,Ray,12
CT,M,1949,Rocco,12
CT,M,1949,Terrence,12
CT,M,1949,Carmen,11
CT,M,1949,Chris,11
CT,M,1949,Clinton,11
CT,M,1949,Glen,11
CT,M,1949,Jerome,11
CT,M,1949,Melvin,11
CT,M,1949,Willie,11
CT,M,1949,Angelo,10
CT,M,1949,Calvin,10
CT,M,1949,Dean,10
CT,M,1949,Geoffrey,10
CT,M,1949,Mario,10
CT,M,1949,Reginald,10
CT,M,1949,Terrance,10
CT,M,1949,Wallace,10
CT,M,1949,Wesley,10
CT,M,1949,Alvin,9
CT,M,1949,Armand,9
CT,M,1949,Dominick,9
CT,M,1949,Don,9
CT,M,1949,Everett,9
CT,M,1949,Hugh,9
CT,M,1949,Joe,9
CT,M,1949,Leland,9
CT,M,1949,Mike,9
CT,M,1949,Nelson,9
CT,M,1949,Rene,9
CT,M,1949,Rudolph,9
CT,M,1949,Bryan,8
CT,M,1949,Carmine,8
CT,M,1949,Domenic,8
CT,M,1949,Duane,8
CT,M,1949,Ira,8
CT,M,1949,Jan,8
CT,M,1949,Lance,8
CT,M,1949,Lucien,8
CT,M,1949,Marshall,8
CT,M,1949,Alex,7
CT,M,1949,Danny,7
CT,M,1949,Darryl,7
CT,M,1949,Dave,7
CT,M,1949,Earle,7
CT,M,1949,Garry,7
CT,M,1949,Gregg,7
CT,M,1949,Julian,7
CT,M,1949,Kent,7
CT,M,1949,Kirk,7
CT,M,1949,Laurence,7
CT,M,1949,Normand,7
CT,M,1949,Pat,7
CT,M,1949,Roderick,7
CT,M,1949,Sidney,7
CT,M,1949,Steve,7
CT,M,1949,Stewart,7
CT,M,1949,Terence,7
CT,M,1949,Alphonse,6
CT,M,1949,Antonio,6
CT,M,1949,Brien,6
CT,M,1949,Carlton,6
CT,M,1949,Clayton,6
CT,M,1949,Clement,6
CT,M,1949,Denis,6
CT,M,1949,Drew,6
CT,M,1949,Greg,6
CT,M,1949,Jean,6
CT,M,1949,Julius,6
CT,M,1949,Leroy,6
CT,M,1949,Lloyd,6
CT,M,1949,Malcolm,6
CT,M,1949,Marvin,6
CT,M,1949,Myles,6
CT,M,1949,Neal,6
CT,M,1949,Sebastian,6
CT,M,1949,Tom,6
CT,M,1949,Vernon,6
CT,M,1949,Vito,6
CT,M,1949,Allyn,5
CT,M,1949,Bill,5
CT,M,1949,Christian,5
CT,M,1949,Claude,5
CT,M,1949,Clifton,5
CT,M,1949,Edgar,5
CT,M,1949,Emil,5
CT,M,1949,Floyd,5
CT,M,1949,Fredrick,5
CT,M,1949,Gabriel,5
CT,M,1949,Grant,5
CT,M,1949,Jason,5
CT,M,1949,Jeffery,5
CT,M,1949,Jeremiah,5
CT,M,1949,Kim,5
CT,M,1949,Mitchell,5
CT,M,1949,Randolph,5
CT,M,1949,Randy,5
CT,M,1949,Rick,5
CT,M,1949,Ross,5
CT,M,1949,Seth,5
CT,M,1949,Shawn,5
CT,M,1949,Sheldon,5
CT,M,1949,Sherman,5
CT,M,1949,Todd,5
CT,M,1949,Tyrone,5
CT,M,1949,Ward,5
CT,M,1949,Wilbur,5
CT,M,1949,Wilfred,5
CT,M,1949,Willard,5
CT,M,1950,Robert,1253
CT,M,1950,John,1200
CT,M,1950,William,859
CT,M,1950,Richard,820
CT,M,1950,David,801
CT,M,1950,James,767
CT,M,1950,Michael,700
CT,M,1950,Thomas,686
CT,M,1950,Joseph,546
CT,M,1950,Paul,425
CT,M,1950,Edward,388
CT,M,1950,Gary,349
CT,M,1950,Charles,341
CT,M,1950,Peter,338
CT,M,1950,Mark,321
CT,M,1950,Ronald,306
CT,M,1950,Donald,296
CT,M,1950,George,261
CT,M,1950,Stephen,231
CT,M,1950,Kenneth,228
CT,M,1950,Dennis,214
CT,M,1950,Bruce,212
CT,M,1950,Anthony,208
CT,M,1950,Daniel,204
CT,M,1950,Raymond,187
CT,M,1950,Frank,179
CT,M,1950,Alan,176
CT,M,1950,Steven,170
CT,M,1950,Douglas,150
CT,M,1950,Lawrence,147
CT,M,1950,Jeffrey,142
CT,M,1950,Brian,134
CT,M,1950,Kevin,132
CT,M,1950,Francis,129
CT,M,1950,Gregory,128
CT,M,1950,Frederick,125
CT,M,1950,Roger,124
CT,M,1950,Timothy,120
CT,M,1950,Wayne,116
CT,M,1950,Philip,114
CT,M,1950,Arthur,112
CT,M,1950,Louis,111
CT,M,1950,Andrew,96
CT,M,1950,Gerald,96
CT,M,1950,Walter,95
CT,M,1950,Vincent,91
CT,M,1950,Christopher,87
CT,M,1950,Henry,85
CT,M,1950,Ralph,84
CT,M,1950,Albert,83
CT,M,1950,Stanley,82
CT,M,1950,Carl,79
CT,M,1950,Nicholas,74
CT,M,1950,Russell,69
CT,M,1950,Leonard,68
CT,M,1950,Barry,65
CT,M,1950,Martin,65
CT,M,1950,Alfred,62
CT,M,1950,Harold,62
CT,M,1950,Patrick,62
CT,M,1950,Howard,61
CT,M,1950,Eugene,60
CT,M,1950,Keith,58
CT,M,1950,Glenn,57
CT,M,1950,Jonathan,57
CT,M,1950,Larry,57
CT,M,1950,Craig,56
CT,M,1950,Theodore,56
CT,M,1950,Scott,54
CT,M,1950,Harry,53
CT,M,1950,Norman,51
CT,M,1950,Eric,45
CT,M,1950,Clifford,40
CT,M,1950,Ernest,38
CT,M,1950,Roy,38
CT,M,1950,Allen,37
CT,M,1950,Fred,37
CT,M,1950,Salvatore,36
CT,M,1950,Lee,35
CT,M,1950,Victor,35
CT,M,1950,Edwin,34
CT,M,1950,Gordon,33
CT,M,1950,Jack,33
CT,M,1950,Warren,31
CT,M,1950,Neil,30
CT,M,1950,Alexander,28
CT,M,1950,Matthew,28
CT,M,1950,Samuel,28
CT,M,1950,Guy,27
CT,M,1950,Stuart,27
CT,M,1950,Bernard,26
CT,M,1950,Dale,26
CT,M,1950,Allan,25
CT,M,1950,Jon,25
CT,M,1950,Gene,24
CT,M,1950,Randall,24
CT,M,1950,Earl,23
CT,M,1950,Roland,23
CT,M,1950,Karl,22
CT,M,1950,Dean,21
CT,M,1950,Jerry,21
CT,M,1950,Marc,21
CT,M,1950,Benjamin,19
CT,M,1950,Jay,19
CT,M,1950,Kurt,19
CT,M,1950,Phillip,19
CT,M,1950,Bradford,18
CT,M,1950,Terry,18
CT,M,1950,Joel,17
CT,M,1950,Arnold,16
CT,M,1950,Chester,16
CT,M,1950,Herbert,16
CT,M,1950,Rodney,16
CT,M,1950,Terrence,16
CT,M,1950,Wesley,16
CT,M,1950,Dana,15
CT,M,1950,Leo,15
CT,M,1950,Dwight,14
CT,M,1950,Geoffrey,14
CT,M,1950,Harvey,14
CT,M,1950,Jerome,14
CT,M,1950,Leon,14
CT,M,1950,Lester,14
CT,M,1950,Lloyd,14
CT,M,1950,Randolph,14
CT,M,1950,Willie,14
CT,M,1950,Bryan,13
CT,M,1950,Calvin,13
CT,M,1950,Edmund,13
CT,M,1950,Gerard,13
CT,M,1950,Gilbert,13
CT,M,1950,Glen,13
CT,M,1950,Lewis,13
CT,M,1950,Maurice,13
CT,M,1950,Rocco,13
CT,M,1950,Duane,12
CT,M,1950,Fredrick,12
CT,M,1950,Laurence,12
CT,M,1950,Reginald,12
CT,M,1950,Angelo,11
CT,M,1950,Clarence,11
CT,M,1950,Clayton,11
CT,M,1950,Dominic,11
CT,M,1950,Hugh,11
CT,M,1950,Leroy,11
CT,M,1950,Randy,11
CT,M,1950,Robin,11
CT,M,1950,Carmen,10
CT,M,1950,Leslie,10
CT,M,1950,Marvin,10
CT,M,1950,Pasquale,10
CT,M,1950,Roderick,10
CT,M,1950,Vernon,10
CT,M,1950,Alex,9
CT,M,1950,Bradley,9
CT,M,1950,Brent,9
CT,M,1950,Christian,9
CT,M,1950,Curtis,9
CT,M,1950,Don,9
CT,M,1950,Ira,9
CT,M,1950,Lance,9
CT,M,1950,Sean,9
CT,M,1950,Wilfred,9
CT,M,1950,Antonio,8
CT,M,1950,Carlton,8
CT,M,1950,Clyde,8
CT,M,1950,Danny,8
CT,M,1950,Domenic,8
CT,M,1950,Everett,8
CT,M,1950,Franklin,8
CT,M,1950,Kent,8
CT,M,1950,Kirk,8
CT,M,1950,Malcolm,8
CT,M,1950,Morris,8
CT,M,1950,Nelson,8
CT,M,1950,Vito,8
CT,M,1950,Alvin,7
CT,M,1950,Armand,7
CT,M,1950,Byron,7
CT,M,1950,Chris,7
CT,M,1950,Dominick,7
CT,M,1950,Floyd,7
CT,M,1950,Frederic,7
CT,M,1950,Jan,7
CT,M,1950,Nathaniel,7
CT,M,1950,Neal,7
CT,M,1950,Owen,7
CT,M,1950,Ross,7
CT,M,1950,Wallace,7
CT,M,1950,Andre,6
CT,M,1950,Carmine,6
CT,M,1950,Claude,6
CT,M,1950,Conrad,6
CT,M,1950,Darrell,6
CT,M,1950,Dave,6
CT,M,1950,Emil,6
CT,M,1950,Gabriel,6
CT,M,1950,Jeffery,6
CT,M,1950,Jesse,6
CT,M,1950,Julius,6
CT,M,1950,Lonnie,6
CT,M,1950,Mario,6
CT,M,1950,Marshall,6
CT,M,1950,Melvin,6
CT,M,1950,Mitchell,6
CT,M,1950,Pat,6
CT,M,1950,Ricky,6
CT,M,1950,Terence,6
CT,M,1950,Todd,6
CT,M,1950,Austin,5
CT,M,1950,Brendan,5
CT,M,1950,Colin,5
CT,M,1950,Denis,5
CT,M,1950,Duncan,5
CT,M,1950,Ellsworth,5
CT,M,1950,Fredric,5
CT,M,1950,Garry,5
CT,M,1950,Harris,5
CT,M,1950,Irving,5
CT,M,1950,Kim,5
CT,M,1950,Milton,5
CT,M,1950,Nathan,5
CT,M,1950,Noel,5
CT,M,1950,Patsy,5
CT,M,1950,Rene,5
CT,M,1950,Ronnie,5
CT,M,1950,Sam,5
CT,M,1950,Sidney,5
CT,M,1950,Stephan,5
CT,M,1950,Stewart,5
CT,M,1950,Thaddeus,5
CT,M,1950,Wilbur,5
CT,M,1951,Robert,1331
CT,M,1951,John,1330
CT,M,1951,Richard,923
CT,M,1951,James,846
CT,M,1951,William,836
CT,M,1951,Michael,806
CT,M,1951,David,788
CT,M,1951,Thomas,786
CT,M,1951,Joseph,586
CT,M,1951,Gary,526
CT,M,1951,Paul,448
CT,M,1951,Peter,417
CT,M,1951,Edward,404
CT,M,1951,Mark,385
CT,M,1951,Charles,344
CT,M,1951,Stephen,321
CT,M,1951,George,297
CT,M,1951,Donald,288
CT,M,1951,Ronald,281
CT,M,1951,Kenneth,257
CT,M,1951,Bruce,253
CT,M,1951,Dennis,242
CT,M,1951,Anthony,227
CT,M,1951,Daniel,225
CT,M,1951,Frank,213
CT,M,1951,Steven,189
CT,M,1951,Raymond,181
CT,M,1951,Jeffrey,160
CT,M,1951,Gregory,159
CT,M,1951,Timothy,157
CT,M,1951,Douglas,153
CT,M,1951,Wayne,150
CT,M,1951,Francis,145
CT,M,1951,Lawrence,145
CT,M,1951,Brian,143
CT,M,1951,Kevin,142
CT,M,1951,Alan,141
CT,M,1951,Philip,133
CT,M,1951,Christopher,120
CT,M,1951,Walter,120
CT,M,1951,Frederick,117
CT,M,1951,Gerald,114
CT,M,1951,Roger,113
CT,M,1951,Andrew,109
CT,M,1951,Arthur,106
CT,M,1951,Louis,106
CT,M,1951,Stanley,97
CT,M,1951,Vincent,94
CT,M,1951,Henry,91
CT,M,1951,Ralph,91
CT,M,1951,Barry,88
CT,M,1951,Russell,85
CT,M,1951,Craig,83
CT,M,1951,Albert,78
CT,M,1951,Carl,77
CT,M,1951,Glenn,74
CT,M,1951,Patrick,74
CT,M,1951,Keith,67
CT,M,1951,Scott,66
CT,M,1951,Larry,65
CT,M,1951,Leonard,64
CT,M,1951,Eugene,63
CT,M,1951,Nicholas,62
CT,M,1951,Theodore,62
CT,M,1951,Martin,61
CT,M,1951,Alfred,59
CT,M,1951,Jonathan,59
CT,M,1951,Harold,57
CT,M,1951,Ernest,52
CT,M,1951,Harry,49
CT,M,1951,Clifford,48
CT,M,1951,Howard,47
CT,M,1951,Allen,44
CT,M,1951,Eric,44
CT,M,1951,Dale,40
CT,M,1951,Matthew,39
CT,M,1951,Fred,38
CT,M,1951,Victor,36
CT,M,1951,Bernard,35
CT,M,1951,Lee,35
CT,M,1951,Roy,35
CT,M,1951,Gordon,34
CT,M,1951,Samuel,34
CT,M,1951,Alexander,33
CT,M,1951,Norman,32
CT,M,1951,Joel,30
CT,M,1951,Randall,30
CT,M,1951,Warren,30
CT,M,1951,Edwin,29
CT,M,1951,Marc,29
CT,M,1951,Stuart,29
CT,M,1951,Allan,28
CT,M,1951,Neil,28
CT,M,1951,Jack,27
CT,M,1951,Jay,27
CT,M,1951,Earl,25
CT,M,1951,Guy,25
CT,M,1951,Phillip,25
CT,M,1951,Dean,24
CT,M,1951,Herbert,24
CT,M,1951,Karl,24
CT,M,1951,Leo,22
CT,M,1951,Salvatore,21
CT,M,1951,Benjamin,20
CT,M,1951,Bradley,20
CT,M,1951,Curtis,20
CT,M,1951,Edmund,20
CT,M,1951,Mitchell,20
CT,M,1951,Terry,20
CT,M,1951,Bradford,19
CT,M,1951,Dana,19
CT,M,1951,Geoffrey,19
CT,M,1951,Roland,19
CT,M,1951,Glen,18
CT,M,1951,Jerome,18
CT,M,1951,Jon,18
CT,M,1951,Gerard,17
CT,M,1951,Chester,16
CT,M,1951,Kurt,16
CT,M,1951,Dominic,15
CT,M,1951,Jerry,15
CT,M,1951,Leon,15
CT,M,1951,Randolph,15
CT,M,1951,Reginald,15
CT,M,1951,Rodney,15
CT,M,1951,Leslie,14
CT,M,1951,Lewis,14
CT,M,1951,Randy,14
CT,M,1951,Terrence,14
CT,M,1951,Wesley,14
CT,M,1951,Angelo,13
CT,M,1951,Dominick,13
CT,M,1951,Dwight,13
CT,M,1951,Laurence,13
CT,M,1951,Lloyd,13
CT,M,1951,Steve,13
CT,M,1951,Danny,12
CT,M,1951,Franklin,12
CT,M,1951,Gilbert,12
CT,M,1951,Kim,12
CT,M,1951,Ray,12
CT,M,1951,Ross,12
CT,M,1951,Wallace,12
CT,M,1951,Arnold,11
CT,M,1951,Harvey,11
CT,M,1951,Kent,11
CT,M,1951,Seth,11
CT,M,1951,Todd,11
CT,M,1951,Clayton,10
CT,M,1951,Fredrick,10
CT,M,1951,Nelson,10
CT,M,1951,Robin,10
CT,M,1951,Rocco,10
CT,M,1951,Burton,9
CT,M,1951,Carmen,9
CT,M,1951,Don,9
CT,M,1951,Duane,9
CT,M,1951,Edmond,9
CT,M,1951,Everett,9
CT,M,1951,Garry,9
CT,M,1951,Kerry,9
CT,M,1951,Lance,9
CT,M,1951,Malcolm,9
CT,M,1951,Neal,9
CT,M,1951,Pasquale,9
CT,M,1951,Sean,9
CT,M,1951,Alvin,8
CT,M,1951,Antonio,8
CT,M,1951,Carlton,8
CT,M,1951,Gene,8
CT,M,1951,Jeffery,8
CT,M,1951,Marshall,8
CT,M,1951,Reed,8
CT,M,1951,Sidney,8
CT,M,1951,Stewart,8
CT,M,1951,Alex,7
CT,M,1951,Calvin,7
CT,M,1951,Claude,7
CT,M,1951,Domenic,7
CT,M,1951,Edgar,7
CT,M,1951,Emil,7
CT,M,1951,Floyd,7
CT,M,1951,Irving,7
CT,M,1951,Manuel,7
CT,M,1951,Maurice,7
CT,M,1951,Melvin,7
CT,M,1951,Rene,7
CT,M,1951,Ronnie,7
CT,M,1951,Vernon,7
CT,M,1951,Brent,6
CT,M,1951,Bryan,6
CT,M,1951,Denis,6
CT,M,1951,Duncan,6
CT,M,1951,Garrett,6
CT,M,1951,Gregg,6
CT,M,1951,Hugh,6
CT,M,1951,Johnny,6
CT,M,1951,Jose,6
CT,M,1951,Leigh,6
CT,M,1951,Leroy,6
CT,M,1951,Marvin,6
CT,M,1951,Micheal,6
CT,M,1951,Mike,6
CT,M,1951,Preston,6
CT,M,1951,Rudolph,6
CT,M,1951,Terrance,6
CT,M,1951,Tony,6
CT,M,1951,Andre,5
CT,M,1951,Bill,5
CT,M,1951,Chris,5
CT,M,1951,Christian,5
CT,M,1951,Clarence,5
CT,M,1951,Clark,5
CT,M,1951,Conrad,5
CT,M,1951,Dan,5
CT,M,1951,Daryl,5
CT,M,1951,Derek,5
CT,M,1951,Earle,5
CT,M,1951,Elmer,5
CT,M,1951,Frederic,5
CT,M,1951,Greg,5
CT,M,1951,Horace,5
CT,M,1951,Ira,5
CT,M,1951,Jan,5
CT,M,1951,Jesse,5
CT,M,1951,Kirk,5
CT,M,1951,Lester,5
CT,M,1951,Lynn,5
CT,M,1951,Marcus,5
CT,M,1951,Milton,5
CT,M,1951,Nathan,5
CT,M,1951,Noel,5
CT,M,1951,Oliver,5
CT,M,1951,Roderick,5
CT,M,1951,Terence,5
CT,M,1951,Thaddeus,5
CT,M,1951,Wilfred,5
CT,M,1951,Willie,5
CT,M,1952,Robert,1379
CT,M,1952,John,1365
CT,M,1952,Richard,960
CT,M,1952,Michael,951
CT,M,1952,James,948
CT,M,1952,David,933
CT,M,1952,William,886
CT,M,1952,Thomas,844
CT,M,1952,Gary,570
CT,M,1952,Joseph,565
CT,M,1952,Paul,479
CT,M,1952,Peter,462
CT,M,1952,Mark,432
CT,M,1952,Edward,377
CT,M,1952,Charles,329
CT,M,1952,Donald,325
CT,M,1952,Stephen,321
CT,M,1952,Kenneth,295
CT,M,1952,Ronald,273
CT,M,1952,Daniel,271
CT,M,1952,Steven,270
CT,M,1952,George,269
CT,M,1952,Dennis,240
CT,M,1952,Bruce,234
CT,M,1952,Anthony,226
CT,M,1952,Raymond,223
CT,M,1952,Kevin,196
CT,M,1952,Frank,193
CT,M,1952,Wayne,171
CT,M,1952,Jeffrey,170
CT,M,1952,Alan,166
CT,M,1952,Gregory,162
CT,M,1952,Timothy,157
CT,M,1952,Lawrence,156
CT,M,1952,Brian,152
CT,M,1952,Douglas,141
CT,M,1952,Christopher,137
CT,M,1952,Walter,136
CT,M,1952,Philip,135
CT,M,1952,Roger,133
CT,M,1952,Arthur,131
CT,M,1952,Louis,125
CT,M,1952,Francis,117
CT,M,1952,Frederick,116
CT,M,1952,Andrew,113
CT,M,1952,Keith,104
CT,M,1952,Henry,96
CT,M,1952,Gerald,95
CT,M,1952,Ralph,93
CT,M,1952,Carl,92
CT,M,1952,Scott,88
CT,M,1952,Craig,83
CT,M,1952,Vincent,82
CT,M,1952,Albert,80
CT,M,1952,Glenn,76
CT,M,1952,Stanley,75
CT,M,1952,Martin,74
CT,M,1952,Patrick,74
CT,M,1952,Russell,73
CT,M,1952,Nicholas,72
CT,M,1952,Theodore,69
CT,M,1952,Leonard,67
CT,M,1952,Eugene,66
CT,M,1952,Jonathan,63
CT,M,1952,Barry,61
CT,M,1952,Harold,60
CT,M,1952,Larry,56
CT,M,1952,Howard,55
CT,M,1952,Norman,55
CT,M,1952,Alfred,53
CT,M,1952,Harry,52
CT,M,1952,Clifford,50
CT,M,1952,Allen,49
CT,M,1952,Marc,49
CT,M,1952,Ernest,48
CT,M,1952,Eric,44
CT,M,1952,Alexander,40
CT,M,1952,Jack,40
CT,M,1952,Jay,40
CT,M,1952,Roy,39
CT,M,1952,Lee,38
CT,M,1952,Matthew,37
CT,M,1952,Leo,33
CT,M,1952,Guy,31
CT,M,1952,Randall,31
CT,M,1952,Gordon,30
CT,M,1952,Bernard,29
CT,M,1952,Curtis,29
CT,M,1952,Earl,29
CT,M,1952,Samuel,29
CT,M,1952,Allan,28
CT,M,1952,Roland,28
CT,M,1952,Bradford,27
CT,M,1952,Kurt,27
CT,M,1952,Victor,27
CT,M,1952,Salvatore,26
CT,M,1952,Jon,25
CT,M,1952,Neil,25
CT,M,1952,Dale,24
CT,M,1952,Fred,24
CT,M,1952,Gerard,24
CT,M,1952,Gilbert,24
CT,M,1952,Jerry,24
CT,M,1952,Warren,24
CT,M,1952,Gene,22
CT,M,1952,Glen,22
CT,M,1952,Benjamin,21
CT,M,1952,Bradley,21
CT,M,1952,Chester,21
CT,M,1952,Dana,21
CT,M,1952,Randy,21
CT,M,1952,Laurence,20
CT,M,1952,Rodney,20
CT,M,1952,Danny,19
CT,M,1952,Dean,19
CT,M,1952,Edmund,19
CT,M,1952,Edwin,19
CT,M,1952,Leslie,19
CT,M,1952,Terry,19
CT,M,1952,Geoffrey,18
CT,M,1952,Dwight,17
CT,M,1952,Joel,17
CT,M,1952,Herbert,16
CT,M,1952,Kim,16
CT,M,1952,Rocco,16
CT,M,1952,Wesley,16
CT,M,1952,Karl,15
CT,M,1952,Kirk,15
CT,M,1952,Lance,15
CT,M,1952,Mitchell,15
CT,M,1952,Phillip,15
CT,M,1952,Bryan,14
CT,M,1952,Duane,14
CT,M,1952,Jeffery,14
CT,M,1952,Jerome,14
CT,M,1952,Jesse,14
CT,M,1952,Lewis,14
CT,M,1952,Randolph,14
CT,M,1952,Stuart,14
CT,M,1952,Calvin,13
CT,M,1952,Clarence,13
CT,M,1952,Milton,13
CT,M,1952,Rudolph,13
CT,M,1952,Dominick,12
CT,M,1952,Kent,12
CT,M,1952,Angelo,11
CT,M,1952,Franklin,11
CT,M,1952,Garry,11
CT,M,1952,Leon,11
CT,M,1952,Lloyd,11
CT,M,1952,Robin,11
CT,M,1952,Ross,11
CT,M,1952,Steve,11
CT,M,1952,Wallace,11
CT,M,1952,Armand,10
CT,M,1952,Clinton,10
CT,M,1952,Denis,10
CT,M,1952,Dominic,10
CT,M,1952,Don,10
CT,M,1952,Hugh,10
CT,M,1952,Jan,10
CT,M,1952,Mario,10
CT,M,1952,Marvin,10
CT,M,1952,Nelson,10
CT,M,1952,Ray,10
CT,M,1952,Todd,10
CT,M,1952,Willie,10
CT,M,1952,Alvin,9
CT,M,1952,Arnold,9
CT,M,1952,Bill,9
CT,M,1952,Darryl,9
CT,M,1952,Dave,9
CT,M,1952,Manuel,9
CT,M,1952,Maurice,9
CT,M,1952,Neal,9
CT,M,1952,Pasquale,9
CT,M,1952,Reginald,9
CT,M,1952,Rene,9
CT,M,1952,Alphonse,8
CT,M,1952,Antonio,8
CT,M,1952,Brad,8
CT,M,1952,Chris,8
CT,M,1952,Conrad,8
CT,M,1952,Grant,8
CT,M,1952,Gregg,8
CT,M,1952,Kerry,8
CT,M,1952,Lester,8
CT,M,1952,Micheal,8
CT,M,1952,Ricky,8
CT,M,1952,Ted,8
CT,M,1952,Aaron,7
CT,M,1952,Clayton,7
CT,M,1952,Dan,7
CT,M,1952,Edgar,7
CT,M,1952,Edmond,7
CT,M,1952,Floyd,7
CT,M,1952,Harvey,7
CT,M,1952,Ira,7
CT,M,1952,Irving,7
CT,M,1952,Leroy,7
CT,M,1952,Stewart,7
CT,M,1952,Terrence,7
CT,M,1952,Vernon,7
CT,M,1952,Carmen,6
CT,M,1952,Clyde,6
CT,M,1952,Dane,6
CT,M,1952,Duncan,6
CT,M,1952,Frederic,6
CT,M,1952,Fredrick,6
CT,M,1952,Johnny,6
CT,M,1952,Jose,6
CT,M,1952,Justin,6
CT,M,1952,Luke,6
CT,M,1952,Malcolm,6
CT,M,1952,Marcel,6
CT,M,1952,Marshall,6
CT,M,1952,Mike,6
CT,M,1952,Oscar,6
CT,M,1952,Perry,6
CT,M,1952,Ronnie,6
CT,M,1952,Sean,6
CT,M,1952,Tom,6
CT,M,1952,Alex,5
CT,M,1952,Brien,5
CT,M,1952,Byron,5
CT,M,1952,Dante,5
CT,M,1952,Darrell,5
CT,M,1952,Daryl,5
CT,M,1952,Derek,5
CT,M,1952,Domenic,5
CT,M,1952,Drew,5
CT,M,1952,Elliot,5
CT,M,1952,Erick,5
CT,M,1952,Jacob,5
CT,M,1952,Jeff,5
CT,M,1952,Jim,5
CT,M,1952,Joe,5
CT,M,1952,Nathaniel,5
CT,M,1952,Owen,5
CT,M,1952,Raphael,5
CT,M,1952,Ricardo,5
CT,M,1952,Rick,5
CT,M,1952,Roman,5
CT,M,1952,Sheldon,5
CT,M,1952,Sidney,5
CT,M,1952,Stephan,5
CT,M,1952,Thaddeus,5
CT,M,1952,Tyrone,5
CT,M,1952,Vito,5
CT,M,1952,Wilfred,5
CT,M,1952,Willard,5
CT,M,1953,John,1349
CT,M,1953,Robert,1282
CT,M,1953,David,1093
CT,M,1953,Michael,1026
CT,M,1953,James,974
CT,M,1953,Richard,932
CT,M,1953,William,866
CT,M,1953,Thomas,853
CT,M,1953,Joseph,627
CT,M,1953,Gary,563
CT,M,1953,Paul,519
CT,M,1953,Mark,493
CT,M,1953,Edward,415
CT,M,1953,Peter,410
CT,M,1953,Stephen,375
CT,M,1953,Charles,342
CT,M,1953,Donald,328
CT,M,1953,Kenneth,312
CT,M,1953,Ronald,288
CT,M,1953,Jeffrey,285
CT,M,1953,Daniel,283
CT,M,1953,George,281
CT,M,1953,Steven,280
CT,M,1953,Kevin,246
CT,M,1953,Dennis,244
CT,M,1953,Bruce,237
CT,M,1953,Anthony,224
CT,M,1953,Brian,200
CT,M,1953,Raymond,193
CT,M,1953,Frank,187
CT,M,1953,Douglas,171
CT,M,1953,Alan,169
CT,M,1953,Wayne,160
CT,M,1953,Gregory,155
CT,M,1953,Lawrence,155
CT,M,1953,Timothy,150
CT,M,1953,Christopher,141
CT,M,1953,Walter,124
CT,M,1953,Arthur,123
CT,M,1953,Francis,123
CT,M,1953,Philip,117
CT,M,1953,Andrew,112
CT,M,1953,Ralph,111
CT,M,1953,Roger,108
CT,M,1953,Patrick,105
CT,M,1953,Louis,102
CT,M,1953,Keith,100
CT,M,1953,Scott,100
CT,M,1953,Henry,95
CT,M,1953,Albert,89
CT,M,1953,Carl,87
CT,M,1953,Frederick,86
CT,M,1953,Craig,83
CT,M,1953,Gerald,83
CT,M,1953,Glenn,83
CT,M,1953,Barry,80
CT,M,1953,Eugene,79
CT,M,1953,Vincent,79
CT,M,1953,Nicholas,78
CT,M,1953,Russell,78
CT,M,1953,Howard,71
CT,M,1953,Leonard,70
CT,M,1953,Martin,70
CT,M,1953,Eric,68
CT,M,1953,Jonathan,67
CT,M,1953,Stanley,64
CT,M,1953,Theodore,61
CT,M,1953,Ernest,59
CT,M,1953,Larry,55
CT,M,1953,Alfred,54
CT,M,1953,Harold,54
CT,M,1953,Norman,52
CT,M,1953,Harry,48
CT,M,1953,Guy,45
CT,M,1953,Clifford,42
CT,M,1953,Gordon,42
CT,M,1953,Roy,40
CT,M,1953,Jay,39
CT,M,1953,Bernard,38
CT,M,1953,Matthew,37
CT,M,1953,Samuel,37
CT,M,1953,Randy,36
CT,M,1953,Fred,35
CT,M,1953,Warren,35
CT,M,1953,Allan,32
CT,M,1953,Allen,32
CT,M,1953,Dean,32
CT,M,1953,Lee,32
CT,M,1953,Marc,32
CT,M,1953,Curtis,31
CT,M,1953,Edwin,31
CT,M,1953,Jerry,31
CT,M,1953,Leo,30
CT,M,1953,Karl,29
CT,M,1953,Stuart,29
CT,M,1953,Victor,29
CT,M,1953,Glen,28
CT,M,1953,Neil,28
CT,M,1953,Bradford,27
CT,M,1953,Herbert,27
CT,M,1953,Lewis,27
CT,M,1953,Alexander,26
CT,M,1953,Jon,26
CT,M,1953,Leon,26
CT,M,1953,Dale,25
CT,M,1953,Gerard,25
CT,M,1953,Joel,25
CT,M,1953,Kim,24
CT,M,1953,Leslie,24
CT,M,1953,Randall,24
CT,M,1953,Benjamin,23
CT,M,1953,Todd,23
CT,M,1953,Calvin,22
CT,M,1953,Kurt,22
CT,M,1953,Phillip,22
CT,M,1953,Terry,22
CT,M,1953,Jack,21
CT,M,1953,Rodney,21
CT,M,1953,Dominick,20
CT,M,1953,Salvatore,20
CT,M,1953,Dominic,19
CT,M,1953,Earl,19
CT,M,1953,Jeffery,19
CT,M,1953,Roland,19
CT,M,1953,Wesley,19
CT,M,1953,Bradley,18
CT,M,1953,Gene,18
CT,M,1953,Maurice,18
CT,M,1953,Denis,17
CT,M,1953,Jerome,17
CT,M,1953,Dwight,16
CT,M,1953,Franklin,16
CT,M,1953,Gregg,16
CT,M,1953,Lloyd,16
CT,M,1953,Terrence,16
CT,M,1953,Dana,15
CT,M,1953,Ricky,15
CT,M,1953,Daryl,14
CT,M,1953,Domenic,14
CT,M,1953,Geoffrey,14
CT,M,1953,Hugh,14
CT,M,1953,Laurence,14
CT,M,1953,Lester,14
CT,M,1953,Mitchell,14
CT,M,1953,Robin,14
CT,M,1953,Rocco,14
CT,M,1953,Chester,13
CT,M,1953,Clarence,13
CT,M,1953,Danny,13
CT,M,1953,Edmund,13
CT,M,1953,Jan,13
CT,M,1953,Mario,13
CT,M,1953,Neal,13
CT,M,1953,Nelson,13
CT,M,1953,Bryan,12
CT,M,1953,Chris,12
CT,M,1953,Garry,12
CT,M,1953,Gilbert,12
CT,M,1953,Ross,12
CT,M,1953,Angelo,11
CT,M,1953,Pasquale,11
CT,M,1953,Sean,11
CT,M,1953,Willie,11
CT,M,1953,Andre,10
CT,M,1953,Arnold,10
CT,M,1953,Bryant,10
CT,M,1953,Claude,10
CT,M,1953,Don,10
CT,M,1953,Greg,10
CT,M,1953,Jose,10
CT,M,1953,Kent,10
CT,M,1953,Kirk,10
CT,M,1953,Leroy,10
CT,M,1953,Marcel,10
CT,M,1953,Micheal,10
CT,M,1953,Myron,10
CT,M,1953,Randolph,10
CT,M,1953,Wallace,10
CT,M,1953,Clinton,9
CT,M,1953,Duane,9
CT,M,1953,Edgar,9
CT,M,1953,Fredrick,9
CT,M,1953,Jesse,9
CT,M,1953,Owen,9
CT,M,1953,Rick,9
CT,M,1953,Ronnie,9
CT,M,1953,Ted,9
CT,M,1953,Tom,9
CT,M,1953,Alex,8
CT,M,1953,Christian,8
CT,M,1953,Clark,8
CT,M,1953,Clayton,8
CT,M,1953,Curt,8
CT,M,1953,Dave,8
CT,M,1953,Eddie,8
CT,M,1953,Everett,8
CT,M,1953,Kerry,8
CT,M,1953,Milton,8
CT,M,1953,Roderick,8
CT,M,1953,Steve,8
CT,M,1953,Carlos,7
CT,M,1953,Carmen,7
CT,M,1953,Carmine,7
CT,M,1953,Clifton,7
CT,M,1953,Darryl,7
CT,M,1953,Floyd,7
CT,M,1953,Frederic,7
CT,M,1953,Grant,7
CT,M,1953,Hal,7
CT,M,1953,Ira,7
CT,M,1953,Ivan,7
CT,M,1953,Marshall,7
CT,M,1953,Marvin,7
CT,M,1953,Morris,7
CT,M,1953,Nathan,7
CT,M,1953,Preston,7
CT,M,1953,Ray,7
CT,M,1953,Reginald,7
CT,M,1953,Sebastian,7
CT,M,1953,Stewart,7
CT,M,1953,Aaron,6
CT,M,1953,Armand,6
CT,M,1953,Brad,6
CT,M,1953,Brent,6
CT,M,1953,Carlton,6
CT,M,1953,Edmond,6
CT,M,1953,Jean,6
CT,M,1953,Jimmy,6
CT,M,1953,Luis,6
CT,M,1953,Lynn,6
CT,M,1953,Malcolm,6
CT,M,1953,Melvin,6
CT,M,1953,Nathaniel,6
CT,M,1953,Otto,6
CT,M,1953,Perry,6
CT,M,1953,Rene,6
CT,M,1953,Rudolph,6
CT,M,1953,Seth,6
CT,M,1953,Terrance,6
CT,M,1953,Tony,6
CT,M,1953,Vito,6
CT,M,1953,Ward,6
CT,M,1953,Wilbur,6
CT,M,1953,Adam,5
CT,M,1953,Adrian,5
CT,M,1953,Antonio,5
CT,M,1953,Bert,5
CT,M,1953,Blair,5
CT,M,1953,Blake,5
CT,M,1953,Bobby,5
CT,M,1953,Conrad,5
CT,M,1953,Drew,5
CT,M,1953,Elliott,5
CT,M,1953,Harvey,5
CT,M,1953,Irving,5
CT,M,1953,Jacob,5
CT,M,1953,Jeff,5
CT,M,1953,Lamont,5
CT,M,1953,Lance,5
CT,M,1953,Luke,5
CT,M,1953,Manuel,5
CT,M,1953,Mike,5
CT,M,1953,Miles,5
CT,M,1953,Noel,5
CT,M,1953,Rickey,5
CT,M,1953,Roman,5
CT,M,1953,Spencer,5
CT,M,1953,Vernon,5
CT,M,1953,Wade,5
CT,M,1954,John,1363
CT,M,1954,Robert,1355
CT,M,1954,Michael,1148
CT,M,1954,David,1134
CT,M,1954,James,1006
CT,M,1954,Richard,948
CT,M,1954,William,909
CT,M,1954,Thomas,841
CT,M,1954,Mark,638
CT,M,1954,Joseph,580
CT,M,1954,Paul,528
CT,M,1954,Gary,520
CT,M,1954,Peter,459
CT,M,1954,Stephen,376
CT,M,1954,Edward,366
CT,M,1954,Steven,350
CT,M,1954,Charles,348
CT,M,1954,George,322
CT,M,1954,Kenneth,320
CT,M,1954,Jeffrey,314
CT,M,1954,Donald,311
CT,M,1954,Kevin,299
CT,M,1954,Ronald,292
CT,M,1954,Daniel,280
CT,M,1954,Bruce,269
CT,M,1954,Anthony,235
CT,M,1954,Frank,227
CT,M,1954,Raymond,219
CT,M,1954,Brian,218
CT,M,1954,Timothy,209
CT,M,1954,Dennis,202
CT,M,1954,Wayne,170
CT,M,1954,Douglas,167
CT,M,1954,Gregory,165
CT,M,1954,Alan,160
CT,M,1954,Lawrence,142
CT,M,1954,Scott,141
CT,M,1954,Christopher,137
CT,M,1954,Francis,126
CT,M,1954,Frederick,125
CT,M,1954,Walter,124
CT,M,1954,Philip,122
CT,M,1954,Keith,119
CT,M,1954,Andrew,118
CT,M,1954,Arthur,117
CT,M,1954,Carl,104
CT,M,1954,Patrick,102
CT,M,1954,Ralph,101
CT,M,1954,Roger,100
CT,M,1954,Henry,99
CT,M,1954,Craig,97
CT,M,1954,Gerald,92
CT,M,1954,Glenn,91
CT,M,1954,Louis,91
CT,M,1954,Albert,86
CT,M,1954,Barry,79
CT,M,1954,Jonathan,78
CT,M,1954,Vincent,78
CT,M,1954,Russell,76
CT,M,1954,Harold,73
CT,M,1954,Martin,73
CT,M,1954,Nicholas,73
CT,M,1954,Theodore,73
CT,M,1954,Stanley,69
CT,M,1954,Larry,67
CT,M,1954,Alfred,65
CT,M,1954,Leonard,65
CT,M,1954,Marc,62
CT,M,1954,Eugene,61
CT,M,1954,Ernest,60
CT,M,1954,Harry,60
CT,M,1954,Matthew,59
CT,M,1954,Eric,56
CT,M,1954,Randy,51
CT,M,1954,Allen,50
CT,M,1954,Clifford,46
CT,M,1954,Howard,46
CT,M,1954,Bernard,42
CT,M,1954,Guy,42
CT,M,1954,Neil,42
CT,M,1954,Salvatore,42
CT,M,1954,Jon,40
CT,M,1954,Roy,40
CT,M,1954,Victor,40
CT,M,1954,Alexander,38
CT,M,1954,Jay,37
CT,M,1954,Dean,35
CT,M,1954,Gerard,35
CT,M,1954,Norman,35
CT,M,1954,Samuel,35
CT,M,1954,Fred,34
CT,M,1954,Gordon,34
CT,M,1954,Terry,34
CT,M,1954,Kim,33
CT,M,1954,Allan,32
CT,M,1954,Dale,32
CT,M,1954,Jack,32
CT,M,1954,Edwin,31
CT,M,1954,Lee,31
CT,M,1954,Warren,31
CT,M,1954,Jerry,30
CT,M,1954,Glen,29
CT,M,1954,Benjamin,28
CT,M,1954,Chester,28
CT,M,1954,Dana,27
CT,M,1954,Kurt,27
CT,M,1954,Earl,26
CT,M,1954,Jerome,26
CT,M,1954,Jeffery,25
CT,M,1954,Joel,25
CT,M,1954,Karl,25
CT,M,1954,Curtis,24
CT,M,1954,Edmund,24
CT,M,1954,Stuart,24
CT,M,1954,Bradford,23
CT,M,1954,Randall,23
CT,M,1954,Laurence,22
CT,M,1954,Robin,22
CT,M,1954,Bradley,21
CT,M,1954,Danny,21
CT,M,1954,Gene,21
CT,M,1954,Rodney,21
CT,M,1954,Todd,21
CT,M,1954,Leo,20
CT,M,1954,Dominic,19
CT,M,1954,Ricky,19
CT,M,1954,Leslie,18
CT,M,1954,Lewis,18
CT,M,1954,Phillip,18
CT,M,1954,Dwight,17
CT,M,1954,Leon,17
CT,M,1954,Nelson,17
CT,M,1954,Willie,17
CT,M,1954,Geoffrey,16
CT,M,1954,Gilbert,16
CT,M,1954,Herbert,16
CT,M,1954,Kent,16
CT,M,1954,Mario,16
CT,M,1954,Melvin,16
CT,M,1954,Roland,16
CT,M,1954,Wesley,16
CT,M,1954,Bryan,15
CT,M,1954,Gregg,15
CT,M,1954,Angelo,14
CT,M,1954,Calvin,14
CT,M,1954,Jose,14
CT,M,1954,Kerry,14
CT,M,1954,Lance,14
CT,M,1954,Mitchell,14
CT,M,1954,Randolph,14
CT,M,1954,Sean,14
CT,M,1954,Steve,14
CT,M,1954,Terrence,14
CT,M,1954,Vernon,14
CT,M,1954,Dominick,13
CT,M,1954,Leroy,13
CT,M,1954,Ross,13
CT,M,1954,Brad,12
CT,M,1954,Duane,12
CT,M,1954,Garry,12
CT,M,1954,Lester,12
CT,M,1954,Lloyd,12
CT,M,1954,Marvin,12
CT,M,1954,Maurice,12
CT,M,1954,Neal,12
CT,M,1954,Reginald,12
CT,M,1954,Ted,12
CT,M,1954,Clarence,11
CT,M,1954,Darryl,11
CT,M,1954,Jimmy,11
CT,M,1954,Terrance,11
CT,M,1954,Arnold,10
CT,M,1954,Chris,10
CT,M,1954,Dave,10
CT,M,1954,Don,10
CT,M,1954,Frederic,10
CT,M,1954,Greg,10
CT,M,1954,Kirk,10
CT,M,1954,Marshall,10
CT,M,1954,Claude,9
CT,M,1954,Hugh,9
CT,M,1954,Jesse,9
CT,M,1954,Mike,9
CT,M,1954,Rene,9
CT,M,1954,Rocco,9
CT,M,1954,Antonio,8
CT,M,1954,Carmine,8
CT,M,1954,Christian,8
CT,M,1954,Clyde,8
CT,M,1954,Colin,8
CT,M,1954,Conrad,8
CT,M,1954,Denis,8
CT,M,1954,Edgar,8
CT,M,1954,Franklin,8
CT,M,1954,Harvey,8
CT,M,1954,Irving,8
CT,M,1954,Micheal,8
CT,M,1954,Seth,8
CT,M,1954,Terence,8
CT,M,1954,Andre,7
CT,M,1954,Brett,7
CT,M,1954,Darrell,7
CT,M,1954,Daryl,7
CT,M,1954,Floyd,7
CT,M,1954,Ian,7
CT,M,1954,Jeff,7
CT,M,1954,Joe,7
CT,M,1954,Manuel,7
CT,M,1954,Rick,7
CT,M,1954,Vito,7
CT,M,1954,Wallace,7
CT,M,1954,Wilfred,7
CT,M,1954,Willard,7
CT,M,1954,Alex,6
CT,M,1954,Alvin,6
CT,M,1954,Angel,6
CT,M,1954,Byron,6
CT,M,1954,Carmen,6
CT,M,1954,Cecil,6
CT,M,1954,Dan,6
CT,M,1954,Domenic,6
CT,M,1954,Edmond,6
CT,M,1954,Erik,6
CT,M,1954,Everett,6
CT,M,1954,Felix,6
CT,M,1954,Francisco,6
CT,M,1954,Fredrick,6
CT,M,1954,Horace,6
CT,M,1954,Jan,6
CT,M,1954,Jim,6
CT,M,1954,Juan,6
CT,M,1954,Marcus,6
CT,M,1954,Milton,6
CT,M,1954,Noel,6
CT,M,1954,Oliver,6
CT,M,1954,Pat,6
CT,M,1954,Ray,6
CT,M,1954,Rudolph,6
CT,M,1954,Shawn,6
CT,M,1954,Spencer,6
CT,M,1954,Tyler,6
CT,M,1954,Adrian,5
CT,M,1954,Armand,5
CT,M,1954,Billy,5
CT,M,1954,Bobby,5
CT,M,1954,Brent,5
CT,M,1954,Brien,5
CT,M,1954,Burton,5
CT,M,1954,Carlton,5
CT,M,1954,Clark,5
CT,M,1954,Clinton,5
CT,M,1954,Cornelius,5
CT,M,1954,Dane,5
CT,M,1954,Derek,5
CT,M,1954,Elton,5
CT,M,1954,Erwin,5
CT,M,1954,Fredric,5
CT,M,1954,Ira,5
CT,M,1954,Jacob,5
CT,M,1954,Jeffry,5
CT,M,1954,Joshua,5
CT,M,1954,Julius,5
CT,M,1954,Linwood,5
CT,M,1954,Lucian,5
CT,M,1954,Luis,5
CT,M,1954,Lynn,5
CT,M,1954,Marcel,5
CT,M,1954,Miguel,5
CT,M,1954,Morris,5
CT,M,1954,Nathan,5
CT,M,1954,Oscar,5
CT,M,1954,Patsy,5
CT,M,1954,Perry,5
CT,M,1954,Raphael,5
CT,M,1954,Reed,5
CT,M,1954,Rickey,5
CT,M,1954,Sam,5
CT,M,1954,Sebastian,5
CT,M,1954,Sidney,5
CT,M,1954,Sylvester,5
CT,M,1954,Teddy,5
CT,M,1954,Timmy,5
CT,M,1954,Tommy,5
CT,M,1954,Tony,5
CT,M,1955,Robert,1448
CT,M,1955,David,1344
CT,M,1955,John,1323
CT,M,1955,Michael,1152
CT,M,1955,James,984
CT,M,1955,William,924
CT,M,1955,Richard,896
CT,M,1955,Thomas,797
CT,M,1955,Mark,697
CT,M,1955,Joseph,620
CT,M,1955,Gary,521
CT,M,1955,Paul,508
CT,M,1955,Peter,456
CT,M,1955,Stephen,402
CT,M,1955,Edward,392
CT,M,1955,Steven,383
CT,M,1955,Jeffrey,365
CT,M,1955,Daniel,332
CT,M,1955,Charles,323
CT,M,1955,Donald,323
CT,M,1955,Kevin,321
CT,M,1955,George,319
CT,M,1955,Kenneth,274
CT,M,1955,Bruce,258
CT,M,1955,Ronald,256
CT,M,1955,Anthony,240
CT,M,1955,Brian,237
CT,M,1955,Raymond,225
CT,M,1955,Timothy,209
CT,M,1955,Frank,200
CT,M,1955,Gregory,197
CT,M,1955,Dennis,183
CT,M,1955,Christopher,166
CT,M,1955,Wayne,158
CT,M,1955,Philip,155
CT,M,1955,Douglas,151
CT,M,1955,Lawrence,146
CT,M,1955,Alan,140
CT,M,1955,Keith,140
CT,M,1955,Scott,133
CT,M,1955,Arthur,124
CT,M,1955,Louis,123
CT,M,1955,Walter,119
CT,M,1955,Andrew,117
CT,M,1955,Craig,112
CT,M,1955,Francis,108
CT,M,1955,Roger,108
CT,M,1955,Jonathan,107
CT,M,1955,Vincent,107
CT,M,1955,Glenn,104
CT,M,1955,Carl,100
CT,M,1955,Patrick,96
CT,M,1955,Ralph,94
CT,M,1955,Frederick,92
CT,M,1955,Russell,85
CT,M,1955,Martin,79
CT,M,1955,Gerald,77
CT,M,1955,Eugene,75
CT,M,1955,Stanley,73
CT,M,1955,Barry,72
CT,M,1955,Henry,69
CT,M,1955,Marc,69
CT,M,1955,Theodore,65
CT,M,1955,Albert,64
CT,M,1955,Jay,64
CT,M,1955,Nicholas,63
CT,M,1955,Larry,60
CT,M,1955,Allen,59
CT,M,1955,Eric,58
CT,M,1955,Leonard,57
CT,M,1955,Matthew,57
CT,M,1955,Harold,56
CT,M,1955,Norman,54
CT,M,1955,Ernest,52
CT,M,1955,Clifford,50
CT,M,1955,Howard,50
CT,M,1955,Alfred,49
CT,M,1955,Guy,48
CT,M,1955,Roy,45
CT,M,1955,Samuel,45
CT,M,1955,Victor,43
CT,M,1955,Glen,41
CT,M,1955,Kurt,41
CT,M,1955,Jeffery,38
CT,M,1955,Karl,38
CT,M,1955,Phillip,37
CT,M,1955,Randy,36
CT,M,1955,Randall,35
CT,M,1955,Leo,34
CT,M,1955,Neil,34
CT,M,1955,Terry,34
CT,M,1955,Fred,33
CT,M,1955,Harry,33
CT,M,1955,Jon,33
CT,M,1955,Allan,31
CT,M,1955,Kim,31
CT,M,1955,Stuart,31
CT,M,1955,Bernard,30
CT,M,1955,Jerry,30
CT,M,1955,Alexander,29
CT,M,1955,Dean,29
CT,M,1955,Edwin,29
CT,M,1955,Salvatore,29
CT,M,1955,Gordon,28
CT,M,1955,Joel,28
CT,M,1955,Lee,28
CT,M,1955,Bradley,27
CT,M,1955,Geoffrey,27
CT,M,1955,Benjamin,26
CT,M,1955,Bradford,26
CT,M,1955,Dale,26
CT,M,1955,Todd,26
CT,M,1955,Jack,25
CT,M,1955,Curtis,24
CT,M,1955,Dana,23
CT,M,1955,Gene,23
CT,M,1955,Ricky,23
CT,M,1955,Rodney,23
CT,M,1955,Kerry,22
CT,M,1955,Edmund,21
CT,M,1955,Mitchell,21
CT,M,1955,Earl,20
CT,M,1955,Herbert,20
CT,M,1955,Laurence,20
CT,M,1955,Steve,20
CT,M,1955,Danny,19
CT,M,1955,Gerard,19
CT,M,1955,Gilbert,19
CT,M,1955,Warren,19
CT,M,1955,Leon,18
CT,M,1955,Terrence,18
CT,M,1955,Arnold,17
CT,M,1955,Brad,17
CT,M,1955,Bryan,17
CT,M,1955,Mario,16
CT,M,1955,Robin,16
CT,M,1955,Angelo,15
CT,M,1955,Chester,15
CT,M,1955,Lance,15
CT,M,1955,Roland,15
CT,M,1955,Chris,14
CT,M,1955,Dominick,14
CT,M,1955,Garry,14
CT,M,1955,Gregg,14
CT,M,1955,Kent,14
CT,M,1955,Marvin,14
CT,M,1955,Micheal,14
CT,M,1955,Alvin,13
CT,M,1955,Calvin,13
CT,M,1955,Dave,13
CT,M,1955,Neal,13
CT,M,1955,Nelson,13
CT,M,1955,Rick,13
CT,M,1955,Rocco,13
CT,M,1955,Ross,13
CT,M,1955,Sean,13
CT,M,1955,Clayton,12
CT,M,1955,Don,12
CT,M,1955,Jerome,12
CT,M,1955,Kirk,12
CT,M,1955,Ted,12
CT,M,1955,Wesley,12
CT,M,1955,Willie,12
CT,M,1955,Brent,11
CT,M,1955,Darrell,11
CT,M,1955,Dominic,11
CT,M,1955,Duane,11
CT,M,1955,Jose,11
CT,M,1955,Leslie,11
CT,M,1955,Melvin,11
CT,M,1955,Ray,11
CT,M,1955,Reginald,11
CT,M,1955,Conrad,10
CT,M,1955,Denis,10
CT,M,1955,Dwight,10
CT,M,1955,Fredrick,10
CT,M,1955,Harvey,10
CT,M,1955,Jeff,10
CT,M,1955,Marshall,10
CT,M,1955,Maurice,10
CT,M,1955,Nathaniel,10
CT,M,1955,Oscar,10
CT,M,1955,Roderick,10
CT,M,1955,Terence,10
CT,M,1955,Tony,10
CT,M,1955,Antonio,9
CT,M,1955,Bill,9
CT,M,1955,Brett,9
CT,M,1955,Colin,9
CT,M,1955,Dan,9
CT,M,1955,Derek,9
CT,M,1955,Drew,9
CT,M,1955,Edgar,9
CT,M,1955,Franklin,9
CT,M,1955,Hugh,9
CT,M,1955,Jan,9
CT,M,1955,Johnny,9
CT,M,1955,Lewis,9
CT,M,1955,Lloyd,9
CT,M,1955,Milton,9
CT,M,1955,Pasquale,9
CT,M,1955,Randolph,9
CT,M,1955,Alton,8
CT,M,1955,Carlos,8
CT,M,1955,Christian,8
CT,M,1955,Clarence,8
CT,M,1955,Darryl,8
CT,M,1955,Floyd,8
CT,M,1955,Jesse,8
CT,M,1955,Julius,8
CT,M,1955,Leigh,8
CT,M,1955,Leroy,8
CT,M,1955,Luis,8
CT,M,1955,Nathan,8
CT,M,1955,Ronnie,8
CT,M,1955,Shawn,8
CT,M,1955,Stephan,8
CT,M,1955,Vernon,8
CT,M,1955,Andre,7
CT,M,1955,Andy,7
CT,M,1955,Brien,7
CT,M,1955,Byron,7
CT,M,1955,Carlton,7
CT,M,1955,Carmen,7
CT,M,1955,Daryl,7
CT,M,1955,Eddie,7
CT,M,1955,Edmond,7
CT,M,1955,Evan,7
CT,M,1955,Everett,7
CT,M,1955,Joesph,7
CT,M,1955,Lionel,7
CT,M,1955,Malcolm,7
CT,M,1955,Manuel,7
CT,M,1955,Perry,7
CT,M,1955,Seth,7
CT,M,1955,Wilfred,7
CT,M,1955,Aaron,6
CT,M,1955,Adam,6
CT,M,1955,Adrian,6
CT,M,1955,Alex,6
CT,M,1955,Alphonse,6
CT,M,1955,Bobby,6
CT,M,1955,Bruno,6
CT,M,1955,Cary,6
CT,M,1955,Clinton,6
CT,M,1955,Clyde,6
CT,M,1955,Greg,6
CT,M,1955,Ian,6
CT,M,1955,Irving,6
CT,M,1955,Jared,6
CT,M,1955,Joe,6
CT,M,1955,Lester,6
CT,M,1955,Luke,6
CT,M,1955,Mike,6
CT,M,1955,Nick,6
CT,M,1955,Normand,6
CT,M,1955,Rene,6
CT,M,1955,Sebastian,6
CT,M,1955,Spencer,6
CT,M,1955,Aldo,5
CT,M,1955,Archie,5
CT,M,1955,Armand,5
CT,M,1955,Brendan,5
CT,M,1955,Claude,5
CT,M,1955,Corey,5
CT,M,1955,Damian,5
CT,M,1955,Dante,5
CT,M,1955,Domenic,5
CT,M,1955,Dudley,5
CT,M,1955,Emanuel,5
CT,M,1955,Erik,5
CT,M,1955,Erwin,5
CT,M,1955,Grant,5
CT,M,1955,Jean,5
CT,M,1955,Juan,5
CT,M,1955,Julio,5
CT,M,1955,Lucien,5
CT,M,1955,Lynn,5
CT,M,1955,Mary,5
CT,M,1955,Miguel,5
CT,M,1955,Morris,5
CT,M,1955,Randal,5
CT,M,1955,Ricardo,5
CT,M,1955,Santo,5
CT,M,1955,Stefan,5
CT,M,1955,Vito,5
CT,M,1955,Wallace,5
CT,M,1955,Wendell,5
CT,M,1955,Willard,5
CT,M,1956,Robert,1378
CT,M,1956,John,1289
CT,M,1956,David,1231
CT,M,1956,Michael,1199
CT,M,1956,James,982
CT,M,1956,Richard,870
CT,M,1956,William,844
CT,M,1956,Mark,795
CT,M,1956,Thomas,783
CT,M,1956,Joseph,608
CT,M,1956,Paul,550
CT,M,1956,Gary,521
CT,M,1956,Peter,493
CT,M,1956,Edward,421
CT,M,1956,Steven,392
CT,M,1956,Stephen,358
CT,M,1956,Brian,352
CT,M,1956,Kevin,352
CT,M,1956,Jeffrey,346
CT,M,1956,Donald,330
CT,M,1956,Daniel,318
CT,M,1956,Charles,311
CT,M,1956,Ronald,301
CT,M,1956,Kenneth,289
CT,M,1956,Timothy,278
CT,M,1956,George,261
CT,M,1956,Anthony,256
CT,M,1956,Frank,245
CT,M,1956,Bruce,238
CT,M,1956,Raymond,232
CT,M,1956,Gregory,207
CT,M,1956,Scott,200
CT,M,1956,Douglas,195
CT,M,1956,Christopher,178
CT,M,1956,Dennis,168
CT,M,1956,Keith,160
CT,M,1956,Lawrence,150
CT,M,1956,Philip,150
CT,M,1956,Alan,148
CT,M,1956,Wayne,145
CT,M,1956,Andrew,127
CT,M,1956,Roger,123
CT,M,1956,Arthur,115
CT,M,1956,Walter,113
CT,M,1956,Glenn,110
CT,M,1956,Louis,110
CT,M,1956,Patrick,107
CT,M,1956,Russell,107
CT,M,1956,Craig,102
CT,M,1956,Frederick,102
CT,M,1956,Jonathan,102
CT,M,1956,Francis,95
CT,M,1956,Carl,92
CT,M,1956,Matthew,88
CT,M,1956,Vincent,88
CT,M,1956,Gerald,85
CT,M,1956,Albert,80
CT,M,1956,Ralph,80
CT,M,1956,Martin,79
CT,M,1956,Leonard,78
CT,M,1956,Henry,69
CT,M,1956,Theodore,68
CT,M,1956,Barry,63
CT,M,1956,Larry,63
CT,M,1956,Stanley,63
CT,M,1956,Allen,62
CT,M,1956,Eric,61
CT,M,1956,Nicholas,61
CT,M,1956,Jay,59
CT,M,1956,Harold,58
CT,M,1956,Kurt,58
CT,M,1956,Norman,58
CT,M,1956,Guy,54
CT,M,1956,Howard,53
CT,M,1956,Roy,52
CT,M,1956,Marc,51
CT,M,1956,Alfred,50
CT,M,1956,Clifford,50
CT,M,1956,Randy,47
CT,M,1956,Eugene,44
CT,M,1956,Dean,42
CT,M,1956,Fred,42
CT,M,1956,Lee,41
CT,M,1956,Ricky,40
CT,M,1956,Ernest,39
CT,M,1956,Joel,39
CT,M,1956,Karl,38
CT,M,1956,Alexander,36
CT,M,1956,Samuel,36
CT,M,1956,Victor,36
CT,M,1956,Glen,35
CT,M,1956,Gerard,34
CT,M,1956,Curtis,33
CT,M,1956,Jon,33
CT,M,1956,Salvatore,33
CT,M,1956,Harry,32
CT,M,1956,Jerry,32
CT,M,1956,Jeffery,31
CT,M,1956,Randall,31
CT,M,1956,Allan,29
CT,M,1956,Geoffrey,29
CT,M,1956,Jack,28
CT,M,1956,Neil,28
CT,M,1956,Todd,28
CT,M,1956,Dale,27
CT,M,1956,Dana,27
CT,M,1956,Earl,27
CT,M,1956,Gordon,27
CT,M,1956,Benjamin,26
CT,M,1956,Chris,26
CT,M,1956,Edwin,26
CT,M,1956,Stuart,26
CT,M,1956,Bernard,25
CT,M,1956,Bryan,25
CT,M,1956,Leo,25
CT,M,1956,Sean,25
CT,M,1956,Kim,24
CT,M,1956,Phillip,23
CT,M,1956,Roland,23
CT,M,1956,Rodney,22
CT,M,1956,Terry,22
CT,M,1956,Warren,22
CT,M,1956,Edmund,21
CT,M,1956,Herbert,21
CT,M,1956,Jerome,21
CT,M,1956,Angelo,20
CT,M,1956,Duane,20
CT,M,1956,Jeff,20
CT,M,1956,Leslie,20
CT,M,1956,Robin,20
CT,M,1956,Bradford,19
CT,M,1956,Steve,19
CT,M,1956,Tom,19
CT,M,1956,Danny,18
CT,M,1956,Dominic,18
CT,M,1956,Jose,18
CT,M,1956,Gregg,17
CT,M,1956,Mike,17
CT,M,1956,Mitchell,17
CT,M,1956,Randolph,17
CT,M,1956,Terrence,17
CT,M,1956,Darrell,16
CT,M,1956,Gene,16
CT,M,1956,Kent,16
CT,M,1956,Leon,16
CT,M,1956,Ray,16
CT,M,1956,Rick,16
CT,M,1956,Tony,16
CT,M,1956,Wesley,16
CT,M,1956,Lewis,15
CT,M,1956,Mario,15
CT,M,1956,Nelson,15
CT,M,1956,Rudolph,15
CT,M,1956,Arnold,14
CT,M,1956,Bill,14
CT,M,1956,Calvin,14
CT,M,1956,Dwight,14
CT,M,1956,Luis,14
CT,M,1956,Melvin,14
CT,M,1956,Neal,14
CT,M,1956,Ronnie,14
CT,M,1956,Terence,14
CT,M,1956,Darryl,13
CT,M,1956,Dave,13
CT,M,1956,Don,13
CT,M,1956,Gilbert,13
CT,M,1956,Jim,13
CT,M,1956,Marshall,13
CT,M,1956,Nathaniel,13
CT,M,1956,Rocco,13
CT,M,1956,Ross,13
CT,M,1956,Chester,12
CT,M,1956,Kirk,12
CT,M,1956,Lester,12
CT,M,1956,Lloyd,12
CT,M,1956,Rene,12
CT,M,1956,Willie,12
CT,M,1956,Alex,11
CT,M,1956,Burton,11
CT,M,1956,Clarence,11
CT,M,1956,Daryl,11
CT,M,1956,Dominick,11
CT,M,1956,Greg,11
CT,M,1956,Jason,11
CT,M,1956,Kerry,11
CT,M,1956,Lance,11
CT,M,1956,Laurence,11
CT,M,1956,Micheal,11
CT,M,1956,Andre,10
CT,M,1956,Fredrick,10
CT,M,1956,Jan,10
CT,M,1956,Juan,10
CT,M,1956,Leroy,10
CT,M,1956,Mathew,10
CT,M,1956,Seth,10
CT,M,1956,Stephan,10
CT,M,1956,Stewart,10
CT,M,1956,Terrance,10
CT,M,1956,Thaddeus,10
CT,M,1956,Aaron,9
CT,M,1956,Alvin,9
CT,M,1956,Brad,9
CT,M,1956,Bradley,9
CT,M,1956,Carlton,9
CT,M,1956,Claude,9
CT,M,1956,Dan,9
CT,M,1956,Franklin,9
CT,M,1956,Herman,9
CT,M,1956,Jimmy,9
CT,M,1956,Lonnie,9
CT,M,1956,Marvin,9
CT,M,1956,Shawn,9
CT,M,1956,Tim,9
CT,M,1956,Antonio,8
CT,M,1956,Blair,8
CT,M,1956,Clark,8
CT,M,1956,Clayton,8
CT,M,1956,Derek,8
CT,M,1956,Felix,8
CT,M,1956,Francisco,8
CT,M,1956,Hugh,8
CT,M,1956,Joe,8
CT,M,1956,Maurice,8
CT,M,1956,Ricardo,8
CT,M,1956,Rory,8
CT,M,1956,Vernon,8
CT,M,1956,Wallace,8
CT,M,1956,Ward,8
CT,M,1956,Adam,7
CT,M,1956,Andy,7
CT,M,1956,Billy,7
CT,M,1956,Carmen,7
CT,M,1956,Clinton,7
CT,M,1956,Colin,7
CT,M,1956,Conrad,7
CT,M,1956,Edmond,7
CT,M,1956,Elliott,7
CT,M,1956,Garry,7
CT,M,1956,Hector,7
CT,M,1956,Jesse,7
CT,M,1956,Leigh,7
CT,M,1956,Leland,7
CT,M,1956,Malcolm,7
CT,M,1956,Manuel,7
CT,M,1956,Marcus,7
CT,M,1956,Milton,7
CT,M,1956,Pasquale,7
CT,M,1956,Pat,7
CT,M,1956,Perry,7
CT,M,1956,Reginald,7
CT,M,1956,Ron,7
CT,M,1956,Scot,7
CT,M,1956,Adrian,6
CT,M,1956,Alphonse,6
CT,M,1956,Byron,6
CT,M,1956,Clyde,6
CT,M,1956,Drew,6
CT,M,1956,Floyd,6
CT,M,1956,Freddie,6
CT,M,1956,Garth,6
CT,M,1956,Irving,6
CT,M,1956,Justin,6
CT,M,1956,Kelly,6
CT,M,1956,Myron,6
CT,M,1956,Rafael,6
CT,M,1956,Roderick,6
CT,M,1956,Shaun,6
CT,M,1956,Ted,6
CT,M,1956,Tracy,6
CT,M,1956,Wade,6
CT,M,1956,Wendell,6
CT,M,1956,Aldo,5
CT,M,1956,Alton,5
CT,M,1956,Ben,5
CT,M,1956,Benedict,5
CT,M,1956,Bob,5
CT,M,1956,Brien,5
CT,M,1956,Carlos,5
CT,M,1956,Carmine,5
CT,M,1956,Curt,5
CT,M,1956,Denis,5
CT,M,1956,Dino,5
CT,M,1956,Douglass,5
CT,M,1956,Elliot,5
CT,M,1956,Elmer,5
CT,M,1956,Evan,5
CT,M,1956,Francesco,5
CT,M,1956,Harvey,5
CT,M,1956,Jaime,5
CT,M,1956,Jerald,5
CT,M,1956,Joshua,5
CT,M,1956,Lionel,5
CT,M,1956,Luke,5
CT,M,1956,Marcel,5
CT,M,1956,Marco,5
CT,M,1956,Noel,5
CT,M,1956,Normand,5
CT,M,1956,Pedro,5
CT,M,1956,Pierre,5
CT,M,1956,Rex,5
CT,M,1956,Royal,5
CT,M,1956,Sidney,5
CT,M,1956,Wilbur,5
CT,M,1956,Willis,5
CT,M,1956,Wyatt,5
CT,M,1957,Michael,1403
CT,M,1957,John,1393
CT,M,1957,Robert,1380
CT,M,1957,David,1204
CT,M,1957,James,1045
CT,M,1957,Richard,902
CT,M,1957,William,890
CT,M,1957,Mark,884
CT,M,1957,Thomas,823
CT,M,1957,Joseph,696
CT,M,1957,Paul,618
CT,M,1957,Peter,539
CT,M,1957,Gary,467
CT,M,1957,Steven,446
CT,M,1957,Kevin,438
CT,M,1957,Jeffrey,421
CT,M,1957,Brian,388
CT,M,1957,Stephen,387
CT,M,1957,Donald,381
CT,M,1957,Daniel,371
CT,M,1957,Kenneth,340
CT,M,1957,Edward,334
CT,M,1957,Ronald,329
CT,M,1957,Anthony,318
CT,M,1957,Charles,314
CT,M,1957,Timothy,305
CT,M,1957,George,260
CT,M,1957,Bruce,246
CT,M,1957,Scott,241
CT,M,1957,Frank,223
CT,M,1957,Raymond,222
CT,M,1957,Gregory,214
CT,M,1957,Keith,204
CT,M,1957,Douglas,200
CT,M,1957,Christopher,190
CT,M,1957,Wayne,185
CT,M,1957,Alan,151
CT,M,1957,Dennis,144
CT,M,1957,Lawrence,142
CT,M,1957,Louis,136
CT,M,1957,Philip,133
CT,M,1957,Andrew,130
CT,M,1957,Patrick,120
CT,M,1957,Glenn,118
CT,M,1957,Jonathan,114
CT,M,1957,Carl,112
CT,M,1957,Craig,108
CT,M,1957,Walter,105
CT,M,1957,Roger,101
CT,M,1957,Arthur,99
CT,M,1957,Francis,99
CT,M,1957,Ralph,97
CT,M,1957,Matthew,95
CT,M,1957,Gerald,94
CT,M,1957,Martin,91
CT,M,1957,Russell,91
CT,M,1957,Henry,86
CT,M,1957,Eric,84
CT,M,1957,Vincent,84
CT,M,1957,Frederick,81
CT,M,1957,Albert,75
CT,M,1957,Nicholas,72
CT,M,1957,Leonard,71
CT,M,1957,Dean,69
CT,M,1957,Jay,69
CT,M,1957,Randy,64
CT,M,1957,Harold,63
CT,M,1957,Norman,63
CT,M,1957,Theodore,63
CT,M,1957,Larry,62
CT,M,1957,Barry,61
CT,M,1957,Clifford,59
CT,M,1957,Eugene,59
CT,M,1957,Howard,56
CT,M,1957,Marc,56
CT,M,1957,Stanley,56
CT,M,1957,Jerry,53
CT,M,1957,Steve,52
CT,M,1957,Glen,51
CT,M,1957,Ernest,50
CT,M,1957,Victor,50
CT,M,1957,Alfred,49
CT,M,1957,Fred,49
CT,M,1957,Joel,46
CT,M,1957,Kurt,44
CT,M,1957,Guy,42
CT,M,1957,Harry,42
CT,M,1957,Roy,42
CT,M,1957,Samuel,42
CT,M,1957,Allen,40
CT,M,1957,Dale,40
CT,M,1957,Karl,40
CT,M,1957,Salvatore,40
CT,M,1957,Lee,39
CT,M,1957,Mike,39
CT,M,1957,Neil,38
CT,M,1957,Chris,37
CT,M,1957,Danny,37
CT,M,1957,Edwin,37
CT,M,1957,Jeff,37
CT,M,1957,Randall,37
CT,M,1957,Terry,37
CT,M,1957,Tom,37
CT,M,1957,Bryan,36
CT,M,1957,Jon,35
CT,M,1957,Todd,35
CT,M,1957,Allan,34
CT,M,1957,Ricky,34
CT,M,1957,Bernard,32
CT,M,1957,Gerard,32
CT,M,1957,Jack,32
CT,M,1957,Bradley,31
CT,M,1957,Jose,31
CT,M,1957,Mitchell,31
CT,M,1957,Bradford,30
CT,M,1957,Earl,29
CT,M,1957,Phillip,28
CT,M,1957,Bill,27
CT,M,1957,Gene,27
CT,M,1957,Gregg,27
CT,M,1957,Herbert,27
CT,M,1957,Roland,27
CT,M,1957,Alexander,25
CT,M,1957,Curtis,25
CT,M,1957,Gordon,25
CT,M,1957,Jim,25
CT,M,1957,Warren,25
CT,M,1957,Dwight,24
CT,M,1957,Stuart,24
CT,M,1957,Angelo,23
CT,M,1957,Calvin,23
CT,M,1957,Leon,23
CT,M,1957,Neal,23
CT,M,1957,Robin,23
CT,M,1957,Jeffery,22
CT,M,1957,Joe,22
CT,M,1957,Kerry,22
CT,M,1957,Leo,22
CT,M,1957,Rodney,22
CT,M,1957,Benjamin,21
CT,M,1957,Wesley,21
CT,M,1957,Don,20
CT,M,1957,Greg,20
CT,M,1957,Perry,20
CT,M,1957,Darrell,19
CT,M,1957,Dominic,19
CT,M,1957,Dana,18
CT,M,1957,Geoffrey,18
CT,M,1957,Maurice,18
CT,M,1957,Ronnie,18
CT,M,1957,Tim,18
CT,M,1957,Tony,18
CT,M,1957,Brent,17
CT,M,1957,Chester,17
CT,M,1957,Juan,17
CT,M,1957,Lance,17
CT,M,1957,Leroy,17
CT,M,1957,Nelson,17
CT,M,1957,Rick,17
CT,M,1957,Brad,16
CT,M,1957,Kent,16
CT,M,1957,Reginald,16
CT,M,1957,Sean,16
CT,M,1957,Vernon,16
CT,M,1957,Franklin,15
CT,M,1957,Jerome,15
CT,M,1957,Lewis,15
CT,M,1957,Terrence,15
CT,M,1957,Alvin,14
CT,M,1957,Bob,14
CT,M,1957,Dave,14
CT,M,1957,Leslie,14
CT,M,1957,Seth,14
CT,M,1957,Andre,13
CT,M,1957,Dominick,13
CT,M,1957,Frederic,13
CT,M,1957,Kim,13
CT,M,1957,Marshall,13
CT,M,1957,Ray,13
CT,M,1957,Rocco,13
CT,M,1957,Shawn,13
CT,M,1957,Willie,13
CT,M,1957,Dan,12
CT,M,1957,Duane,12
CT,M,1957,Edmund,12
CT,M,1957,Gilbert,12
CT,M,1957,Mario,12
CT,M,1957,Micheal,12
CT,M,1957,Nathaniel,12
CT,M,1957,Ted,12
CT,M,1957,Terrance,12
CT,M,1957,Wilfred,12
CT,M,1957,Alex,11
CT,M,1957,Antonio,11
CT,M,1957,Darryl,11
CT,M,1957,Daryl,11
CT,M,1957,Drew,11
CT,M,1957,Hector,11
CT,M,1957,Kirk,11
CT,M,1957,Laurence,11
CT,M,1957,Rene,11
CT,M,1957,Terence,11
CT,M,1957,Armand,10
CT,M,1957,Arnold,10
CT,M,1957,Clarence,10
CT,M,1957,Doug,10
CT,M,1957,Fredrick,10
CT,M,1957,Ken,10
CT,M,1957,Lester,10
CT,M,1957,Nick,10
CT,M,1957,Pasquale,10
CT,M,1957,Ross,10
CT,M,1957,Angel,9
CT,M,1957,Carlos,9
CT,M,1957,Carmen,9
CT,M,1957,Clayton,9
CT,M,1957,Clinton,9
CT,M,1957,Colin,9
CT,M,1957,Conrad,9
CT,M,1957,Derrick,9
CT,M,1957,Hal,9
CT,M,1957,Hugh,9
CT,M,1957,Jason,9
CT,M,1957,Jesse,9
CT,M,1957,Kyle,9
CT,M,1957,Lloyd,9
CT,M,1957,Manuel,9
CT,M,1957,Billy,8
CT,M,1957,Blair,8
CT,M,1957,Denis,8
CT,M,1957,Garry,8
CT,M,1957,Harvey,8
CT,M,1957,Irving,8
CT,M,1957,Kris,8
CT,M,1957,Melvin,8
CT,M,1957,Pat,8
CT,M,1957,Pete,8
CT,M,1957,Roberto,8
CT,M,1957,Ron,8
CT,M,1957,Rory,8
CT,M,1957,Shaun,8
CT,M,1957,Stewart,8
CT,M,1957,Tommy,8
CT,M,1957,Aaron,7
CT,M,1957,Adam,7
CT,M,1957,Alphonse,7
CT,M,1957,Brett,7
CT,M,1957,Cameron,7
CT,M,1957,Carlton,7
CT,M,1957,Clyde,7
CT,M,1957,Cory,7
CT,M,1957,Domenic,7
CT,M,1957,Dwayne,7
CT,M,1957,Eddie,7
CT,M,1957,Edmond,7
CT,M,1957,Elliott,7
CT,M,1957,Erik,7
CT,M,1957,Floyd,7
CT,M,1957,Jan,7
CT,M,1957,Jimmy,7
CT,M,1957,Luis,7
CT,M,1957,Marion,7
CT,M,1957,Milton,7
CT,M,1957,Noel,7
CT,M,1957,Randolph,7
CT,M,1957,Rickey,7
CT,M,1957,Sam,7
CT,M,1957,Scot,7
CT,M,1957,Sebastian,7
CT,M,1957,Sheldon,7
CT,M,1957,Adrian,6
CT,M,1957,Andy,6
CT,M,1957,Bobby,6
CT,M,1957,Burton,6
CT,M,1957,Claude,6
CT,M,1957,Clifton,6
CT,M,1957,Corey,6
CT,M,1957,Derek,6
CT,M,1957,Duncan,6
CT,M,1957,Erwin,6
CT,M,1957,Everett,6
CT,M,1957,Freddie,6
CT,M,1957,Herman,6
CT,M,1957,Jeremiah,6
CT,M,1957,Jimmie,6
CT,M,1957,Johnny,6
CT,M,1957,Julius,6
CT,M,1957,Kendall,6
CT,M,1957,Lorenzo,6
CT,M,1957,Lyle,6
CT,M,1957,Malcolm,6
CT,M,1957,Marcel,6
CT,M,1957,Nathan,6
CT,M,1957,Orlando,6
CT,M,1957,Phil,6
CT,M,1957,Ricardo,6
CT,M,1957,Sidney,6
CT,M,1957,Thaddeus,6
CT,M,1957,Wallace,6
CT,M,1957,Willard,6
CT,M,1957,Archie,5
CT,M,1957,Blaine,5
CT,M,1957,Cecil,5
CT,M,1957,Clay,5
CT,M,1957,Cliff,5
CT,M,1957,Dino,5
CT,M,1957,Felix,5
CT,M,1957,Fernando,5
CT,M,1957,Graham,5
CT,M,1957,Ira,5
CT,M,1957,Jean,5
CT,M,1957,Joesph,5
CT,M,1957,Kelly,5
CT,M,1957,Kenny,5
CT,M,1957,Leigh,5
CT,M,1957,Lincoln,5
CT,M,1957,Marcus,5
CT,M,1957,Miles,5
CT,M,1957,Morris,5
CT,M,1957,Oliver,5
CT,M,1957,Rocky,5
CT,M,1957,Rudolph,5
CT,M,1957,Russ,5
CT,M,1957,Shane,5
CT,M,1957,Sherwood,5
CT,M,1957,Spencer,5
CT,M,1957,Wade,5
CT,M,1957,Wendell,5
CT,M,1957,Wilfredo,5
CT,M,1957,Wilson,5
CT,M,1958,Michael,1470
CT,M,1958,Robert,1368
CT,M,1958,John,1326
CT,M,1958,David,1262
CT,M,1958,James,1046
CT,M,1958,William,923
CT,M,1958,Thomas,899
CT,M,1958,Richard,876
CT,M,1958,Mark,874
CT,M,1958,Joseph,682
CT,M,1958,Paul,543
CT,M,1958,Peter,458
CT,M,1958,Kevin,413
CT,M,1958,Steven,405
CT,M,1958,Daniel,398
CT,M,1958,Jeffrey,397
CT,M,1958,Brian,396
CT,M,1958,Gary,392
CT,M,1958,Edward,380
CT,M,1958,Stephen,365
CT,M,1958,Charles,343
CT,M,1958,Donald,327
CT,M,1958,Kenneth,323
CT,M,1958,Scott,316
CT,M,1958,Timothy,305
CT,M,1958,George,293
CT,M,1958,Anthony,268
CT,M,1958,Ronald,257
CT,M,1958,Christopher,234
CT,M,1958,Frank,228
CT,M,1958,Bruce,221
CT,M,1958,Douglas,198
CT,M,1958,Raymond,197
CT,M,1958,Gregory,195
CT,M,1958,Keith,161
CT,M,1958,Wayne,149
CT,M,1958,Alan,147
CT,M,1958,Lawrence,147
CT,M,1958,Philip,142
CT,M,1958,Dennis,140
CT,M,1958,Patrick,134
CT,M,1958,Eric,131
CT,M,1958,Andrew,127
CT,M,1958,Matthew,127
CT,M,1958,Craig,109
CT,M,1958,Frederick,108
CT,M,1958,Walter,106
CT,M,1958,Carl,105
CT,M,1958,Ralph,102
CT,M,1958,Jonathan,100
CT,M,1958,Vincent,99
CT,M,1958,Jay,96
CT,M,1958,Albert,89
CT,M,1958,Francis,88
CT,M,1958,Russell,86
CT,M,1958,Arthur,85
CT,M,1958,Louis,81
CT,M,1958,Martin,80
CT,M,1958,Glenn,78
CT,M,1958,Nicholas,75
CT,M,1958,Gerald,74
CT,M,1958,Larry,71
CT,M,1958,Dean,70
CT,M,1958,Henry,68
CT,M,1958,Leonard,65
CT,M,1958,Roger,65
CT,M,1958,Stanley,65
CT,M,1958,Mike,63
CT,M,1958,Alfred,56
CT,M,1958,Randy,56
CT,M,1958,Todd,55
CT,M,1958,Dale,54
CT,M,1958,Harold,53
CT,M,1958,Harry,52
CT,M,1958,Howard,51
CT,M,1958,Jerry,51
CT,M,1958,Chris,50
CT,M,1958,Steve,50
CT,M,1958,Victor,50
CT,M,1958,Edwin,48
CT,M,1958,Barry,47
CT,M,1958,Jon,46
CT,M,1958,Marc,46
CT,M,1958,Allen,45
CT,M,1958,Clifford,45
CT,M,1958,Norman,44
CT,M,1958,Kurt,43
CT,M,1958,Glen,42
CT,M,1958,Bill,41
CT,M,1958,Fred,41
CT,M,1958,Samuel,41
CT,M,1958,Ernest,40
CT,M,1958,Theodore,40
CT,M,1958,Ricky,39
CT,M,1958,Curtis,38
CT,M,1958,Eugene,37
CT,M,1958,Guy,37
CT,M,1958,Lee,37
CT,M,1958,Roy,37
CT,M,1958,Bryan,36
CT,M,1958,Karl,36
CT,M,1958,Jeff,32
CT,M,1958,Neil,32
CT,M,1958,Terry,32
CT,M,1958,Tom,32
CT,M,1958,Bernard,31
CT,M,1958,Jack,31
CT,M,1958,Geoffrey,30
CT,M,1958,Gordon,30
CT,M,1958,Salvatore,30
CT,M,1958,Jim,29
CT,M,1958,Randall,29
CT,M,1958,Sean,29
CT,M,1958,Gerard,28
CT,M,1958,Warren,28
CT,M,1958,Alexander,27
CT,M,1958,Benjamin,27
CT,M,1958,Greg,27
CT,M,1958,Tim,27
CT,M,1958,Tony,27
CT,M,1958,Bob,26
CT,M,1958,Dave,26
CT,M,1958,Duane,26
CT,M,1958,Earl,26
CT,M,1958,Allan,25
CT,M,1958,Danny,25
CT,M,1958,Darryl,25
CT,M,1958,Phillip,25
CT,M,1958,Bradley,24
CT,M,1958,Leo,24
CT,M,1958,Rick,24
CT,M,1958,Stuart,24
CT,M,1958,Wesley,24
CT,M,1958,Dana,23
CT,M,1958,Gregg,23
CT,M,1958,Joe,23
CT,M,1958,Joel,23
CT,M,1958,Ronnie,23
CT,M,1958,Brett,22
CT,M,1958,Jerome,22
CT,M,1958,Jose,22
CT,M,1958,Rodney,22
CT,M,1958,Arnold,21
CT,M,1958,Leon,21
CT,M,1958,Terrence,21
CT,M,1958,Jeffery,20
CT,M,1958,Ted,20
CT,M,1958,Antonio,19
CT,M,1958,Dwight,19
CT,M,1958,Leroy,19
CT,M,1958,Shawn,19
CT,M,1958,Lewis,18
CT,M,1958,Mitchell,18
CT,M,1958,Neal,18
CT,M,1958,Darrell,17
CT,M,1958,Daryl,17
CT,M,1958,Garry,17
CT,M,1958,Lester,17
CT,M,1958,Marvin,17
CT,M,1958,Ray,17
CT,M,1958,Andre,16
CT,M,1958,Bradford,16
CT,M,1958,Calvin,16
CT,M,1958,Dan,16
CT,M,1958,Gene,16
CT,M,1958,Melvin,16
CT,M,1958,Reginald,16
CT,M,1958,Chester,15
CT,M,1958,Clayton,15
CT,M,1958,Edmund,15
CT,M,1958,Herbert,15
CT,M,1958,Leslie,15
CT,M,1958,Lloyd,15
CT,M,1958,Luis,15
CT,M,1958,Robin,15
CT,M,1958,Roland,15
CT,M,1958,Alex,14
CT,M,1958,Angelo,14
CT,M,1958,Billy,14
CT,M,1958,Bret,14
CT,M,1958,Christian,14
CT,M,1958,Dominic,14
CT,M,1958,Ken,14
CT,M,1958,Willie,14
CT,M,1958,Carlos,13
CT,M,1958,Denis,13
CT,M,1958,Kent,13
CT,M,1958,Manuel,13
CT,M,1958,Maurice,13
CT,M,1958,Micheal,13
CT,M,1958,Perry,13
CT,M,1958,Seth,13
CT,M,1958,Aaron,12
CT,M,1958,Carmen,12
CT,M,1958,Edmond,12
CT,M,1958,Gilbert,12
CT,M,1958,Herman,12
CT,M,1958,Jason,12
CT,M,1958,Jesse,12
CT,M,1958,Kirk,12
CT,M,1958,Lance,12
CT,M,1958,Laurence,12
CT,M,1958,Nick,12
CT,M,1958,Rocco,12
CT,M,1958,Alvin,11
CT,M,1958,Bart,11
CT,M,1958,Carlton,11
CT,M,1958,Darren,11
CT,M,1958,Pat,11
CT,M,1958,Ron,11
CT,M,1958,Clarence,10
CT,M,1958,Don,10
CT,M,1958,Edgar,10
CT,M,1958,Floyd,10
CT,M,1958,Hugh,10
CT,M,1958,Juan,10
CT,M,1958,Kerry,10
CT,M,1958,Mario,10
CT,M,1958,Marshall,10
CT,M,1958,Rene,10
CT,M,1958,Wilfred,10
CT,M,1958,Adam,9
CT,M,1958,Brad,9
CT,M,1958,Carmine,9
CT,M,1958,Eddie,9
CT,M,1958,Malcolm,9
CT,M,1958,Pedro,9
CT,M,1958,Randolph,9
CT,M,1958,Roberto,9
CT,M,1958,Stewart,9
CT,M,1958,Tracy,9
CT,M,1958,Andy,8
CT,M,1958,Angel,8
CT,M,1958,Bruno,8
CT,M,1958,Claude,8
CT,M,1958,Derek,8
CT,M,1958,Dino,8
CT,M,1958,Domenic,8
CT,M,1958,Doug,8
CT,M,1958,Dwayne,8
CT,M,1958,Franklin,8
CT,M,1958,Ian,8
CT,M,1958,Joey,8
CT,M,1958,Joshua,8
CT,M,1958,Kyle,8
CT,M,1958,Luke,8
CT,M,1958,Nelson,8
CT,M,1958,Rafael,8
CT,M,1958,Reed,8
CT,M,1958,Ross,8
CT,M,1958,Shaun,8
CT,M,1958,Terence,8
CT,M,1958,Tyrone,8
CT,M,1958,Wallace,8
CT,M,1958,Al,7
CT,M,1958,Alphonse,7
CT,M,1958,Armand,7
CT,M,1958,Brendan,7
CT,M,1958,Brent,7
CT,M,1958,Clay,7
CT,M,1958,Drew,7
CT,M,1958,Emil,7
CT,M,1958,Felix,7
CT,M,1958,Fredrick,7
CT,M,1958,Grant,7
CT,M,1958,Jimmy,7
CT,M,1958,Julio,7
CT,M,1958,Julius,7
CT,M,1958,Kenny,7
CT,M,1958,Kris,7
CT,M,1958,Marcel,7
CT,M,1958,Miguel,7
CT,M,1958,Milton,7
CT,M,1958,Morgan,7
CT,M,1958,Nathan,7
CT,M,1958,Noel,7
CT,M,1958,Rickey,7
CT,M,1958,Roderick,7
CT,M,1958,Sam,7
CT,M,1958,Timmy,7
CT,M,1958,Tod,7
CT,M,1958,Vernon,7
CT,M,1958,Wendell,7
CT,M,1958,Wilfredo,7
CT,M,1958,Alfonso,6
CT,M,1958,Burton,6
CT,M,1958,Clark,6
CT,M,1958,Clement,6
CT,M,1958,Clifton,6
CT,M,1958,Clyde,6
CT,M,1958,Douglass,6
CT,M,1958,Harvey,6
CT,M,1958,Jamie,6
CT,M,1958,Jerald,6
CT,M,1958,Jordan,6
CT,M,1958,Kim,6
CT,M,1958,Mathew,6
CT,M,1958,Nathaniel,6
CT,M,1958,Ned,6
CT,M,1958,Phil,6
CT,M,1958,Ramon,6
CT,M,1958,Scot,6
CT,M,1958,Terrance,6
CT,M,1958,Tommy,6
CT,M,1958,Vito,6
CT,M,1958,Wilbur,6
CT,M,1958,Wilson,6
CT,M,1958,Bobby,5
CT,M,1958,Bryce,5
CT,M,1958,Carlo,5
CT,M,1958,Cliff,5
CT,M,1958,Clinton,5
CT,M,1958,Dane,5
CT,M,1958,Derrick,5
CT,M,1958,Dominick,5
CT,M,1958,Earle,5
CT,M,1958,Evan,5
CT,M,1958,Everett,5
CT,M,1958,Freddie,5
CT,M,1958,Gerry,5
CT,M,1958,Hector,5
CT,M,1958,Hubert,5
CT,M,1958,Isaac,5
CT,M,1958,Jan,5
CT,M,1958,Jeffry,5
CT,M,1958,Jimmie,5
CT,M,1958,Johnnie,5
CT,M,1958,Johnny,5
CT,M,1958,Louie,5
CT,M,1958,Lucien,5
CT,M,1958,Mary,5
CT,M,1958,Miles,5
CT,M,1958,Normand,5
CT,M,1958,Pasquale,5
CT,M,1958,Quentin,5
CT,M,1958,Randal,5
CT,M,1958,Rex,5
CT,M,1958,Ricardo,5
CT,M,1958,Rory,5
CT,M,1958,Sidney,5
CT,M,1958,Stephan,5
CT,M,1958,Thaddeus,5
CT,M,1958,Ward,5
CT,M,1959,John,1441
CT,M,1959,Michael,1344
CT,M,1959,Robert,1343
CT,M,1959,David,1278
CT,M,1959,James,1044
CT,M,1959,Mark,893
CT,M,1959,William,863
CT,M,1959,Richard,815
CT,M,1959,Thomas,783
CT,M,1959,Joseph,622
CT,M,1959,Paul,515
CT,M,1959,Peter,503
CT,M,1959,Steven,463
CT,M,1959,Jeffrey,446
CT,M,1959,Brian,414
CT,M,1959,Edward,411
CT,M,1959,Kevin,404
CT,M,1959,Timothy,387
CT,M,1959,Daniel,361
CT,M,1959,Stephen,354
CT,M,1959,Kenneth,339
CT,M,1959,Charles,321
CT,M,1959,Gary,317
CT,M,1959,Scott,312
CT,M,1959,Anthony,301
CT,M,1959,Christopher,292
CT,M,1959,Donald,289
CT,M,1959,Ronald,270
CT,M,1959,Gregory,232
CT,M,1959,Frank,230
CT,M,1959,George,225
CT,M,1959,Bruce,208
CT,M,1959,Raymond,202
CT,M,1959,Douglas,178
CT,M,1959,Andrew,173
CT,M,1959,Philip,154
CT,M,1959,Wayne,151
CT,M,1959,Alan,144
CT,M,1959,Patrick,139
CT,M,1959,Eric,138
CT,M,1959,Craig,136
CT,M,1959,Keith,133
CT,M,1959,Matthew,132
CT,M,1959,Dennis,131
CT,M,1959,Louis,115
CT,M,1959,Arthur,108
CT,M,1959,Lawrence,107
CT,M,1959,Glenn,106
CT,M,1959,Jonathan,106
CT,M,1959,Walter,106
CT,M,1959,Vincent,105
CT,M,1959,Francis,97
CT,M,1959,Russell,97
CT,M,1959,Ralph,93
CT,M,1959,Carl,91
CT,M,1959,Roger,91
CT,M,1959,Frederick,88
CT,M,1959,Marc,80
CT,M,1959,Gerald,78
CT,M,1959,Albert,75
CT,M,1959,Nicholas,75
CT,M,1959,Henry,73
CT,M,1959,Larry,73
CT,M,1959,Martin,66
CT,M,1959,Theodore,66
CT,M,1959,Jay,64
CT,M,1959,Harold,60
CT,M,1959,Chris,59
CT,M,1959,Todd,59
CT,M,1959,Randy,57
CT,M,1959,Barry,56
CT,M,1959,Dean,56
CT,M,1959,Steve,56
CT,M,1959,Jon,55
CT,M,1959,Stanley,55
CT,M,1959,Eugene,52
CT,M,1959,Norman,52
CT,M,1959,Roy,52
CT,M,1959,Guy,50
CT,M,1959,Leonard,50
CT,M,1959,Mike,50
CT,M,1959,Ricky,47
CT,M,1959,Dale,46
CT,M,1959,Tom,46
CT,M,1959,Alfred,45
CT,M,1959,Glen,45
CT,M,1959,Allen,44
CT,M,1959,Harry,44
CT,M,1959,Neil,44
CT,M,1959,Samuel,44
CT,M,1959,Bill,43
CT,M,1959,Kurt,42
CT,M,1959,Sean,42
CT,M,1959,Bryan,41
CT,M,1959,Ernest,40
CT,M,1959,Jim,40
CT,M,1959,Edwin,39
CT,M,1959,Greg,39
CT,M,1959,Howard,39
CT,M,1959,Jose,39
CT,M,1959,Lee,38
CT,M,1959,Randall,38
CT,M,1959,Jack,37
CT,M,1959,Stuart,37
CT,M,1959,Alexander,36
CT,M,1959,Curtis,36
CT,M,1959,Karl,36
CT,M,1959,Clifford,35
CT,M,1959,Phillip,35
CT,M,1959,Tim,35
CT,M,1959,Allan,34
CT,M,1959,Gerard,34
CT,M,1959,Jeff,34
CT,M,1959,Victor,34
CT,M,1959,Jerry,33
CT,M,1959,Fred,32
CT,M,1959,Jeffery,32
CT,M,1959,Terry,32
CT,M,1959,Benjamin,31
CT,M,1959,Bernard,30
CT,M,1959,Dave,30
CT,M,1959,Rodney,30
CT,M,1959,Shawn,30
CT,M,1959,Dana,29
CT,M,1959,Salvatore,29
CT,M,1959,Gordon,28
CT,M,1959,Joe,28
CT,M,1959,Tony,28
CT,M,1959,Leo,27
CT,M,1959,Danny,25
CT,M,1959,Micheal,25
CT,M,1959,Angelo,24
CT,M,1959,Dominic,24
CT,M,1959,Earl,24
CT,M,1959,Willie,24
CT,M,1959,Perry,23
CT,M,1959,Bob,22
CT,M,1959,Brett,22
CT,M,1959,Joel,22
CT,M,1959,Terrence,22
CT,M,1959,Daryl,21
CT,M,1959,Mitchell,21
CT,M,1959,Ray,21
CT,M,1959,Darrell,20
CT,M,1959,Darryl,20
CT,M,1959,Gregg,20
CT,M,1959,Luis,20
CT,M,1959,Rick,20
CT,M,1959,Ted,20
CT,M,1959,Warren,20
CT,M,1959,Geoffrey,19
CT,M,1959,Bradford,18
CT,M,1959,Bradley,18
CT,M,1959,Chester,18
CT,M,1959,Gene,18
CT,M,1959,Jimmy,18
CT,M,1959,Roland,18
CT,M,1959,Ronnie,18
CT,M,1959,Arnold,17
CT,M,1959,Brad,17
CT,M,1959,Clayton,17
CT,M,1959,Kirk,17
CT,M,1959,Lance,17
CT,M,1959,Clarence,16
CT,M,1959,Herbert,16
CT,M,1959,Kent,16
CT,M,1959,Lloyd,16
CT,M,1959,Tyrone,16
CT,M,1959,Darren,15
CT,M,1959,Dwight,15
CT,M,1959,Eddie,15
CT,M,1959,Edmund,15
CT,M,1959,Laurence,15
CT,M,1959,Manuel,15
CT,M,1959,Neal,15
CT,M,1959,Rene,15
CT,M,1959,Wesley,15
CT,M,1959,Billy,14
CT,M,1959,Brent,14
CT,M,1959,Duane,14
CT,M,1959,Jason,14
CT,M,1959,Kyle,14
CT,M,1959,Leslie,14
CT,M,1959,Melvin,14
CT,M,1959,Reginald,14
CT,M,1959,Tracy,14
CT,M,1959,Andre,13
CT,M,1959,Carmen,13
CT,M,1959,Dan,13
CT,M,1959,Dwayne,13
CT,M,1959,Jerome,13
CT,M,1959,Kerry,13
CT,M,1959,Lester,13
CT,M,1959,Marvin,13
CT,M,1959,Nathan,13
CT,M,1959,Nelson,13
CT,M,1959,Pete,13
CT,M,1959,Seth,13
CT,M,1959,Stewart,13
CT,M,1959,Christian,12
CT,M,1959,Denis,12
CT,M,1959,Derrick,12
CT,M,1959,Garry,12
CT,M,1959,Mario,12
CT,M,1959,Nathaniel,12
CT,M,1959,Pasquale,12
CT,M,1959,Aaron,11
CT,M,1959,Angel,11
CT,M,1959,Bret,11
CT,M,1959,Carmine,11
CT,M,1959,Clyde,11
CT,M,1959,Curt,11
CT,M,1959,Don,11
CT,M,1959,Gilbert,11
CT,M,1959,Hector,11
CT,M,1959,Johnny,11
CT,M,1959,Leon,11
CT,M,1959,Nick,11
CT,M,1959,Noel,11
CT,M,1959,Rocco,11
CT,M,1959,Ross,11
CT,M,1959,Adam,10
CT,M,1959,Bobby,10
CT,M,1959,Dominick,10
CT,M,1959,Duncan,10
CT,M,1959,Erik,10
CT,M,1959,Floyd,10
CT,M,1959,Hugh,10
CT,M,1959,Jamie,10
CT,M,1959,Juan,10
CT,M,1959,Leroy,10
CT,M,1959,Lewis,10
CT,M,1959,Randolph,10
CT,M,1959,Ricardo,10
CT,M,1959,Antonio,9
CT,M,1959,Bart,9
CT,M,1959,Carlos,9
CT,M,1959,Charlie,9
CT,M,1959,Doug,9
CT,M,1959,Jan,9
CT,M,1959,Ken,9
CT,M,1959,Kim,9
CT,M,1959,Marshall,9
CT,M,1959,Maurice,9
CT,M,1959,Randal,9
CT,M,1959,Terence,9
CT,M,1959,Alvin,8
CT,M,1959,Byron,8
CT,M,1959,Calvin,8
CT,M,1959,Clinton,8
CT,M,1959,Colin,8
CT,M,1959,Edgar,8
CT,M,1959,Franklin,8
CT,M,1959,Gino,8
CT,M,1959,Ian,8
CT,M,1959,Ivan,8
CT,M,1959,Jean,8
CT,M,1959,Julio,8
CT,M,1959,Orlando,8
CT,M,1959,Robin,8
CT,M,1959,Rory,8
CT,M,1959,Shaun,8
CT,M,1959,Wallace,8
CT,M,1959,Burton,7
CT,M,1959,Derek,7
CT,M,1959,Drew,7
CT,M,1959,Edmond,7
CT,M,1959,Everett,7
CT,M,1959,Felix,7
CT,M,1959,Jesse,7
CT,M,1959,Joey,7
CT,M,1959,Kris,7
CT,M,1959,Luke,7
CT,M,1959,Lyle,7
CT,M,1959,Matt,7
CT,M,1959,Owen,7
CT,M,1959,Pat,7
CT,M,1959,Roberto,7
CT,M,1959,Ron,7
CT,M,1959,Scot,7
CT,M,1959,Tommy,7
CT,M,1959,Vance,7
CT,M,1959,Vito,7
CT,M,1959,Alberto,6
CT,M,1959,Alex,6
CT,M,1959,Brendan,6
CT,M,1959,Cary,6
CT,M,1959,Damon,6
CT,M,1959,Dino,6
CT,M,1959,Domenic,6
CT,M,1959,Evan,6
CT,M,1959,Fernando,6
CT,M,1959,Fredrick,6
CT,M,1959,Gerry,6
CT,M,1959,Grant,6
CT,M,1959,Irving,6
CT,M,1959,Jody,6
CT,M,1959,Joshua,6
CT,M,1959,Julius,6
CT,M,1959,Kelly,6
CT,M,1959,Kenny,6
CT,M,1959,Lionel,6
CT,M,1959,Loren,6
CT,M,1959,Luther,6
CT,M,1959,Mathew,6
CT,M,1959,Myron,6
CT,M,1959,Pierre,6
CT,M,1959,Rafael,6
CT,M,1959,Rudolph,6
CT,M,1959,Terrance,6
CT,M,1959,Timmy,6
CT,M,1959,Tyler,6
CT,M,1959,Vernon,6
CT,M,1959,Wade,6
CT,M,1959,Ward,6
CT,M,1959,Al,5
CT,M,1959,Andy,5
CT,M,1959,Claude,5
CT,M,1959,Corey,5
CT,M,1959,Ed,5
CT,M,1959,Elbert,5
CT,M,1959,Francisco,5
CT,M,1959,Freddie,5
CT,M,1959,Frederic,5
CT,M,1959,Israel,5
CT,M,1959,Jaime,5
CT,M,1959,Jeremiah,5
CT,M,1959,Linwood,5
CT,M,1959,Mary,5
CT,M,1959,Milton,5
CT,M,1959,Morris,5
CT,M,1959,Reed,5
CT,M,1959,Rickey,5
CT,M,1959,Roderick,5
CT,M,1959,Sam,5
CT,M,1959,Wendell,5
CT,M,1959,Wilfred,5
CT,M,1960,John,1383
CT,M,1960,Michael,1372
CT,M,1960,Robert,1335
CT,M,1960,David,1299
CT,M,1960,James,1018
CT,M,1960,Mark,932
CT,M,1960,Richard,816
CT,M,1960,William,804
CT,M,1960,Thomas,733
CT,M,1960,Joseph,674
CT,M,1960,Paul,533
CT,M,1960,Steven,521
CT,M,1960,Jeffrey,456
CT,M,1960,Peter,452
CT,M,1960,Kevin,416
CT,M,1960,Brian,413
CT,M,1960,Edward,380
CT,M,1960,Daniel,378
CT,M,1960,Stephen,376
CT,M,1960,Timothy,357
CT,M,1960,Kenneth,338
CT,M,1960,Christopher,336
CT,M,1960,Scott,319
CT,M,1960,Gary,305
CT,M,1960,Anthony,302
CT,M,1960,Charles,297
CT,M,1960,Donald,292
CT,M,1960,Ronald,274
CT,M,1960,George,258
CT,M,1960,Frank,223
CT,M,1960,Gregory,222
CT,M,1960,Douglas,212
CT,M,1960,Raymond,194
CT,M,1960,Andrew,189
CT,M,1960,Bruce,186
CT,M,1960,Keith,165
CT,M,1960,Alan,155
CT,M,1960,Dennis,153
CT,M,1960,Matthew,146
CT,M,1960,Patrick,142
CT,M,1960,Eric,139
CT,M,1960,Carl,130
CT,M,1960,Craig,130
CT,M,1960,Wayne,119
CT,M,1960,Louis,117
CT,M,1960,Lawrence,113
CT,M,1960,Philip,108
CT,M,1960,Jonathan,105
CT,M,1960,Walter,102
CT,M,1960,Roger,101
CT,M,1960,Arthur,97
CT,M,1960,Glenn,97
CT,M,1960,Albert,91
CT,M,1960,Chris,87
CT,M,1960,Gerald,85
CT,M,1960,Martin,83
CT,M,1960,Vincent,83
CT,M,1960,Ralph,81
CT,M,1960,Russell,81
CT,M,1960,Larry,76
CT,M,1960,Jay,74
CT,M,1960,Eugene,68
CT,M,1960,Todd,68
CT,M,1960,Francis,67
CT,M,1960,Frederick,67
CT,M,1960,Randy,66
CT,M,1960,Leonard,63
CT,M,1960,Edwin,61
CT,M,1960,Henry,59
CT,M,1960,Nicholas,57
CT,M,1960,Marc,54
CT,M,1960,Mike,54
CT,M,1960,Barry,53
CT,M,1960,Howard,50
CT,M,1960,Shawn,49
CT,M,1960,Steve,49
CT,M,1960,Theodore,48
CT,M,1960,Dean,47
CT,M,1960,Jeff,47
CT,M,1960,Allen,46
CT,M,1960,Harold,46
CT,M,1960,Phillip,46
CT,M,1960,Karl,45
CT,M,1960,Jon,44
CT,M,1960,Randall,44
CT,M,1960,Roy,44
CT,M,1960,Greg,43
CT,M,1960,Guy,43
CT,M,1960,Victor,43
CT,M,1960,Fred,41
CT,M,1960,Tom,40
CT,M,1960,Bryan,39
CT,M,1960,Danny,39
CT,M,1960,Harry,39
CT,M,1960,Kurt,39
CT,M,1960,Alfred,38
CT,M,1960,Dale,38
CT,M,1960,Ernest,37
CT,M,1960,Gordon,37
CT,M,1960,Jack,37
CT,M,1960,Norman,37
CT,M,1960,Stuart,37
CT,M,1960,Bernard,36
CT,M,1960,Gerard,36
CT,M,1960,Joel,36
CT,M,1960,Salvatore,36
CT,M,1960,Samuel,36
CT,M,1960,Dave,35
CT,M,1960,Jerry,35
CT,M,1960,Sean,35
CT,M,1960,Curtis,34
CT,M,1960,Glen,34
CT,M,1960,Jeffery,34
CT,M,1960,Jose,34
CT,M,1960,Stanley,34
CT,M,1960,Ricky,33
CT,M,1960,Gregg,32
CT,M,1960,Leo,32
CT,M,1960,Tim,31
CT,M,1960,Nelson,30
CT,M,1960,Joe,29
CT,M,1960,Mitchell,29
CT,M,1960,Brett,28
CT,M,1960,Clifford,28
CT,M,1960,Dana,28
CT,M,1960,Herbert,28
CT,M,1960,Lance,28
CT,M,1960,Darryl,27
CT,M,1960,Brad,26
CT,M,1960,Bradford,26
CT,M,1960,Don,26
CT,M,1960,Jim,26
CT,M,1960,Tony,26
CT,M,1960,Warren,26
CT,M,1960,Benjamin,25
CT,M,1960,Bill,25
CT,M,1960,Geoffrey,25
CT,M,1960,Jason,25
CT,M,1960,Jimmy,25
CT,M,1960,Lee,25
CT,M,1960,Alexander,24
CT,M,1960,Duane,24
CT,M,1960,Neil,24
CT,M,1960,Bob,23
CT,M,1960,Dwight,23
CT,M,1960,Micheal,23
CT,M,1960,Terry,23
CT,M,1960,Willie,23
CT,M,1960,Bradley,22
CT,M,1960,Rodney,22
CT,M,1960,Roland,22
CT,M,1960,Ray,21
CT,M,1960,Antonio,20
CT,M,1960,Jerome,20
CT,M,1960,Luis,20
CT,M,1960,Adam,19
CT,M,1960,Angelo,19
CT,M,1960,Dan,19
CT,M,1960,Dwayne,19
CT,M,1960,Leon,19
CT,M,1960,Allan,18
CT,M,1960,Billy,18
CT,M,1960,Earl,18
CT,M,1960,Gene,18
CT,M,1960,Kirk,18
CT,M,1960,Leslie,18
CT,M,1960,Mario,18
CT,M,1960,Wesley,18
CT,M,1960,Andre,17
CT,M,1960,Tracy,17
CT,M,1960,Angel,16
CT,M,1960,Clayton,16
CT,M,1960,Gilbert,16
CT,M,1960,Lloyd,16
CT,M,1960,Manuel,16
CT,M,1960,Neal,16
CT,M,1960,Terrence,16
CT,M,1960,Andy,15
CT,M,1960,Brendan,15
CT,M,1960,Brent,15
CT,M,1960,Carlos,15
CT,M,1960,Eddie,15
CT,M,1960,Hugh,15
CT,M,1960,Juan,15
CT,M,1960,Kerry,15
CT,M,1960,Laurence,15
CT,M,1960,Randolph,15
CT,M,1960,Calvin,14
CT,M,1960,Darren,14
CT,M,1960,Kyle,14
CT,M,1960,Lewis,14
CT,M,1960,Rick,14
CT,M,1960,Seth,14
CT,M,1960,Stewart,14
CT,M,1960,Ted,14
CT,M,1960,Tyrone,14
CT,M,1960,Clarence,13
CT,M,1960,Ken,13
CT,M,1960,Maurice,13
CT,M,1960,Nathan,13
CT,M,1960,Reginald,13
CT,M,1960,Aaron,12
CT,M,1960,Alex,12
CT,M,1960,Arnold,12
CT,M,1960,Edmund,12
CT,M,1960,Leroy,12
CT,M,1960,Milton,12
CT,M,1960,Pasquale,12
CT,M,1960,Perry,12
CT,M,1960,Rene,12
CT,M,1960,Rocco,12
CT,M,1960,Ronnie,12
CT,M,1960,Carlton,11
CT,M,1960,Clyde,11
CT,M,1960,Darrell,11
CT,M,1960,Daryl,11
CT,M,1960,Dino,11
CT,M,1960,Dominick,11
CT,M,1960,Ed,11
CT,M,1960,Edmond,11
CT,M,1960,Grant,11
CT,M,1960,Johnny,11
CT,M,1960,Kris,11
CT,M,1960,Marshall,11
CT,M,1960,Nathaniel,11
CT,M,1960,Bart,10
CT,M,1960,Curt,10
CT,M,1960,Derek,10
CT,M,1960,Everett,10
CT,M,1960,Jeffry,10
CT,M,1960,Kelly,10
CT,M,1960,Kent,10
CT,M,1960,Melvin,10
CT,M,1960,Ross,10
CT,M,1960,Carmen,9
CT,M,1960,Chester,9
CT,M,1960,Edgar,9
CT,M,1960,Floyd,9
CT,M,1960,Hector,9
CT,M,1960,Jan,9
CT,M,1960,Jesse,9
CT,M,1960,Nick,9
CT,M,1960,Roderick,9
CT,M,1960,Ron,9
CT,M,1960,Wade,9
CT,M,1960,Wallace,9
CT,M,1960,Adrian,8
CT,M,1960,Bobby,8
CT,M,1960,Clark,8
CT,M,1960,Denis,8
CT,M,1960,Drew,8
CT,M,1960,Felix,8
CT,M,1960,Ian,8
CT,M,1960,Kim,8
CT,M,1960,Marvin,8
CT,M,1960,Miguel,8
CT,M,1960,Robin,8
CT,M,1960,Terence,8
CT,M,1960,Timmy,8
CT,M,1960,Tommy,8
CT,M,1960,Troy,8
CT,M,1960,Bret,7
CT,M,1960,Clinton,7
CT,M,1960,Colin,7
CT,M,1960,Dominic,7
CT,M,1960,Doug,7
CT,M,1960,Evan,7
CT,M,1960,Frederic,7
CT,M,1960,Fredrick,7
CT,M,1960,Garth,7
CT,M,1960,Harvey,7
CT,M,1960,Jean,7
CT,M,1960,Jimmie,7
CT,M,1960,Jody,7
CT,M,1960,Kelvin,7
CT,M,1960,Loren,7
CT,M,1960,Luke,7
CT,M,1960,Mathew,7
CT,M,1960,Pete,7
CT,M,1960,Roberto,7
CT,M,1960,Stephan,7
CT,M,1960,Thaddeus,7
CT,M,1960,Al,6
CT,M,1960,Alphonse,6
CT,M,1960,August,6
CT,M,1960,Ben,6
CT,M,1960,Carlo,6
CT,M,1960,Carmine,6
CT,M,1960,Christian,6
CT,M,1960,Claude,6
CT,M,1960,Derrick,6
CT,M,1960,Erich,6
CT,M,1960,Erik,6
CT,M,1960,Frankie,6
CT,M,1960,Franklin,6
CT,M,1960,Garry,6
CT,M,1960,Irving,6
CT,M,1960,Isaac,6
CT,M,1960,Jaime,6
CT,M,1960,Jessie,6
CT,M,1960,Julio,6
CT,M,1960,Kenny,6
CT,M,1960,Lester,6
CT,M,1960,Malcolm,6
CT,M,1960,Marcus,6
CT,M,1960,Normand,6
CT,M,1960,Orlando,6
CT,M,1960,Pat,6
CT,M,1960,Pedro,6
CT,M,1960,Pierre,6
CT,M,1960,Sebastian,6
CT,M,1960,Shaun,6
CT,M,1960,Vernon,6
CT,M,1960,Wilfredo,6
CT,M,1960,Armando,5
CT,M,1960,Byron,5
CT,M,1960,Cameron,5
CT,M,1960,Cary,5
CT,M,1960,Chuck,5
CT,M,1960,Cornelius,5
CT,M,1960,Dion,5
CT,M,1960,Domenic,5
CT,M,1960,Elliot,5
CT,M,1960,Elmer,5
CT,M,1960,Emil,5
CT,M,1960,Ernie,5
CT,M,1960,Freddie,5
CT,M,1960,Freddy,5
CT,M,1960,Gerry,5
CT,M,1960,Ismael,5
CT,M,1960,Jamie,5
CT,M,1960,Jeremy,5
CT,M,1960,Joshua,5
CT,M,1960,Jude,5
CT,M,1960,Lincoln,5
CT,M,1960,Lisa,5
CT,M,1960,Lucien,5
CT,M,1960,Michel,5
CT,M,1960,Mickey,5
CT,M,1960,Nicolas,5
CT,M,1960,Noel,5
CT,M,1960,Oliver,5
CT,M,1960,Oscar,5
CT,M,1960,Raul,5
CT,M,1960,Rory,5
CT,M,1960,Scot,5
CT,M,1960,Teddy,5
CT,M,1960,Ward,5
CT,M,1961,Michael,1415
CT,M,1961,John,1405
CT,M,1961,David,1351
CT,M,1961,Robert,1317
CT,M,1961,James,1053
CT,M,1961,Mark,860
CT,M,1961,Richard,776
CT,M,1961,Thomas,762
CT,M,1961,William,759
CT,M,1961,Joseph,617
CT,M,1961,Paul,500
CT,M,1961,Jeffrey,489
CT,M,1961,Peter,465
CT,M,1961,Steven,419
CT,M,1961,Daniel,417
CT,M,1961,Kevin,389
CT,M,1961,Scott,388
CT,M,1961,Christopher,387
CT,M,1961,Brian,383
CT,M,1961,Edward,365
CT,M,1961,Timothy,356
CT,M,1961,Stephen,337
CT,M,1961,Gary,329
CT,M,1961,Kenneth,322
CT,M,1961,Charles,314
CT,M,1961,Anthony,310
CT,M,1961,Ronald,288
CT,M,1961,Donald,284
CT,M,1961,Gregory,270
CT,M,1961,George,222
CT,M,1961,Frank,221
CT,M,1961,Douglas,220
CT,M,1961,Andrew,215
CT,M,1961,Raymond,184
CT,M,1961,Keith,183
CT,M,1961,Bruce,180
CT,M,1961,Craig,150
CT,M,1961,Patrick,145
CT,M,1961,Alan,140
CT,M,1961,Eric,139
CT,M,1961,Matthew,138
CT,M,1961,Todd,132
CT,M,1961,Wayne,130
CT,M,1961,Dennis,125
CT,M,1961,Glenn,125
CT,M,1961,Philip,123
CT,M,1961,Lawrence,113
CT,M,1961,Carl,102
CT,M,1961,Jonathan,97
CT,M,1961,Louis,95
CT,M,1961,Roger,92
CT,M,1961,Russell,92
CT,M,1961,Gerald,90
CT,M,1961,Vincent,90
CT,M,1961,Walter,85
CT,M,1961,Francis,82
CT,M,1961,Ralph,81
CT,M,1961,Chris,75
CT,M,1961,Arthur,74
CT,M,1961,Frederick,72
CT,M,1961,Dean,71
CT,M,1961,Larry,66
CT,M,1961,Henry,65
CT,M,1961,Martin,65
CT,M,1961,Marc,64
CT,M,1961,Randy,64
CT,M,1961,Jay,63
CT,M,1961,Steve,59
CT,M,1961,Barry,58
CT,M,1961,Albert,57
CT,M,1961,Eugene,56
CT,M,1961,Jeff,56
CT,M,1961,Theodore,55
CT,M,1961,Harold,53
CT,M,1961,Sean,53
CT,M,1961,Leonard,51
CT,M,1961,Victor,51
CT,M,1961,Nicholas,50
CT,M,1961,Jeffery,48
CT,M,1961,Gregg,46
CT,M,1961,Dale,45
CT,M,1961,Glen,45
CT,M,1961,Kurt,45
CT,M,1961,Howard,44
CT,M,1961,Roy,44
CT,M,1961,Jim,43
CT,M,1961,Ricky,43
CT,M,1961,Samuel,43
CT,M,1961,Shawn,43
CT,M,1961,Alfred,42
CT,M,1961,Ernest,42
CT,M,1961,Mike,42
CT,M,1961,Darryl,41
CT,M,1961,Jon,39
CT,M,1961,Stuart,39
CT,M,1961,Greg,38
CT,M,1961,Jose,38
CT,M,1961,Karl,38
CT,M,1961,Allen,37
CT,M,1961,Clifford,37
CT,M,1961,Jerry,37
CT,M,1961,Salvatore,37
CT,M,1961,Phillip,36
CT,M,1961,Jack,35
CT,M,1961,Norman,35
CT,M,1961,Tony,35
CT,M,1961,Curtis,34
CT,M,1961,Randall,34
CT,M,1961,Stanley,34
CT,M,1961,Edwin,33
CT,M,1961,Joe,33
CT,M,1961,Dana,32
CT,M,1961,Troy,32
CT,M,1961,Geoffrey,31
CT,M,1961,Guy,31
CT,M,1961,Neil,31
CT,M,1961,Bryan,30
CT,M,1961,Bradley,29
CT,M,1961,Brett,29
CT,M,1961,Danny,29
CT,M,1961,Gene,29
CT,M,1961,Terry,29
CT,M,1961,Bernard,28
CT,M,1961,Fred,28
CT,M,1961,Lee,28
CT,M,1961,Bill,27
CT,M,1961,Harry,27
CT,M,1961,Benjamin,26
CT,M,1961,Robin,26
CT,M,1961,Rodney,26
CT,M,1961,Tim,26
CT,M,1961,Tom,26
CT,M,1961,Adam,25
CT,M,1961,Gerard,25
CT,M,1961,Mitchell,25
CT,M,1961,Dwayne,24
CT,M,1961,Angelo,23
CT,M,1961,Tracy,23
CT,M,1961,Warren,23
CT,M,1961,Alexander,22
CT,M,1961,Bob,22
CT,M,1961,Dave,22
CT,M,1961,Antonio,21
CT,M,1961,Brad,21
CT,M,1961,Jimmy,21
CT,M,1961,Seth,21
CT,M,1961,Allan,20
CT,M,1961,Duane,20
CT,M,1961,Gordon,20
CT,M,1961,Ronnie,20
CT,M,1961,Billy,19
CT,M,1961,Jason,19
CT,M,1961,Joel,19
CT,M,1961,Bradford,18
CT,M,1961,Christian,18
CT,M,1961,Eddie,18
CT,M,1961,Kirk,18
CT,M,1961,Maurice,18
CT,M,1961,Micheal,18
CT,M,1961,Brendan,17
CT,M,1961,Dan,17
CT,M,1961,Kent,17
CT,M,1961,Leo,17
CT,M,1961,Neal,17
CT,M,1961,Ted,17
CT,M,1961,Andre,16
CT,M,1961,Angel,16
CT,M,1961,Carlos,16
CT,M,1961,Dominic,16
CT,M,1961,Kyle,16
CT,M,1961,Ramon,16
CT,M,1961,Ross,16
CT,M,1961,Terrence,16
CT,M,1961,Wesley,16
CT,M,1961,Aaron,15
CT,M,1961,Calvin,15
CT,M,1961,Dwight,15
CT,M,1961,Franklin,15
CT,M,1961,Jerome,15
CT,M,1961,Johnny,15
CT,M,1961,Lance,15
CT,M,1961,Lester,15
CT,M,1961,Lewis,15
CT,M,1961,Ray,15
CT,M,1961,Willie,15
CT,M,1961,Bobby,14
CT,M,1961,Carmen,14
CT,M,1961,Darren,14
CT,M,1961,Miguel,14
CT,M,1961,Nelson,14
CT,M,1961,Perry,14
CT,M,1961,Reginald,14
CT,M,1961,Rick,14
CT,M,1961,Roberto,14
CT,M,1961,Roland,14
CT,M,1961,Chester,13
CT,M,1961,Derek,13
CT,M,1961,Drew,13
CT,M,1961,Earl,13
CT,M,1961,Edmund,13
CT,M,1961,Herbert,13
CT,M,1961,Leroy,13
CT,M,1961,Wilfred,13
CT,M,1961,Alvin,12
CT,M,1961,Domenic,12
CT,M,1961,Edgar,12
CT,M,1961,Kenny,12
CT,M,1961,Kerry,12
CT,M,1961,Kim,12
CT,M,1961,Manuel,12
CT,M,1961,Mario,12
CT,M,1961,Nathan,12
CT,M,1961,Terence,12
CT,M,1961,Tommy,12
CT,M,1961,Tyrone,12
CT,M,1961,Wallace,12
CT,M,1961,Alberto,11
CT,M,1961,Arnold,11
CT,M,1961,Clarence,11
CT,M,1961,Evan,11
CT,M,1961,Jesse,11
CT,M,1961,Luis,11
CT,M,1961,Marvin,11
CT,M,1961,Pasquale,11
CT,M,1961,Randolph,11
CT,M,1961,Clark,10
CT,M,1961,Clayton,10
CT,M,1961,Darrell,10
CT,M,1961,Felix,10
CT,M,1961,Floyd,10
CT,M,1961,Gilbert,10
CT,M,1961,Harvey,10
CT,M,1961,Kelly,10
CT,M,1961,Laurence,10
CT,M,1961,Leon,10
CT,M,1961,Luke,10
CT,M,1961,Orlando,10
CT,M,1961,Shaun,10
CT,M,1961,Alex,9
CT,M,1961,Andy,9
CT,M,1961,Brent,9
CT,M,1961,Colin,9
CT,M,1961,Don,9
CT,M,1961,Grant,9
CT,M,1961,Juan,9
CT,M,1961,Marshall,9
CT,M,1961,Milton,9
CT,M,1961,Stewart,9
CT,M,1961,Ward,9
CT,M,1961,Wilfredo,9
CT,M,1961,Carmine,8
CT,M,1961,Claude,8
CT,M,1961,Derrick,8
CT,M,1961,Dino,8
CT,M,1961,Dominick,8
CT,M,1961,Francisco,8
CT,M,1961,Fredrick,8
CT,M,1961,Garry,8
CT,M,1961,Hugh,8
CT,M,1961,Lloyd,8
CT,M,1961,Melvin,8
CT,M,1961,Pat,8
CT,M,1961,Rene,8
CT,M,1961,Roderick,8
CT,M,1961,Terrance,8
CT,M,1961,Cecil,7
CT,M,1961,Cornelius,7
CT,M,1961,Denis,7
CT,M,1961,Edmond,7
CT,M,1961,Jan,7
CT,M,1961,Jody,7
CT,M,1961,Johnnie,7
CT,M,1961,Joshua,7
CT,M,1961,Leslie,7
CT,M,1961,Matt,7
CT,M,1961,Nathaniel,7
CT,M,1961,Nick,7
CT,M,1961,Noel,7
CT,M,1961,Owen,7
CT,M,1961,Ron,7
CT,M,1961,Rory,7
CT,M,1961,Rudolph,7
CT,M,1961,Shane,7
CT,M,1961,Vernon,7
CT,M,1961,Wade,7
CT,M,1961,Charlie,6
CT,M,1961,Chuck,6
CT,M,1961,Clay,6
CT,M,1961,Clifton,6
CT,M,1961,Dirk,6
CT,M,1961,Erik,6
CT,M,1961,Everett,6
CT,M,1961,Gerry,6
CT,M,1961,Israel,6
CT,M,1961,Ivan,6
CT,M,1961,Jorge,6
CT,M,1961,Julio,6
CT,M,1961,Lon,6
CT,M,1961,Lorenzo,6
CT,M,1961,Marcel,6
CT,M,1961,Mathew,6
CT,M,1961,Pete,6
CT,M,1961,Rafael,6
CT,M,1961,Rocco,6
CT,M,1961,Ruben,6
CT,M,1961,Sebastian,6
CT,M,1961,Susan,6
CT,M,1961,Teddy,6
CT,M,1961,Armand,5
CT,M,1961,Ben,5
CT,M,1961,Brooks,5
CT,M,1961,Bryant,5
CT,M,1961,Carlton,5
CT,M,1961,Cary,5
CT,M,1961,Clinton,5
CT,M,1961,Clyde,5
CT,M,1961,Conrad,5
CT,M,1961,Dion,5
CT,M,1961,Doug,5
CT,M,1961,Elliot,5
CT,M,1961,Emil,5
CT,M,1961,Emilio,5
CT,M,1961,Ernie,5
CT,M,1961,Erwin,5
CT,M,1961,Ethan,5
CT,M,1961,Freddie,5
CT,M,1961,Garrett,5
CT,M,1961,Graham,5
CT,M,1961,Hector,5
CT,M,1961,Herman,5
CT,M,1961,Jed,5
CT,M,1961,Joey,5
CT,M,1961,Leigh,5
CT,M,1961,Loren,5
CT,M,1961,Marcus,5
CT,M,1961,Marion,5
CT,M,1961,Oliver,5
CT,M,1961,Pierre,5
CT,M,1961,Roman,5
CT,M,1961,Sal,5
CT,M,1961,Sherman,5
CT,M,1961,Timmy,5
CT,M,1962,John,1433
CT,M,1962,Michael,1358
CT,M,1962,David,1273
CT,M,1962,Robert,1216
CT,M,1962,James,990
CT,M,1962,Mark,830
CT,M,1962,William,747
CT,M,1962,Thomas,721
CT,M,1962,Richard,713
CT,M,1962,Joseph,599
CT,M,1962,Scott,524
CT,M,1962,Jeffrey,503
CT,M,1962,Paul,494
CT,M,1962,Steven,452
CT,M,1962,Peter,413
CT,M,1962,Daniel,408
CT,M,1962,Kevin,406
CT,M,1962,Christopher,402
CT,M,1962,Brian,374
CT,M,1962,Edward,368
CT,M,1962,Stephen,366
CT,M,1962,Kenneth,346
CT,M,1962,Timothy,329
CT,M,1962,Anthony,320
CT,M,1962,Gary,310
CT,M,1962,Donald,271
CT,M,1962,Charles,253
CT,M,1962,Gregory,250
CT,M,1962,Ronald,247
CT,M,1962,Douglas,212
CT,M,1962,Andrew,188
CT,M,1962,Frank,185
CT,M,1962,George,174
CT,M,1962,Raymond,173
CT,M,1962,Glenn,172
CT,M,1962,Eric,162
CT,M,1962,Bruce,155
CT,M,1962,Todd,151
CT,M,1962,Keith,150
CT,M,1962,Matthew,139
CT,M,1962,Alan,133
CT,M,1962,Patrick,132
CT,M,1962,Vincent,122
CT,M,1962,Craig,120
CT,M,1962,Wayne,119
CT,M,1962,Lawrence,114
CT,M,1962,Philip,105
CT,M,1962,Dennis,103
CT,M,1962,Roger,99
CT,M,1962,Jonathan,96
CT,M,1962,Carl,89
CT,M,1962,Arthur,87
CT,M,1962,Dean,86
CT,M,1962,Louis,85
CT,M,1962,Walter,84
CT,M,1962,Gerald,83
CT,M,1962,Jay,81
CT,M,1962,Martin,80
CT,M,1962,Russell,77
CT,M,1962,Frederick,74
CT,M,1962,Francis,73
CT,M,1962,Marc,70
CT,M,1962,Ralph,70
CT,M,1962,Barry,64
CT,M,1962,Sean,64
CT,M,1962,Chris,62
CT,M,1962,Howard,61
CT,M,1962,Albert,60
CT,M,1962,Henry,60
CT,M,1962,Harold,59
CT,M,1962,Edwin,58
CT,M,1962,Kurt,58
CT,M,1962,Theodore,58
CT,M,1962,Nicholas,56
CT,M,1962,Jon,54
CT,M,1962,Leonard,54
CT,M,1962,Bryan,52
CT,M,1962,Larry,51
CT,M,1962,Victor,50
CT,M,1962,Allen,49
CT,M,1962,Glen,49
CT,M,1962,Shawn,49
CT,M,1962,Dale,48
CT,M,1962,Eugene,48
CT,M,1962,Salvatore,48
CT,M,1962,Mike,47
CT,M,1962,Karl,45
CT,M,1962,Norman,45
CT,M,1962,Darryl,44
CT,M,1962,Jeffery,43
CT,M,1962,Jeff,42
CT,M,1962,Troy,42
CT,M,1962,Alfred,40
CT,M,1962,Randall,40
CT,M,1962,Danny,39
CT,M,1962,Tony,39
CT,M,1962,Phillip,38
CT,M,1962,Randy,38
CT,M,1962,Ernest,37
CT,M,1962,Gregg,37
CT,M,1962,Steve,37
CT,M,1962,Fred,35
CT,M,1962,Joe,35
CT,M,1962,Stanley,35
CT,M,1962,Curtis,34
CT,M,1962,Joel,34
CT,M,1962,Jerry,33
CT,M,1962,Lee,33
CT,M,1962,Samuel,33
CT,M,1962,Antonio,32
CT,M,1962,Guy,32
CT,M,1962,Jose,32
CT,M,1962,Roy,32
CT,M,1962,Adam,31
CT,M,1962,Harry,31
CT,M,1962,Jack,31
CT,M,1962,Neil,31
CT,M,1962,Clifford,30
CT,M,1962,Bradley,29
CT,M,1962,Greg,29
CT,M,1962,Gordon,27
CT,M,1962,Benjamin,26
CT,M,1962,Ricky,26
CT,M,1962,Tom,26
CT,M,1962,Dana,25
CT,M,1962,Jason,25
CT,M,1962,Jim,24
CT,M,1962,Rodney,24
CT,M,1962,Tracy,24
CT,M,1962,Warren,24
CT,M,1962,Alexander,23
CT,M,1962,Bernard,23
CT,M,1962,Gene,23
CT,M,1962,Geoffrey,23
CT,M,1962,Kirk,23
CT,M,1962,Terry,23
CT,M,1962,Tim,23
CT,M,1962,Andre,22
CT,M,1962,Brett,22
CT,M,1962,Dave,22
CT,M,1962,Nelson,22
CT,M,1962,Willie,22
CT,M,1962,Allan,21
CT,M,1962,Duane,21
CT,M,1962,Stuart,21
CT,M,1962,Bill,20
CT,M,1962,Jerome,20
CT,M,1962,Jimmy,20
CT,M,1962,Micheal,20
CT,M,1962,Dwayne,19
CT,M,1962,Lance,19
CT,M,1962,Dan,18
CT,M,1962,Gerard,18
CT,M,1962,Hector,18
CT,M,1962,Herbert,18
CT,M,1962,Johnny,18
CT,M,1962,Rick,18
CT,M,1962,Aaron,17
CT,M,1962,Angelo,17
CT,M,1962,Carlos,17
CT,M,1962,Daryl,17
CT,M,1962,Kyle,17
CT,M,1962,Mitchell,17
CT,M,1962,Roland,17
CT,M,1962,Ronnie,17
CT,M,1962,Bradford,16
CT,M,1962,Darren,16
CT,M,1962,Earl,16
CT,M,1962,Kerry,16
CT,M,1962,Luis,16
CT,M,1962,Mario,16
CT,M,1962,Marvin,16
CT,M,1962,Miguel,16
CT,M,1962,Bobby,15
CT,M,1962,Christian,15
CT,M,1962,Juan,15
CT,M,1962,Leo,15
CT,M,1962,Reginald,15
CT,M,1962,Alex,14
CT,M,1962,Calvin,14
CT,M,1962,Eddie,14
CT,M,1962,Edmund,14
CT,M,1962,Gilbert,14
CT,M,1962,Jesus,14
CT,M,1962,Kent,14
CT,M,1962,Leon,14
CT,M,1962,Milton,14
CT,M,1962,Roberto,14
CT,M,1962,Ross,14
CT,M,1962,Ted,14
CT,M,1962,Arnold,13
CT,M,1962,Bob,13
CT,M,1962,Derek,13
CT,M,1962,Lewis,13
CT,M,1962,Ray,13
CT,M,1962,Seth,13
CT,M,1962,Angel,12
CT,M,1962,Brad,12
CT,M,1962,Clinton,12
CT,M,1962,Darrell,12
CT,M,1962,Evan,12
CT,M,1962,Melvin,12
CT,M,1962,Nick,12
CT,M,1962,Ron,12
CT,M,1962,Scot,12
CT,M,1962,Alvin,11
CT,M,1962,Dominic,11
CT,M,1962,Edgar,11
CT,M,1962,Franklin,11
CT,M,1962,Kelly,11
CT,M,1962,Leslie,11
CT,M,1962,Robin,11
CT,M,1962,Terrence,11
CT,M,1962,Tyrone,11
CT,M,1962,Vernon,11
CT,M,1962,Wesley,11
CT,M,1962,Alberto,10
CT,M,1962,Andy,10
CT,M,1962,Claude,10
CT,M,1962,Clayton,10
CT,M,1962,Dominick,10
CT,M,1962,Dwight,10
CT,M,1962,Lester,10
CT,M,1962,Nathaniel,10
CT,M,1962,Stephan,10
CT,M,1962,Tommy,10
CT,M,1962,Billy,9
CT,M,1962,Brent,9
CT,M,1962,Clifton,9
CT,M,1962,Curt,9
CT,M,1962,Francisco,9
CT,M,1962,Garry,9
CT,M,1962,Hugh,9
CT,M,1962,Jesse,9
CT,M,1962,Justin,9
CT,M,1962,Kris,9
CT,M,1962,Lloyd,9
CT,M,1962,Luke,9
CT,M,1962,Marcus,9
CT,M,1962,Neal,9
CT,M,1962,Owen,9
CT,M,1962,Perry,9
CT,M,1962,Rafael,9
CT,M,1962,Roman,9
CT,M,1962,Spencer,9
CT,M,1962,Terence,9
CT,M,1962,Timmy,9
CT,M,1962,Ward,9
CT,M,1962,Blaine,8
CT,M,1962,Clarence,8
CT,M,1962,Clyde,8
CT,M,1962,Drew,8
CT,M,1962,Edmond,8
CT,M,1962,Erik,8
CT,M,1962,Everett,8
CT,M,1962,Floyd,8
CT,M,1962,Kenny,8
CT,M,1962,Manuel,8
CT,M,1962,Maurice,8
CT,M,1962,Pasquale,8
CT,M,1962,Rocco,8
CT,M,1962,Shaun,8
CT,M,1962,Stewart,8
CT,M,1962,Wallace,8
CT,M,1962,Alton,7
CT,M,1962,Armand,7
CT,M,1962,Bart,7
CT,M,1962,Brendan,7
CT,M,1962,Byron,7
CT,M,1962,Carmen,7
CT,M,1962,Clark,7
CT,M,1962,Clay,7
CT,M,1962,Colin,7
CT,M,1962,Don,7
CT,M,1962,Ed,7
CT,M,1962,Elliott,7
CT,M,1962,Gabriel,7
CT,M,1962,Jan,7
CT,M,1962,Jean,7
CT,M,1962,Jeremy,7
CT,M,1962,Julio,7
CT,M,1962,Laurence,7
CT,M,1962,Morris,7
CT,M,1962,Nathan,7
CT,M,1962,Normand,7
CT,M,1962,Randolph,7
CT,M,1962,Rene,7
CT,M,1962,Ricardo,7
CT,M,1962,Rudy,7
CT,M,1962,Santo,7
CT,M,1962,Terrance,7
CT,M,1962,Wilson,7
CT,M,1962,Alonzo,6
CT,M,1962,Bret,6
CT,M,1962,Carmine,6
CT,M,1962,Cary,6
CT,M,1962,Cory,6
CT,M,1962,Darin,6
CT,M,1962,Dino,6
CT,M,1962,Domenic,6
CT,M,1962,Emil,6
CT,M,1962,Erich,6
CT,M,1962,Grant,6
CT,M,1962,Harlan,6
CT,M,1962,Ira,6
CT,M,1962,Jorge,6
CT,M,1962,Kelvin,6
CT,M,1962,Ken,6
CT,M,1962,Leroy,6
CT,M,1962,Lionel,6
CT,M,1962,Lyle,6
CT,M,1962,Malcolm,6
CT,M,1962,Mary,6
CT,M,1962,Myron,6
CT,M,1962,Noel,6
CT,M,1962,Roderick,6
CT,M,1962,Rory,6
CT,M,1962,Tod,6
CT,M,1962,Alphonso,5
CT,M,1962,Bernie,5
CT,M,1962,Cecil,5
CT,M,1962,Charlie,5
CT,M,1962,Chester,5
CT,M,1962,Dante,5
CT,M,1962,Derrick,5
CT,M,1962,Doug,5
CT,M,1962,Ellis,5
CT,M,1962,Felix,5
CT,M,1962,Freddie,5
CT,M,1962,Frederic,5
CT,M,1962,Gilberto,5
CT,M,1962,Harvey,5
CT,M,1962,Jamie,5
CT,M,1962,Jed,5
CT,M,1962,Jordan,5
CT,M,1962,Joshua,5
CT,M,1962,Lonnie,5
CT,M,1962,Lorenzo,5
CT,M,1962,Mathew,5
CT,M,1962,Pedro,5
CT,M,1962,Sal,5
CT,M,1962,Sebastian,5
CT,M,1962,Shane,5
CT,M,1962,Sherman,5
CT,M,1962,Thaddeus,5
CT,M,1962,Wilfredo,5
CT,M,1963,John,1480
CT,M,1963,Michael,1301
CT,M,1963,David,1231
CT,M,1963,Robert,1159
CT,M,1963,James,996
CT,M,1963,Mark,795
CT,M,1963,William,776
CT,M,1963,Richard,740
CT,M,1963,Thomas,710
CT,M,1963,Joseph,655
CT,M,1963,Paul,561
CT,M,1963,Scott,452
CT,M,1963,Jeffrey,448
CT,M,1963,Peter,423
CT,M,1963,Brian,419
CT,M,1963,Christopher,416
CT,M,1963,Steven,414
CT,M,1963,Kevin,410
CT,M,1963,Daniel,391
CT,M,1963,Timothy,361
CT,M,1963,Kenneth,352
CT,M,1963,Stephen,347
CT,M,1963,Edward,332
CT,M,1963,Anthony,321
CT,M,1963,Gary,278
CT,M,1963,Charles,264
CT,M,1963,Ronald,243
CT,M,1963,Gregory,240
CT,M,1963,Donald,239
CT,M,1963,George,228
CT,M,1963,Frank,220
CT,M,1963,Andrew,217
CT,M,1963,Douglas,215
CT,M,1963,Todd,207
CT,M,1963,Keith,180
CT,M,1963,Raymond,179
CT,M,1963,Bruce,174
CT,M,1963,Matthew,174
CT,M,1963,Eric,172
CT,M,1963,Patrick,154
CT,M,1963,Glenn,135
CT,M,1963,Wayne,123
CT,M,1963,Alan,120
CT,M,1963,Vincent,120
CT,M,1963,Jonathan,118
CT,M,1963,Philip,116
CT,M,1963,Craig,114
CT,M,1963,Lawrence,102
CT,M,1963,Dennis,94
CT,M,1963,Carl,92
CT,M,1963,Arthur,91
CT,M,1963,Louis,91
CT,M,1963,Dean,86
CT,M,1963,Roger,85
CT,M,1963,Russell,85
CT,M,1963,Walter,83
CT,M,1963,Frederick,82
CT,M,1963,Marc,81
CT,M,1963,Martin,75
CT,M,1963,Francis,73
CT,M,1963,Sean,70
CT,M,1963,Albert,69
CT,M,1963,Nicholas,67
CT,M,1963,Barry,66
CT,M,1963,Chris,66
CT,M,1963,Theodore,65
CT,M,1963,Jay,64
CT,M,1963,Ralph,64
CT,M,1963,Leonard,63
CT,M,1963,Gerald,62
CT,M,1963,Samuel,59
CT,M,1963,Henry,56
CT,M,1963,Adam,54
CT,M,1963,Randy,53
CT,M,1963,Stanley,53
CT,M,1963,Randall,51
CT,M,1963,Larry,50
CT,M,1963,Kurt,48
CT,M,1963,Ernest,47
CT,M,1963,Shawn,47
CT,M,1963,Jon,46
CT,M,1963,Eugene,45
CT,M,1963,Harold,45
CT,M,1963,Jose,45
CT,M,1963,Glen,43
CT,M,1963,Howard,43
CT,M,1963,Jeff,43
CT,M,1963,Jeffery,43
CT,M,1963,Mike,43
CT,M,1963,Terry,43
CT,M,1963,Allen,40
CT,M,1963,Darryl,39
CT,M,1963,Bryan,37
CT,M,1963,Danny,37
CT,M,1963,Norman,37
CT,M,1963,Tony,37
CT,M,1963,Victor,37
CT,M,1963,Gordon,36
CT,M,1963,Jim,36
CT,M,1963,Neil,36
CT,M,1963,Ricky,36
CT,M,1963,Edwin,35
CT,M,1963,Salvatore,35
CT,M,1963,Fred,34
CT,M,1963,Karl,34
CT,M,1963,Joel,33
CT,M,1963,Steve,33
CT,M,1963,Bernard,32
CT,M,1963,Phillip,32
CT,M,1963,Tom,32
CT,M,1963,Alfred,31
CT,M,1963,Brett,31
CT,M,1963,Roy,31
CT,M,1963,Troy,31
CT,M,1963,Dale,30
CT,M,1963,Lee,30
CT,M,1963,Darren,28
CT,M,1963,Greg,28
CT,M,1963,Jerry,28
CT,M,1963,Antonio,27
CT,M,1963,Benjamin,27
CT,M,1963,Dana,27
CT,M,1963,Juan,26
CT,M,1963,Rodney,26
CT,M,1963,Alexander,25
CT,M,1963,Gregg,25
CT,M,1963,Joe,25
CT,M,1963,Kyle,25
CT,M,1963,Tim,25
CT,M,1963,Jerome,24
CT,M,1963,Reginald,24
CT,M,1963,Curtis,23
CT,M,1963,Warren,23
CT,M,1963,Aaron,22
CT,M,1963,Bill,22
CT,M,1963,Dan,22
CT,M,1963,Lance,22
CT,M,1963,Harry,21
CT,M,1963,Jason,21
CT,M,1963,Johnny,21
CT,M,1963,Luis,21
CT,M,1963,Stuart,21
CT,M,1963,Willie,21
CT,M,1963,Andre,20
CT,M,1963,Clifford,20
CT,M,1963,Jack,20
CT,M,1963,Carlos,19
CT,M,1963,Dave,19
CT,M,1963,Dwayne,19
CT,M,1963,Earl,19
CT,M,1963,Jesse,19
CT,M,1963,Kirk,19
CT,M,1963,Mario,19
CT,M,1963,Tracy,19
CT,M,1963,Tyrone,19
CT,M,1963,Bobby,18
CT,M,1963,Christian,18
CT,M,1963,Clayton,18
CT,M,1963,Guy,18
CT,M,1963,Jimmy,18
CT,M,1963,Nelson,18
CT,M,1963,Angelo,17
CT,M,1963,Brad,17
CT,M,1963,Derek,17
CT,M,1963,Dominic,17
CT,M,1963,Duane,17
CT,M,1963,Maurice,17
CT,M,1963,Ray,17
CT,M,1963,Rick,17
CT,M,1963,Wesley,17
CT,M,1963,Billy,16
CT,M,1963,Bob,16
CT,M,1963,Brent,16
CT,M,1963,Erik,16
CT,M,1963,Geoffrey,16
CT,M,1963,Terrance,16
CT,M,1963,Terrence,16
CT,M,1963,Bradley,15
CT,M,1963,Gene,15
CT,M,1963,Leo,15
CT,M,1963,Micheal,15
CT,M,1963,Roland,15
CT,M,1963,Ross,15
CT,M,1963,Terence,15
CT,M,1963,Daryl,14
CT,M,1963,Dwight,14
CT,M,1963,Kent,14
CT,M,1963,Leon,14
CT,M,1963,Melvin,14
CT,M,1963,Ronnie,14
CT,M,1963,Wilfredo,14
CT,M,1963,Allan,13
CT,M,1963,Bradford,13
CT,M,1963,Eddie,13
CT,M,1963,Hector,13
CT,M,1963,Herbert,13
CT,M,1963,Ian,13
CT,M,1963,Lewis,13
CT,M,1963,Nathaniel,13
CT,M,1963,Rocco,13
CT,M,1963,Alex,12
CT,M,1963,Arnold,12
CT,M,1963,Calvin,12
CT,M,1963,Carmen,12
CT,M,1963,Derrick,12
CT,M,1963,Don,12
CT,M,1963,Gerard,12
CT,M,1963,Hugh,12
CT,M,1963,Joshua,12
CT,M,1963,Ken,12
CT,M,1963,Lloyd,12
CT,M,1963,Miguel,12
CT,M,1963,Mitchell,12
CT,M,1963,Neal,12
CT,M,1963,Perry,12
CT,M,1963,Seth,12
CT,M,1963,Stephan,12
CT,M,1963,Tommy,12
CT,M,1963,Franklin,11
CT,M,1963,Gilbert,11
CT,M,1963,Jamie,11
CT,M,1963,Kerry,11
CT,M,1963,Miles,11
CT,M,1963,Alvin,10
CT,M,1963,Colin,10
CT,M,1963,Curt,10
CT,M,1963,Edmund,10
CT,M,1963,Jeremy,10
CT,M,1963,Kelly,10
CT,M,1963,Kenny,10
CT,M,1963,Nathan,10
CT,M,1963,Rafael,10
CT,M,1963,Shaun,10
CT,M,1963,Ted,10
CT,M,1963,Vernon,10
CT,M,1963,Angel,9
CT,M,1963,Brendan,9
CT,M,1963,Claude,9
CT,M,1963,Darrell,9
CT,M,1963,Dominick,9
CT,M,1963,Felix,9
CT,M,1963,Jorge,9
CT,M,1963,Leroy,9
CT,M,1963,Leslie,9
CT,M,1963,Manuel,9
CT,M,1963,Rene,9
CT,M,1963,Ricardo,9
CT,M,1963,Roberto,9
CT,M,1963,Ron,9
CT,M,1963,Sebastian,9
CT,M,1963,Stefan,9
CT,M,1963,Andy,8
CT,M,1963,Blake,8
CT,M,1963,Carmine,8
CT,M,1963,Clinton,8
CT,M,1963,Dexter,8
CT,M,1963,Frankie,8
CT,M,1963,Garrett,8
CT,M,1963,Ivan,8
CT,M,1963,Jeremiah,8
CT,M,1963,Jody,8
CT,M,1963,Joey,8
CT,M,1963,Kris,8
CT,M,1963,Laurence,8
CT,M,1963,Luke,8
CT,M,1963,Marvin,8
CT,M,1963,Orlando,8
CT,M,1963,Randolph,8
CT,M,1963,Robin,8
CT,M,1963,Scot,8
CT,M,1963,Shane,8
CT,M,1963,Willard,8
CT,M,1963,August,7
CT,M,1963,Chuck,7
CT,M,1963,Doug,7
CT,M,1963,Duncan,7
CT,M,1963,Garry,7
CT,M,1963,Kim,7
CT,M,1963,Lester,7
CT,M,1963,Ramon,7
CT,M,1963,Stewart,7
CT,M,1963,Wade,7
CT,M,1963,Wilbert,7
CT,M,1963,Alton,6
CT,M,1963,Andres,6
CT,M,1963,Chester,6
CT,M,1963,Clark,6
CT,M,1963,Clyde,6
CT,M,1963,Drew,6
CT,M,1963,Eduardo,6
CT,M,1963,Freddie,6
CT,M,1963,Gino,6
CT,M,1963,Giuseppe,6
CT,M,1963,Grant,6
CT,M,1963,Harvey,6
CT,M,1963,Heriberto,6
CT,M,1963,Julius,6
CT,M,1963,Justin,6
CT,M,1963,Lars,6
CT,M,1963,Lorenzo,6
CT,M,1963,Lucien,6
CT,M,1963,Luigi,6
CT,M,1963,Marcus,6
CT,M,1963,Merrill,6
CT,M,1963,Noel,6
CT,M,1963,Oliver,6
CT,M,1963,Pedro,6
CT,M,1963,Pete,6
CT,M,1963,Alberto,5
CT,M,1963,Alphonse,5
CT,M,1963,Armand,5
CT,M,1963,Ben,5
CT,M,1963,Bret,5
CT,M,1963,Bryce,5
CT,M,1963,Cary,5
CT,M,1963,Charlie,5
CT,M,1963,Clay,5
CT,M,1963,Clifton,5
CT,M,1963,Conrad,5
CT,M,1963,Denis,5
CT,M,1963,Domenic,5
CT,M,1963,Elliott,5
CT,M,1963,Ernesto,5
CT,M,1963,Everett,5
CT,M,1963,Garth,5
CT,M,1963,Jacob,5
CT,M,1963,Jaime,5
CT,M,1963,Jean,5
CT,M,1963,Leigh,5
CT,M,1963,Lionel,5
CT,M,1963,Lonnie,5
CT,M,1963,Marcel,5
CT,M,1963,Marco,5
CT,M,1963,Marshall,5
CT,M,1963,Marty,5
CT,M,1963,Milton,5
CT,M,1963,Myron,5
CT,M,1963,Nick,5
CT,M,1963,Pablo,5
CT,M,1963,Pasquale,5
CT,M,1963,Pierre,5
CT,M,1963,Roderick,5
CT,M,1963,Roosevelt,5
CT,M,1963,Rory,5
CT,M,1963,Ruben,5
CT,M,1963,Sam,5
CT,M,1963,Sherman,5
CT,M,1963,Susan,5
CT,M,1963,Thaddeus,5
CT,M,1963,Tyler,5
CT,M,1963,Virgil,5
CT,M,1963,Wilson,5
CT,M,1963,Zachary,5
CT,M,1964,John,1515
CT,M,1964,Michael,1423
CT,M,1964,Robert,1256
CT,M,1964,David,1192
CT,M,1964,James,1004
CT,M,1964,Richard,749
CT,M,1964,Mark,744
CT,M,1964,William,744
CT,M,1964,Thomas,683
CT,M,1964,Joseph,607
CT,M,1964,Paul,521
CT,M,1964,Christopher,508
CT,M,1964,Scott,493
CT,M,1964,Jeffrey,487
CT,M,1964,Kevin,454
CT,M,1964,Peter,427
CT,M,1964,Steven,407
CT,M,1964,Daniel,400
CT,M,1964,Brian,377
CT,M,1964,Edward,360
CT,M,1964,Anthony,354
CT,M,1964,Timothy,342
CT,M,1964,Kenneth,332
CT,M,1964,Stephen,318
CT,M,1964,Ronald,268
CT,M,1964,Charles,264
CT,M,1964,Donald,240
CT,M,1964,Gregory,233
CT,M,1964,Gary,229
CT,M,1964,Todd,219
CT,M,1964,Andrew,216
CT,M,1964,Patrick,210
CT,M,1964,Frank,203
CT,M,1964,Eric,202
CT,M,1964,Douglas,200
CT,M,1964,George,192
CT,M,1964,Raymond,184
CT,M,1964,Matthew,179
CT,M,1964,Bruce,160
CT,M,1964,Jonathan,151
CT,M,1964,Keith,149
CT,M,1964,Wayne,122
CT,M,1964,Dennis,118
CT,M,1964,Alan,117
CT,M,1964,Craig,116
CT,M,1964,Philip,116
CT,M,1964,Vincent,115
CT,M,1964,Glenn,99
CT,M,1964,Lawrence,98
CT,M,1964,Marc,91
CT,M,1964,Walter,89
CT,M,1964,Arthur,85
CT,M,1964,Carl,83
CT,M,1964,Louis,83
CT,M,1964,Gerald,81
CT,M,1964,Russell,81
CT,M,1964,Roger,79
CT,M,1964,Sean,76
CT,M,1964,Dean,73
CT,M,1964,Shawn,71
CT,M,1964,Francis,69
CT,M,1964,Nicholas,65
CT,M,1964,Frederick,64
CT,M,1964,Albert,60
CT,M,1964,Barry,59
CT,M,1964,Ralph,59
CT,M,1964,Theodore,59
CT,M,1964,Leonard,55
CT,M,1964,Jay,54
CT,M,1964,Edwin,53
CT,M,1964,Adam,51
CT,M,1964,Darryl,51
CT,M,1964,Karl,51
CT,M,1964,Martin,51
CT,M,1964,Victor,49
CT,M,1964,Jon,48
CT,M,1964,Benjamin,46
CT,M,1964,Harold,46
CT,M,1964,Henry,46
CT,M,1964,Kurt,45
CT,M,1964,Howard,44
CT,M,1964,Jose,44
CT,M,1964,Randall,44
CT,M,1964,Glen,43
CT,M,1964,Chris,42
CT,M,1964,Dale,42
CT,M,1964,Larry,42
CT,M,1964,Allen,41
CT,M,1964,Randy,41
CT,M,1964,Jerry,40
CT,M,1964,Mike,40
CT,M,1964,Norman,40
CT,M,1964,Samuel,38
CT,M,1964,Ernest,37
CT,M,1964,Eugene,37
CT,M,1964,Fred,37
CT,M,1964,Gregg,37
CT,M,1964,Steve,37
CT,M,1964,Bryan,35
CT,M,1964,Clifford,34
CT,M,1964,Guy,34
CT,M,1964,Alfred,33
CT,M,1964,Salvatore,33
CT,M,1964,Stanley,33
CT,M,1964,Alexander,32
CT,M,1964,Dana,31
CT,M,1964,Tony,31
CT,M,1964,Aaron,30
CT,M,1964,Lee,30
CT,M,1964,Troy,30
CT,M,1964,Danny,29
CT,M,1964,Harry,29
CT,M,1964,Jeff,29
CT,M,1964,Terry,29
CT,M,1964,Duane,27
CT,M,1964,Neil,27
CT,M,1964,Rodney,27
CT,M,1964,Gordon,26
CT,M,1964,Jeffery,26
CT,M,1964,Lance,26
CT,M,1964,Luis,26
CT,M,1964,Bernard,25
CT,M,1964,Jack,25
CT,M,1964,Roy,25
CT,M,1964,Tom,25
CT,M,1964,Edmund,24
CT,M,1964,Jerome,24
CT,M,1964,Joel,24
CT,M,1964,Kyle,24
CT,M,1964,Ricky,24
CT,M,1964,Jimmy,23
CT,M,1964,Andre,22
CT,M,1964,Bradley,22
CT,M,1964,Brett,22
CT,M,1964,Curtis,22
CT,M,1964,Jason,22
CT,M,1964,Phillip,22
CT,M,1964,Erik,21
CT,M,1964,Geoffrey,21
CT,M,1964,Joe,21
CT,M,1964,Juan,21
CT,M,1964,Terrence,21
CT,M,1964,Warren,21
CT,M,1964,Allan,20
CT,M,1964,Angel,20
CT,M,1964,Carlos,20
CT,M,1964,Christian,20
CT,M,1964,Derek,20
CT,M,1964,Mario,20
CT,M,1964,Maurice,20
CT,M,1964,Tracy,20
CT,M,1964,Bill,19
CT,M,1964,Bradford,19
CT,M,1964,Darrell,19
CT,M,1964,Dominic,19
CT,M,1964,Jim,19
CT,M,1964,Leon,19
CT,M,1964,Earl,18
CT,M,1964,Leroy,18
CT,M,1964,Reginald,18
CT,M,1964,Roland,18
CT,M,1964,Colin,17
CT,M,1964,Dwayne,17
CT,M,1964,Greg,17
CT,M,1964,Kerry,17
CT,M,1964,Seth,17
CT,M,1964,Stuart,17
CT,M,1964,Tim,17
CT,M,1964,Tyrone,17
CT,M,1964,Angelo,16
CT,M,1964,Brad,16
CT,M,1964,Gene,16
CT,M,1964,Kent,16
CT,M,1964,Marvin,16
CT,M,1964,Rick,16
CT,M,1964,Ronnie,16
CT,M,1964,Shaun,16
CT,M,1964,Willie,16
CT,M,1964,Antonio,15
CT,M,1964,Billy,15
CT,M,1964,Curt,15
CT,M,1964,Darren,15
CT,M,1964,Evan,15
CT,M,1964,Hector,15
CT,M,1964,Herbert,15
CT,M,1964,Ian,15
CT,M,1964,Nathan,15
CT,M,1964,Nelson,15
CT,M,1964,Alex,14
CT,M,1964,Brent,14
CT,M,1964,Eddie,14
CT,M,1964,Gerard,14
CT,M,1964,Johnny,14
CT,M,1964,Leo,14
CT,M,1964,Mitchell,14
CT,M,1964,Ricardo,14
CT,M,1964,Roderick,14
CT,M,1964,Tod,14
CT,M,1964,Wesley,14
CT,M,1964,Alvin,13
CT,M,1964,Bret,13
CT,M,1964,Clarence,13
CT,M,1964,Edgar,13
CT,M,1964,Franklin,13
CT,M,1964,Laurence,13
CT,M,1964,Luke,13
CT,M,1964,Neal,13
CT,M,1964,Terence,13
CT,M,1964,Vernon,13
CT,M,1964,Arnold,12
CT,M,1964,Dave,12
CT,M,1964,Jamie,12
CT,M,1964,Manuel,12
CT,M,1964,Miguel,12
CT,M,1964,Rocco,12
CT,M,1964,Stephan,12
CT,M,1964,Bob,11
CT,M,1964,Bobby,11
CT,M,1964,Brendan,11
CT,M,1964,Calvin,11
CT,M,1964,Carmen,11
CT,M,1964,Chester,11
CT,M,1964,Herman,11
CT,M,1964,Jesse,11
CT,M,1964,Kirk,11
CT,M,1964,Melvin,11
CT,M,1964,Micheal,11
CT,M,1964,Roberto,11
CT,M,1964,Claude,10
CT,M,1964,Daryl,10
CT,M,1964,Derrick,10
CT,M,1964,Don,10
CT,M,1964,Fredrick,10
CT,M,1964,Gilbert,10
CT,M,1964,Hugh,10
CT,M,1964,Justin,10
CT,M,1964,Ken,10
CT,M,1964,Mathew,10
CT,M,1964,Milton,10
CT,M,1964,Ray,10
CT,M,1964,Robin,10
CT,M,1964,Ron,10
CT,M,1964,Ross,10
CT,M,1964,Tommy,10
CT,M,1964,Byron,9
CT,M,1964,Clark,9
CT,M,1964,Dan,9
CT,M,1964,Dominick,9
CT,M,1964,Drew,9
CT,M,1964,Edmond,9
CT,M,1964,Francisco,9
CT,M,1964,Garry,9
CT,M,1964,Jeremy,9
CT,M,1964,Jorge,9
CT,M,1964,Julius,9
CT,M,1964,Leslie,9
CT,M,1964,Marcus,9
CT,M,1964,Nathaniel,9
CT,M,1964,Perry,9
CT,M,1964,Ramon,9
CT,M,1964,Willard,9
CT,M,1964,Alonzo,8
CT,M,1964,Clint,8
CT,M,1964,Dwight,8
CT,M,1964,Gabriel,8
CT,M,1964,Grant,8
CT,M,1964,Ira,8
CT,M,1964,Jesus,8
CT,M,1964,Kris,8
CT,M,1964,Lewis,8
CT,M,1964,Lorenzo,8
CT,M,1964,Pasquale,8
CT,M,1964,Pat,8
CT,M,1964,Raul,8
CT,M,1964,Rene,8
CT,M,1964,Timmy,8
CT,M,1964,Wade,8
CT,M,1964,Wendell,8
CT,M,1964,Wilfredo,8
CT,M,1964,Zachary,8
CT,M,1964,Al,7
CT,M,1964,Alberto,7
CT,M,1964,Andy,7
CT,M,1964,Burton,7
CT,M,1964,Carlo,7
CT,M,1964,Eduardo,7
CT,M,1964,Felix,7
CT,M,1964,Garrett,7
CT,M,1964,Harvey,7
CT,M,1964,Jaime,7
CT,M,1964,Jeremiah,7
CT,M,1964,Jody,7
CT,M,1964,Joshua,7
CT,M,1964,Kelvin,7
CT,M,1964,Kim,7
CT,M,1964,Lester,7
CT,M,1964,Lloyd,7
CT,M,1964,Marty,7
CT,M,1964,Morris,7
CT,M,1964,Orlando,7
CT,M,1964,Preston,7
CT,M,1964,Rafael,7
CT,M,1964,Ruben,7
CT,M,1964,Stefan,7
CT,M,1964,Terrance,7
CT,M,1964,Travis,7
CT,M,1964,Casey,6
CT,M,1964,Chet,6
CT,M,1964,Darin,6
CT,M,1964,Domenic,6
CT,M,1964,Doug,6
CT,M,1964,Everett,6
CT,M,1964,Floyd,6
CT,M,1964,Freddie,6
CT,M,1964,Garth,6
CT,M,1964,Ivan,6
CT,M,1964,Julio,6
CT,M,1964,Lonnie,6
CT,M,1964,Marcel,6
CT,M,1964,Marshall,6
CT,M,1964,Oscar,6
CT,M,1964,Pablo,6
CT,M,1964,Randolph,6
CT,M,1964,Rudolph,6
CT,M,1964,Ted,6
CT,M,1964,Tyler,6
CT,M,1964,Wallace,6
CT,M,1964,Adrian,5
CT,M,1964,Aldo,5
CT,M,1964,Alfredo,5
CT,M,1964,Anton,5
CT,M,1964,Austin,5
CT,M,1964,Bennie,5
CT,M,1964,Bert,5
CT,M,1964,Bryant,5
CT,M,1964,Cameron,5
CT,M,1964,Carlton,5
CT,M,1964,Cary,5
CT,M,1964,Clayton,5
CT,M,1964,Clinton,5
CT,M,1964,Clyde,5
CT,M,1964,Damian,5
CT,M,1964,Damon,5
CT,M,1964,Darrin,5
CT,M,1964,Dino,5
CT,M,1964,Ernie,5
CT,M,1964,Fernando,5
CT,M,1964,Francesco,5
CT,M,1964,Giuseppe,5
CT,M,1964,Hans,5
CT,M,1964,Jean,5
CT,M,1964,Jimmie,5
CT,M,1964,Johnathan,5
CT,M,1964,Julian,5
CT,M,1964,Kelly,5
CT,M,1964,Lorne,5
CT,M,1964,Morgan,5
CT,M,1964,Myron,5
CT,M,1964,Noel,5
CT,M,1964,Norberto,5
CT,M,1964,Pedro,5
CT,M,1964,Pete,5
CT,M,1964,Randal,5
CT,M,1964,Reid,5
CT,M,1964,Rob,5
CT,M,1964,Rudy,5
CT,M,1964,Sam,5
CT,M,1964,Sammy,5
CT,M,1964,Sebastian,5
CT,M,1964,Stacy,5
CT,M,1964,Teddy,5
CT,M,1964,Toby,5
CT,M,1964,Tomas,5
CT,M,1964,Tracey,5
CT,M,1964,Vance,5
CT,M,1965,Michael,1479
CT,M,1965,John,1314
CT,M,1965,David,1124
CT,M,1965,Robert,1114
CT,M,1965,James,925
CT,M,1965,Richard,700
CT,M,1965,Thomas,667
CT,M,1965,William,653
CT,M,1965,Christopher,645
CT,M,1965,Joseph,632
CT,M,1965,Mark,616
CT,M,1965,Paul,502
CT,M,1965,Jeffrey,449
CT,M,1965,Scott,447
CT,M,1965,Steven,442
CT,M,1965,Daniel,424
CT,M,1965,Kevin,419
CT,M,1965,Brian,369
CT,M,1965,Timothy,364
CT,M,1965,Peter,350
CT,M,1965,Stephen,335
CT,M,1965,Kenneth,329
CT,M,1965,Anthony,321
CT,M,1965,Edward,315
CT,M,1965,Eric,275
CT,M,1965,Charles,254
CT,M,1965,Gregory,254
CT,M,1965,Andrew,226
CT,M,1965,Ronald,225
CT,M,1965,Donald,221
CT,M,1965,Gary,215
CT,M,1965,Matthew,210
CT,M,1965,Todd,205
CT,M,1965,Douglas,201
CT,M,1965,Frank,196
CT,M,1965,Patrick,195
CT,M,1965,George,183
CT,M,1965,Raymond,173
CT,M,1965,Keith,170
CT,M,1965,Bruce,120
CT,M,1965,Sean,120
CT,M,1965,Jonathan,114
CT,M,1965,Alan,108
CT,M,1965,Craig,108
CT,M,1965,Vincent,94
CT,M,1965,Dennis,93
CT,M,1965,Marc,93
CT,M,1965,Glenn,88
CT,M,1965,Lawrence,86
CT,M,1965,Wayne,85
CT,M,1965,Dean,80
CT,M,1965,Gerald,79
CT,M,1965,Frederick,78
CT,M,1965,Philip,77
CT,M,1965,Louis,75
CT,M,1965,Rodney,75
CT,M,1965,Walter,73
CT,M,1965,Arthur,72
CT,M,1965,Roger,71
CT,M,1965,Shawn,71
CT,M,1965,Carl,69
CT,M,1965,Martin,65
CT,M,1965,Jose,64
CT,M,1965,Russell,60
CT,M,1965,Albert,59
CT,M,1965,Nicholas,59
CT,M,1965,Chris,58
CT,M,1965,Ralph,56
CT,M,1965,Harold,55
CT,M,1965,Henry,55
CT,M,1965,Darren,54
CT,M,1965,Theodore,53
CT,M,1965,Erik,52
CT,M,1965,Victor,52
CT,M,1965,Francis,51
CT,M,1965,Kurt,51
CT,M,1965,Leonard,51
CT,M,1965,Jay,49
CT,M,1965,Samuel,49
CT,M,1965,Randy,48
CT,M,1965,Bryan,46
CT,M,1965,Ernest,45
CT,M,1965,Jason,44
CT,M,1965,Lee,44
CT,M,1965,Karl,43
CT,M,1965,Edwin,42
CT,M,1965,Glen,42
CT,M,1965,Darryl,40
CT,M,1965,Jon,40
CT,M,1965,Randall,40
CT,M,1965,Allen,39
CT,M,1965,Barry,39
CT,M,1965,Jeffery,39
CT,M,1965,Eugene,38
CT,M,1965,Norman,37
CT,M,1965,Adam,36
CT,M,1965,Curtis,36
CT,M,1965,Larry,35
CT,M,1965,Neil,35
CT,M,1965,Steve,35
CT,M,1965,Luis,34
CT,M,1965,Salvatore,34
CT,M,1965,Danny,33
CT,M,1965,Howard,33
CT,M,1965,Carlos,32
CT,M,1965,Jerry,32
CT,M,1965,Alfred,31
CT,M,1965,Gerard,31
CT,M,1965,Ricky,31
CT,M,1965,Stanley,31
CT,M,1965,Duane,30
CT,M,1965,Phillip,30
CT,M,1965,Troy,29
CT,M,1965,Darrin,28
CT,M,1965,Geoffrey,28
CT,M,1965,Roy,28
CT,M,1965,Antonio,27
CT,M,1965,Benjamin,27
CT,M,1965,Dwayne,27
CT,M,1965,Micheal,27
CT,M,1965,Tony,27
CT,M,1965,Aaron,26
CT,M,1965,Christian,26
CT,M,1965,Dale,26
CT,M,1965,Gregg,26
CT,M,1965,Jeff,26
CT,M,1965,Tracy,26
CT,M,1965,Alexander,25
CT,M,1965,Clifford,24
CT,M,1965,Mike,24
CT,M,1965,Terry,24
CT,M,1965,Angelo,23
CT,M,1965,Juan,23
CT,M,1965,Greg,22
CT,M,1965,Harry,22
CT,M,1965,Stuart,22
CT,M,1965,Tom,22
CT,M,1965,Andre,21
CT,M,1965,Jack,21
CT,M,1965,Lewis,21
CT,M,1965,Warren,21
CT,M,1965,Bernard,20
CT,M,1965,Dana,20
CT,M,1965,Darrell,20
CT,M,1965,Derek,20
CT,M,1965,Guy,20
CT,M,1965,Jim,20
CT,M,1965,Joel,20
CT,M,1965,Kirk,20
CT,M,1965,Tim,20
CT,M,1965,Kyle,19
CT,M,1965,Manuel,19
CT,M,1965,Marvin,19
CT,M,1965,Tyrone,19
CT,M,1965,Willie,19
CT,M,1965,Leon,18
CT,M,1965,Nelson,18
CT,M,1965,Reginald,18
CT,M,1965,Terrence,18
CT,M,1965,Colin,17
CT,M,1965,Fred,17
CT,M,1965,Gordon,17
CT,M,1965,Hector,17
CT,M,1965,Johnny,17
CT,M,1965,Maurice,17
CT,M,1965,Ross,17
CT,M,1965,Franklin,16
CT,M,1965,Miguel,16
CT,M,1965,Allan,15
CT,M,1965,Calvin,15
CT,M,1965,Clayton,15
CT,M,1965,Gene,15
CT,M,1965,Melvin,15
CT,M,1965,Roberto,15
CT,M,1965,Rocco,15
CT,M,1965,Seth,15
CT,M,1965,Angel,14
CT,M,1965,Bradford,14
CT,M,1965,Chester,14
CT,M,1965,Dave,14
CT,M,1965,Derrick,14
CT,M,1965,Dominic,14
CT,M,1965,Lance,14
CT,M,1965,Leroy,14
CT,M,1965,Mario,14
CT,M,1965,Bill,13
CT,M,1965,Billy,13
CT,M,1965,Herbert,13
CT,M,1965,Jerome,13
CT,M,1965,Jesse,13
CT,M,1965,Joe,13
CT,M,1965,Leo,13
CT,M,1965,Roland,13
CT,M,1965,Ronnie,13
CT,M,1965,Wesley,13
CT,M,1965,Arnold,12
CT,M,1965,Brad,12
CT,M,1965,Brett,12
CT,M,1965,Clarence,12
CT,M,1965,Dan,12
CT,M,1965,Daryl,12
CT,M,1965,Dominick,12
CT,M,1965,Edmund,12
CT,M,1965,Hugh,12
CT,M,1965,Justin,12
CT,M,1965,Kerry,12
CT,M,1965,Laurence,12
CT,M,1965,Randolph,12
CT,M,1965,Rick,12
CT,M,1965,Roderick,12
CT,M,1965,Sebastian,12
CT,M,1965,Bradley,11
CT,M,1965,Brent,11
CT,M,1965,Jamie,11
CT,M,1965,Joshua,11
CT,M,1965,Mitchell,11
CT,M,1965,Alex,10
CT,M,1965,Brendan,10
CT,M,1965,Damon,10
CT,M,1965,Darin,10
CT,M,1965,Don,10
CT,M,1965,Dwight,10
CT,M,1965,Earl,10
CT,M,1965,Felix,10
CT,M,1965,Neal,10
CT,M,1965,Rafael,10
CT,M,1965,Robin,10
CT,M,1965,Bryant,9
CT,M,1965,Denis,9
CT,M,1965,Eddie,9
CT,M,1965,Evan,9
CT,M,1965,Jimmy,9
CT,M,1965,Kelly,9
CT,M,1965,Kent,9
CT,M,1965,Lester,9
CT,M,1965,Lloyd,9
CT,M,1965,Orlando,9
CT,M,1965,Pasquale,9
CT,M,1965,Ray,9
CT,M,1965,Rene,9
CT,M,1965,Stewart,9
CT,M,1965,Bart,8
CT,M,1965,Bobby,8
CT,M,1965,Corey,8
CT,M,1965,Curt,8
CT,M,1965,Edgar,8
CT,M,1965,Fernando,8
CT,M,1965,Garry,8
CT,M,1965,Jody,8
CT,M,1965,Leslie,8
CT,M,1965,Lonnie,8
CT,M,1965,Nathan,8
CT,M,1965,Pat,8
CT,M,1965,Pedro,8
CT,M,1965,Perry,8
CT,M,1965,Scot,8
CT,M,1965,Shane,8
CT,M,1965,Ted,8
CT,M,1965,Terence,8
CT,M,1965,Toby,8
CT,M,1965,Adrian,7
CT,M,1965,Andy,7
CT,M,1965,Carmen,7
CT,M,1965,Carmine,7
CT,M,1965,Clark,7
CT,M,1965,Clifton,7
CT,M,1965,Clinton,7
CT,M,1965,Erich,7
CT,M,1965,Erick,7
CT,M,1965,Francisco,7
CT,M,1965,Gilbert,7
CT,M,1965,Ian,7
CT,M,1965,Jean,7
CT,M,1965,Julio,7
CT,M,1965,Ken,7
CT,M,1965,Nathaniel,7
CT,M,1965,Noel,7
CT,M,1965,Ricardo,7
CT,M,1965,Rob,7
CT,M,1965,Shaun,7
CT,M,1965,Solomon,7
CT,M,1965,Spencer,7
CT,M,1965,Terrance,7
CT,M,1965,Thaddeus,7
CT,M,1965,Tyler,7
CT,M,1965,Claude,6
CT,M,1965,Gino,6
CT,M,1965,Israel,6
CT,M,1965,Jordan,6
CT,M,1965,Jorge,6
CT,M,1965,Julius,6
CT,M,1965,Kim,6
CT,M,1965,Lisa,6
CT,M,1965,Luke,6
CT,M,1965,Malcolm,6
CT,M,1965,Marcel,6
CT,M,1965,Marcus,6
CT,M,1965,Marshall,6
CT,M,1965,Morgan,6
CT,M,1965,Myron,6
CT,M,1965,Nick,6
CT,M,1965,Norberto,6
CT,M,1965,Ramon,6
CT,M,1965,Rudolph,6
CT,M,1965,Ryan,6
CT,M,1965,Shannon,6
CT,M,1965,Trevor,6
CT,M,1965,Wade,6
CT,M,1965,Wilfred,6
CT,M,1965,Wilfredo,6
CT,M,1965,Alberto,5
CT,M,1965,Alfonso,5
CT,M,1965,Alvin,5
CT,M,1965,Andres,5
CT,M,1965,Bob,5
CT,M,1965,Brandon,5
CT,M,1965,Byron,5
CT,M,1965,Carlo,5
CT,M,1965,Cory,5
CT,M,1965,Courtney,5
CT,M,1965,Daren,5
CT,M,1965,Dexter,5
CT,M,1965,Dino,5
CT,M,1965,Efrain,5
CT,M,1965,Emil,5
CT,M,1965,Enrique,5
CT,M,1965,Everett,5
CT,M,1965,Grant,5
CT,M,1965,Ismael,5
CT,M,1965,Ivan,5
CT,M,1965,Jacques,5
CT,M,1965,Jared,5
CT,M,1965,Jeffry,5
CT,M,1965,Kelvin,5
CT,M,1965,Luigi,5
CT,M,1965,Marco,5
CT,M,1965,Pierre,5
CT,M,1965,Preston,5
CT,M,1965,Ron,5
CT,M,1965,Sam,5
CT,M,1965,Tad,5
CT,M,1965,Tod,5
CT,M,1965,Tommy,5
CT,M,1965,Travis,5
CT,M,1965,Van,5
CT,M,1965,Willard,5
CT,M,1966,Michael,1369
CT,M,1966,John,1192
CT,M,1966,David,1157
CT,M,1966,Robert,1044
CT,M,1966,James,874
CT,M,1966,Christopher,673
CT,M,1966,William,673
CT,M,1966,Richard,649
CT,M,1966,Thomas,587
CT,M,1966,Joseph,570
CT,M,1966,Mark,552
CT,M,1966,Jeffrey,476
CT,M,1966,Paul,469
CT,M,1966,Scott,458
CT,M,1966,Brian,455
CT,M,1966,Steven,441
CT,M,1966,Kevin,395
CT,M,1966,Daniel,377
CT,M,1966,Timothy,348
CT,M,1966,Peter,336
CT,M,1966,Stephen,315
CT,M,1966,Anthony,306
CT,M,1966,Kenneth,305
CT,M,1966,Edward,276
CT,M,1966,Eric,271
CT,M,1966,Ronald,227
CT,M,1966,Todd,222
CT,M,1966,Donald,221
CT,M,1966,Gregory,221
CT,M,1966,Andrew,220
CT,M,1966,Charles,208
CT,M,1966,Matthew,193
CT,M,1966,Gary,191
CT,M,1966,Frank,174
CT,M,1966,Keith,174
CT,M,1966,George,171
CT,M,1966,Patrick,167
CT,M,1966,Douglas,164
CT,M,1966,Raymond,164
CT,M,1966,Jonathan,134
CT,M,1966,Sean,130
CT,M,1966,Alan,109
CT,M,1966,Bruce,109
CT,M,1966,Craig,99
CT,M,1966,Marc,92
CT,M,1966,Wayne,89
CT,M,1966,Vincent,87
CT,M,1966,Dennis,85
CT,M,1966,Shawn,84
CT,M,1966,Philip,82
CT,M,1966,Dean,78
CT,M,1966,Lawrence,77
CT,M,1966,Louis,74
CT,M,1966,Roger,68
CT,M,1966,Frederick,66
CT,M,1966,Nicholas,64
CT,M,1966,Carl,63
CT,M,1966,Jose,63
CT,M,1966,Rodney,63
CT,M,1966,Russell,62
CT,M,1966,Albert,60
CT,M,1966,Glenn,60
CT,M,1966,Arthur,59
CT,M,1966,Jason,58
CT,M,1966,Walter,58
CT,M,1966,Bryan,57
CT,M,1966,Henry,57
CT,M,1966,Francis,55
CT,M,1966,Chris,53
CT,M,1966,Gerald,51
CT,M,1966,Jay,51
CT,M,1966,Martin,50
CT,M,1966,Lee,48
CT,M,1966,Samuel,48
CT,M,1966,Ralph,46
CT,M,1966,Jon,45
CT,M,1966,Allen,44
CT,M,1966,Victor,44
CT,M,1966,Howard,43
CT,M,1966,Darryl,41
CT,M,1966,Edwin,41
CT,M,1966,Eugene,41
CT,M,1966,Troy,41
CT,M,1966,Stanley,39
CT,M,1966,Adam,38
CT,M,1966,Kurt,38
CT,M,1966,Luis,38
CT,M,1966,Leonard,37
CT,M,1966,Randy,36
CT,M,1966,Antonio,35
CT,M,1966,Darren,35
CT,M,1966,Erik,35
CT,M,1966,Jeffery,35
CT,M,1966,Norman,34
CT,M,1966,Barry,33
CT,M,1966,Ernest,33
CT,M,1966,Alexander,32
CT,M,1966,Randall,32
CT,M,1966,Salvatore,32
CT,M,1966,Benjamin,31
CT,M,1966,Glen,31
CT,M,1966,Danny,30
CT,M,1966,Gregg,30
CT,M,1966,Harold,30
CT,M,1966,Steve,30
CT,M,1966,Theodore,30
CT,M,1966,Phillip,29
CT,M,1966,Andre,28
CT,M,1966,Brett,28
CT,M,1966,Dale,28
CT,M,1966,Joel,28
CT,M,1966,Gordon,27
CT,M,1966,Jeff,27
CT,M,1966,Tony,27
CT,M,1966,Darrin,26
CT,M,1966,Dwayne,26
CT,M,1966,Geoffrey,26
CT,M,1966,Larry,26
CT,M,1966,Warren,26
CT,M,1966,Alfred,25
CT,M,1966,Derek,25
CT,M,1966,Jerry,25
CT,M,1966,Neil,25
CT,M,1966,Clifford,24
CT,M,1966,Karl,24
CT,M,1966,Kyle,24
CT,M,1966,Roy,24
CT,M,1966,Allan,23
CT,M,1966,Fred,23
CT,M,1966,Harry,23
CT,M,1966,Jerome,22
CT,M,1966,Maurice,22
CT,M,1966,Curtis,21
CT,M,1966,Gerard,21
CT,M,1966,Guy,21
CT,M,1966,Miguel,21
CT,M,1966,Mike,21
CT,M,1966,Terrence,21
CT,M,1966,Christian,20
CT,M,1966,Derrick,20
CT,M,1966,Jack,20
CT,M,1966,Terry,20
CT,M,1966,Carlos,19
CT,M,1966,Brendan,18
CT,M,1966,Dana,18
CT,M,1966,Greg,18
CT,M,1966,Jim,18
CT,M,1966,Marvin,18
CT,M,1966,Mitchell,18
CT,M,1966,Terence,18
CT,M,1966,Tyrone,18
CT,M,1966,Aaron,17
CT,M,1966,Brad,17
CT,M,1966,Hector,17
CT,M,1966,Joshua,17
CT,M,1966,Leo,17
CT,M,1966,Leslie,17
CT,M,1966,Reginald,17
CT,M,1966,Roland,17
CT,M,1966,Tom,17
CT,M,1966,Wesley,17
CT,M,1966,Willie,17
CT,M,1966,Johnny,16
CT,M,1966,Leon,16
CT,M,1966,Tim,16
CT,M,1966,Bobby,15
CT,M,1966,Bradley,15
CT,M,1966,Fernando,15
CT,M,1966,Jesse,15
CT,M,1966,Joe,15
CT,M,1966,Neal,15
CT,M,1966,Ricky,15
CT,M,1966,Seth,15
CT,M,1966,Angel,14
CT,M,1966,Darrell,14
CT,M,1966,Jimmy,14
CT,M,1966,Melvin,14
CT,M,1966,Milton,14
CT,M,1966,Nelson,14
CT,M,1966,Rafael,14
CT,M,1966,Angelo,13
CT,M,1966,Bradford,13
CT,M,1966,Chad,13
CT,M,1966,Chester,13
CT,M,1966,Dwight,13
CT,M,1966,Edmund,13
CT,M,1966,Franklin,13
CT,M,1966,Ian,13
CT,M,1966,Lance,13
CT,M,1966,Roberto,13
CT,M,1966,Stuart,13
CT,M,1966,Terrance,13
CT,M,1966,Tracy,13
CT,M,1966,Bernard,12
CT,M,1966,Bill,12
CT,M,1966,Daryl,12
CT,M,1966,Duane,12
CT,M,1966,Earl,12
CT,M,1966,Francisco,12
CT,M,1966,Gene,12
CT,M,1966,Jody,12
CT,M,1966,Juan,12
CT,M,1966,Kelly,12
CT,M,1966,Lloyd,12
CT,M,1966,Manuel,12
CT,M,1966,Mario,12
CT,M,1966,Micheal,12
CT,M,1966,Randolph,12
CT,M,1966,Ricardo,12
CT,M,1966,Alex,11
CT,M,1966,Billy,11
CT,M,1966,Denis,11
CT,M,1966,Evan,11
CT,M,1966,Noel,11
CT,M,1966,Robin,11
CT,M,1966,Ross,11
CT,M,1966,Sebastian,11
CT,M,1966,Ted,11
CT,M,1966,Wilfredo,11
CT,M,1966,Calvin,10
CT,M,1966,Clarence,10
CT,M,1966,Daren,10
CT,M,1966,Darin,10
CT,M,1966,Dominic,10
CT,M,1966,Herbert,10
CT,M,1966,Kirk,10
CT,M,1966,Laurence,10
CT,M,1966,Lester,10
CT,M,1966,Lewis,10
CT,M,1966,Nathan,10
CT,M,1966,Pasquale,10
CT,M,1966,Pedro,10
CT,M,1966,Ronnie,10
CT,M,1966,Shane,10
CT,M,1966,Arnold,9
CT,M,1966,Drew,9
CT,M,1966,Floyd,9
CT,M,1966,Gabriel,9
CT,M,1966,Ivan,9
CT,M,1966,Javier,9
CT,M,1966,Justin,9
CT,M,1966,Kent,9
CT,M,1966,Kerry,9
CT,M,1966,Leroy,9
CT,M,1966,Malcolm,9
CT,M,1966,Marshall,9
CT,M,1966,Rick,9
CT,M,1966,Rocco,9
CT,M,1966,Ryan,9
CT,M,1966,Wade,9
CT,M,1966,Brent,8
CT,M,1966,Dominick,8
CT,M,1966,Eddie,8
CT,M,1966,Enrique,8
CT,M,1966,Joey,8
CT,M,1966,Ken,8
CT,M,1966,Matt,8
CT,M,1966,Nick,8
CT,M,1966,Orlando,8
CT,M,1966,Travis,8
CT,M,1966,Vernon,8
CT,M,1966,Abraham,7
CT,M,1966,Andy,7
CT,M,1966,Carlton,7
CT,M,1966,Clayton,7
CT,M,1966,Dave,7
CT,M,1966,Dino,7
CT,M,1966,Erick,7
CT,M,1966,Fredrick,7
CT,M,1966,Garrett,7
CT,M,1966,Garth,7
CT,M,1966,Grant,7
CT,M,1966,Ismael,7
CT,M,1966,Jared,7
CT,M,1966,Lorenzo,7
CT,M,1966,Marcus,7
CT,M,1966,Nathaniel,7
CT,M,1966,Ray,7
CT,M,1966,Roderick,7
CT,M,1966,Sidney,7
CT,M,1966,Toby,7
CT,M,1966,Tommy,7
CT,M,1966,Vance,7
CT,M,1966,Alphonse,6
CT,M,1966,Alvin,6
CT,M,1966,Carmen,6
CT,M,1966,Colin,6
CT,M,1966,Curt,6
CT,M,1966,Damian,6
CT,M,1966,Don,6
CT,M,1966,Elliott,6
CT,M,1966,Hans,6
CT,M,1966,Herman,6
CT,M,1966,Hugh,6
CT,M,1966,Israel,6
CT,M,1966,Jaime,6
CT,M,1966,Jamie,6
CT,M,1966,Jorge,6
CT,M,1966,Luigi,6
CT,M,1966,Marco,6
CT,M,1966,Pierre,6
CT,M,1966,Ramon,6
CT,M,1966,Rudolph,6
CT,M,1966,Scot,6
CT,M,1966,Shaun,6
CT,M,1966,Stefan,6
CT,M,1966,Stephan,6
CT,M,1966,Tyler,6
CT,M,1966,Wilson,6
CT,M,1966,Bart,5
CT,M,1966,Bert,5
CT,M,1966,Blake,5
CT,M,1966,Bob,5
CT,M,1966,Burton,5
CT,M,1966,Carmine,5
CT,M,1966,Clark,5
CT,M,1966,Claude,5
CT,M,1966,Clifton,5
CT,M,1966,Clyde,5
CT,M,1966,Cory,5
CT,M,1966,Damon,5
CT,M,1966,Edgar,5
CT,M,1966,Efrain,5
CT,M,1966,Ernesto,5
CT,M,1966,Ethan,5
CT,M,1966,Felix,5
CT,M,1966,Frederic,5
CT,M,1966,Gilbert,5
CT,M,1966,Harvey,5
CT,M,1966,Heath,5
CT,M,1966,Ira,5
CT,M,1966,Johnnie,5
CT,M,1966,Kendall,5
CT,M,1966,Kris,5
CT,M,1966,Leonardo,5
CT,M,1966,Loren,5
CT,M,1966,Luke,5
CT,M,1966,Mathew,5
CT,M,1966,Myron,5
CT,M,1966,Perry,5
CT,M,1966,Randal,5
CT,M,1966,Rene,5
CT,M,1966,Ron,5
CT,M,1966,Spencer,5
CT,M,1966,Susan,5
CT,M,1966,Thaddeus,5
CT,M,1966,Vito,5
CT,M,1966,Wallace,5
CT,M,1966,Wilfred,5
CT,M,1966,Zachary,5
CT,M,1967,Michael,1360
CT,M,1967,David,1102
CT,M,1967,John,1046
CT,M,1967,Robert,978
CT,M,1967,James,837
CT,M,1967,Christopher,680
CT,M,1967,William,612
CT,M,1967,Richard,585
CT,M,1967,Mark,562
CT,M,1967,Thomas,530
CT,M,1967,Joseph,508
CT,M,1967,Scott,454
CT,M,1967,Brian,438
CT,M,1967,Jeffrey,437
CT,M,1967,Paul,433
CT,M,1967,Steven,388
CT,M,1967,Timothy,367
CT,M,1967,Daniel,365
CT,M,1967,Kevin,360
CT,M,1967,Peter,340
CT,M,1967,Stephen,307
CT,M,1967,Anthony,301
CT,M,1967,Eric,291
CT,M,1967,Matthew,280
CT,M,1967,Kenneth,269
CT,M,1967,Edward,267
CT,M,1967,Ronald,226
CT,M,1967,Charles,217
CT,M,1967,Andrew,199
CT,M,1967,Gary,192
CT,M,1967,Todd,192
CT,M,1967,Gregory,186
CT,M,1967,Frank,183
CT,M,1967,Donald,179
CT,M,1967,Patrick,174
CT,M,1967,Keith,169
CT,M,1967,George,162
CT,M,1967,Sean,155
CT,M,1967,Douglas,149
CT,M,1967,Raymond,144
CT,M,1967,Jonathan,127
CT,M,1967,Craig,120
CT,M,1967,Jason,102
CT,M,1967,Marc,89
CT,M,1967,Wayne,86
CT,M,1967,Bruce,85
CT,M,1967,Alan,83
CT,M,1967,Dennis,82
CT,M,1967,Lawrence,81
CT,M,1967,Vincent,79
CT,M,1967,Shawn,76
CT,M,1967,Philip,75
CT,M,1967,Dean,73
CT,M,1967,Glenn,73
CT,M,1967,Walter,71
CT,M,1967,Rodney,69
CT,M,1967,Jose,68
CT,M,1967,Francis,64
CT,M,1967,Louis,64
CT,M,1967,Arthur,63
CT,M,1967,Frederick,60
CT,M,1967,Albert,58
CT,M,1967,Carl,57
CT,M,1967,Roger,57
CT,M,1967,Bryan,55
CT,M,1967,Chris,55
CT,M,1967,Russell,55
CT,M,1967,Troy,55
CT,M,1967,Henry,53
CT,M,1967,Erik,52
CT,M,1967,Kurt,51
CT,M,1967,Gerald,50
CT,M,1967,Jon,50
CT,M,1967,Nicholas,50
CT,M,1967,Jay,48
CT,M,1967,Victor,48
CT,M,1967,Martin,47
CT,M,1967,Theodore,41
CT,M,1967,Adam,40
CT,M,1967,Benjamin,40
CT,M,1967,Darren,40
CT,M,1967,Edwin,40
CT,M,1967,Glen,38
CT,M,1967,Stanley,38
CT,M,1967,Ernest,37
CT,M,1967,Ralph,37
CT,M,1967,Derek,36
CT,M,1967,Salvatore,36
CT,M,1967,Joel,35
CT,M,1967,Juan,35
CT,M,1967,Randy,34
CT,M,1967,Alexander,33
CT,M,1967,Bernard,33
CT,M,1967,Eugene,33
CT,M,1967,Jeffery,33
CT,M,1967,Jerry,33
CT,M,1967,Kyle,32
CT,M,1967,Lee,32
CT,M,1967,Antonio,30
CT,M,1967,Harold,30
CT,M,1967,Leonard,30
CT,M,1967,Luis,30
CT,M,1967,Samuel,30
CT,M,1967,Allen,29
CT,M,1967,Christian,29
CT,M,1967,Darryl,29
CT,M,1967,Duane,29
CT,M,1967,Brett,28
CT,M,1967,Howard,28
CT,M,1967,Andre,27
CT,M,1967,Dale,27
CT,M,1967,Norman,27
CT,M,1967,Phillip,27
CT,M,1967,Ricky,27
CT,M,1967,Roy,27
CT,M,1967,Tony,27
CT,M,1967,Barry,26
CT,M,1967,Carlos,25
CT,M,1967,Darrin,25
CT,M,1967,Aaron,24
CT,M,1967,Danny,24
CT,M,1967,Jeff,24
CT,M,1967,Larry,24
CT,M,1967,Steve,24
CT,M,1967,Alfred,23
CT,M,1967,Angelo,23
CT,M,1967,Darrell,23
CT,M,1967,Karl,23
CT,M,1967,Reginald,23
CT,M,1967,Angel,22
CT,M,1967,Brad,22
CT,M,1967,Jerome,22
CT,M,1967,Randall,22
CT,M,1967,Neil,21
CT,M,1967,Warren,21
CT,M,1967,Willie,21
CT,M,1967,Daryl,20
CT,M,1967,Geoffrey,20
CT,M,1967,Gregg,20
CT,M,1967,Guy,20
CT,M,1967,Ian,20
CT,M,1967,Ryan,20
CT,M,1967,Curtis,19
CT,M,1967,Dana,19
CT,M,1967,Fred,19
CT,M,1967,Jack,19
CT,M,1967,Joshua,19
CT,M,1967,Kelly,19
CT,M,1967,Maurice,19
CT,M,1967,Shane,19
CT,M,1967,Harry,18
CT,M,1967,Hector,18
CT,M,1967,Lance,18
CT,M,1967,Mario,18
CT,M,1967,Roberto,18
CT,M,1967,Clifford,17
CT,M,1967,Greg,17
CT,M,1967,Jimmy,17
CT,M,1967,Pedro,17
CT,M,1967,Rafael,17
CT,M,1967,Terrence,17
CT,M,1967,Dominic,16
CT,M,1967,Dwayne,16
CT,M,1967,Leon,16
CT,M,1967,Nelson,16
CT,M,1967,Shaun,16
CT,M,1967,Terence,16
CT,M,1967,Allan,15
CT,M,1967,Bradford,15
CT,M,1967,Jesse,15
CT,M,1967,Mike,15
CT,M,1967,Terrance,15
CT,M,1967,Terry,15
CT,M,1967,Alex,14
CT,M,1967,Brendan,14
CT,M,1967,Chad,14
CT,M,1967,Clayton,14
CT,M,1967,Derrick,14
CT,M,1967,Earl,14
CT,M,1967,Edmund,14
CT,M,1967,Marco,14
CT,M,1967,Marcus,14
CT,M,1967,Tyrone,14
CT,M,1967,Bobby,13
CT,M,1967,Gerard,13
CT,M,1967,Herbert,13
CT,M,1967,Jody,13
CT,M,1967,Julio,13
CT,M,1967,Justin,13
CT,M,1967,Leo,13
CT,M,1967,Miguel,13
CT,M,1967,Stuart,13
CT,M,1967,Wilfredo,13
CT,M,1967,Alvin,12
CT,M,1967,Billy,12
CT,M,1967,Bradley,12
CT,M,1967,Clarence,12
CT,M,1967,Gene,12
CT,M,1967,Gordon,12
CT,M,1967,Lewis,12
CT,M,1967,Manuel,12
CT,M,1967,Melvin,12
CT,M,1967,Nathaniel,12
CT,M,1967,Rocco,12
CT,M,1967,Alberto,11
CT,M,1967,Carlton,11
CT,M,1967,Eddie,11
CT,M,1967,Hugh,11
CT,M,1967,Jamie,11
CT,M,1967,Jeremy,11
CT,M,1967,Joe,11
CT,M,1967,Jorge,11
CT,M,1967,Kirk,11
CT,M,1967,Leroy,11
CT,M,1967,Mitchell,11
CT,M,1967,Orlando,11
CT,M,1967,Roland,11
CT,M,1967,Ross,11
CT,M,1967,Seth,11
CT,M,1967,Stacy,11
CT,M,1967,Tim,11
CT,M,1967,Clinton,10
CT,M,1967,Dan,10
CT,M,1967,Dominick,10
CT,M,1967,Dwight,10
CT,M,1967,Everett,10
CT,M,1967,Jim,10
CT,M,1967,Johnny,10
CT,M,1967,Kris,10
CT,M,1967,Lloyd,10
CT,M,1967,Ray,10
CT,M,1967,Tom,10
CT,M,1967,Tommy,10
CT,M,1967,Tracy,10
CT,M,1967,Bill,9
CT,M,1967,Bryant,9
CT,M,1967,Colin,9
CT,M,1967,Edgar,9
CT,M,1967,Felix,9
CT,M,1967,Francisco,9
CT,M,1967,Leslie,9
CT,M,1967,Marvin,9
CT,M,1967,Milton,9
CT,M,1967,Oliver,9
CT,M,1967,Ramon,9
CT,M,1967,Ricardo,9
CT,M,1967,Rick,9
CT,M,1967,Stephan,9
CT,M,1967,Trevor,9
CT,M,1967,Adrian,8
CT,M,1967,Andy,8
CT,M,1967,Darin,8
CT,M,1967,Dave,8
CT,M,1967,Franklin,8
CT,M,1967,Garrett,8
CT,M,1967,Jared,8
CT,M,1967,Micheal,8
CT,M,1967,Nathan,8
CT,M,1967,Neal,8
CT,M,1967,Scot,8
CT,M,1967,Sidney,8
CT,M,1967,Wesley,8
CT,M,1967,Bret,7
CT,M,1967,Byron,7
CT,M,1967,Clifton,7
CT,M,1967,Curt,7
CT,M,1967,Floyd,7
CT,M,1967,Frederic,7
CT,M,1967,Gilbert,7
CT,M,1967,Heath,7
CT,M,1967,Ivan,7
CT,M,1967,Jean,7
CT,M,1967,Jeffry,7
CT,M,1967,Kerry,7
CT,M,1967,Marshall,7
CT,M,1967,Mathew,7
CT,M,1967,Pasquale,7
CT,M,1967,Perry,7
CT,M,1967,Stacey,7
CT,M,1967,Stewart,7
CT,M,1967,Ted,7
CT,M,1967,Wade,7
CT,M,1967,Wilson,7
CT,M,1967,Armand,6
CT,M,1967,Arnold,6
CT,M,1967,Ben,6
CT,M,1967,Brent,6
CT,M,1967,Carlo,6
CT,M,1967,Carmelo,6
CT,M,1967,Chester,6
CT,M,1967,Damon,6
CT,M,1967,Daren,6
CT,M,1967,Edmond,6
CT,M,1967,Elvis,6
CT,M,1967,Evan,6
CT,M,1967,Hans,6
CT,M,1967,Ismael,6
CT,M,1967,Jaime,6
CT,M,1967,Jan,6
CT,M,1967,Laurence,6
CT,M,1967,Lester,6
CT,M,1967,Marcel,6
CT,M,1967,Ronnie,6
CT,M,1967,Stefan,6
CT,M,1967,Tyler,6
CT,M,1967,Vernon,6
CT,M,1967,Wallace,6
CT,M,1967,Wendell,6
CT,M,1967,Alphonso,5
CT,M,1967,Alton,5
CT,M,1967,Andres,5
CT,M,1967,Brant,5
CT,M,1967,Burton,5
CT,M,1967,Carmine,5
CT,M,1967,Clark,5
CT,M,1967,Corey,5
CT,M,1967,Cory,5
CT,M,1967,Dirk,5
CT,M,1967,Domenic,5
CT,M,1967,Domingo,5
CT,M,1967,Drew,5
CT,M,1967,Gabriel,5
CT,M,1967,Gerardo,5
CT,M,1967,Javier,5
CT,M,1967,Johnnie,5
CT,M,1967,Jordan,5
CT,M,1967,Kelvin,5
CT,M,1967,Kenny,5
CT,M,1967,Kent,5
CT,M,1967,Malcolm,5
CT,M,1967,Matt,5
CT,M,1967,Michel,5
CT,M,1967,Pablo,5
CT,M,1967,Pierre,5
CT,M,1967,Randolph,5
CT,M,1967,Roosevelt,5
CT,M,1967,Sebastian,5
CT,M,1967,Simon,5
CT,M,1967,Timmy,5
CT,M,1967,Travis,5
CT,M,1967,Vincenzo,5
CT,M,1967,Wilfred,5
CT,M,1968,Michael,1337
CT,M,1968,David,1071
CT,M,1968,John,1009
CT,M,1968,Robert,931
CT,M,1968,James,796
CT,M,1968,William,602
CT,M,1968,Christopher,597
CT,M,1968,Richard,567
CT,M,1968,Mark,563
CT,M,1968,Joseph,511
CT,M,1968,Thomas,469
CT,M,1968,Scott,457
CT,M,1968,Jeffrey,437
CT,M,1968,Brian,430
CT,M,1968,Paul,402
CT,M,1968,Kevin,361
CT,M,1968,Daniel,354
CT,M,1968,Steven,353
CT,M,1968,Matthew,329
CT,M,1968,Timothy,329
CT,M,1968,Stephen,299
CT,M,1968,Peter,292
CT,M,1968,Edward,281
CT,M,1968,Anthony,278
CT,M,1968,Eric,257
CT,M,1968,Kenneth,250
CT,M,1968,Charles,234
CT,M,1968,Todd,231
CT,M,1968,Gregory,219
CT,M,1968,Andrew,200
CT,M,1968,Ronald,189
CT,M,1968,Sean,187
CT,M,1968,Patrick,183
CT,M,1968,Gary,178
CT,M,1968,Donald,174
CT,M,1968,George,167
CT,M,1968,Keith,166
CT,M,1968,Douglas,141
CT,M,1968,Raymond,141
CT,M,1968,Frank,140
CT,M,1968,Jonathan,125
CT,M,1968,Craig,111
CT,M,1968,Marc,102
CT,M,1968,Jason,96
CT,M,1968,Dennis,95
CT,M,1968,Jose,90
CT,M,1968,Shawn,85
CT,M,1968,Vincent,82
CT,M,1968,Alan,79
CT,M,1968,Wayne,79
CT,M,1968,Bruce,73
CT,M,1968,Nicholas,73
CT,M,1968,Frederick,66
CT,M,1968,Lawrence,65
CT,M,1968,Arthur,63
CT,M,1968,Roger,63
CT,M,1968,Louis,62
CT,M,1968,Walter,62
CT,M,1968,Gerald,61
CT,M,1968,Philip,61
CT,M,1968,Glenn,60
CT,M,1968,Bryan,58
CT,M,1968,Dean,58
CT,M,1968,Russell,57
CT,M,1968,Troy,57
CT,M,1968,Victor,57
CT,M,1968,Carl,56
CT,M,1968,Carlos,53
CT,M,1968,Martin,53
CT,M,1968,Erik,52
CT,M,1968,Rodney,52
CT,M,1968,Francis,49
CT,M,1968,Edwin,47
CT,M,1968,Albert,46
CT,M,1968,Samuel,45
CT,M,1968,Alexander,44
CT,M,1968,Benjamin,44
CT,M,1968,Jay,44
CT,M,1968,Luis,44
CT,M,1968,Adam,42
CT,M,1968,Henry,42
CT,M,1968,Jon,42
CT,M,1968,Chris,41
CT,M,1968,Ralph,41
CT,M,1968,Allen,40
CT,M,1968,Darren,40
CT,M,1968,Kurt,39
CT,M,1968,Eugene,38
CT,M,1968,Lee,36
CT,M,1968,Theodore,36
CT,M,1968,Randy,35
CT,M,1968,Juan,34
CT,M,1968,Aaron,33
CT,M,1968,Antonio,33
CT,M,1968,Curtis,33
CT,M,1968,Jeffery,33
CT,M,1968,Glen,32
CT,M,1968,Karl,32
CT,M,1968,Howard,31
CT,M,1968,Joel,31
CT,M,1968,Steve,31
CT,M,1968,Angel,30
CT,M,1968,Christian,30
CT,M,1968,Stanley,30
CT,M,1968,Dale,29
CT,M,1968,Maurice,29
CT,M,1968,Tony,29
CT,M,1968,Brendan,28
CT,M,1968,Geoffrey,28
CT,M,1968,Harold,28
CT,M,1968,Jack,28
CT,M,1968,Jerry,28
CT,M,1968,Brett,26
CT,M,1968,Dwayne,26
CT,M,1968,Gregg,26
CT,M,1968,Kyle,26
CT,M,1968,Leonard,26
CT,M,1968,Barry,25
CT,M,1968,Dana,24
CT,M,1968,Miguel,24
CT,M,1968,Norman,24
CT,M,1968,Randall,24
CT,M,1968,Salvatore,24
CT,M,1968,Alfred,23
CT,M,1968,Clifford,23
CT,M,1968,Darryl,23
CT,M,1968,Derek,23
CT,M,1968,Ernest,23
CT,M,1968,Fred,23
CT,M,1968,Gordon,23
CT,M,1968,Joshua,23
CT,M,1968,Lance,23
CT,M,1968,Terry,23
CT,M,1968,Willie,23
CT,M,1968,Bradley,22
CT,M,1968,Greg,22
CT,M,1968,Roberto,22
CT,M,1968,Roy,22
CT,M,1968,Andre,21
CT,M,1968,Harry,21
CT,M,1968,Larry,21
CT,M,1968,Ricky,21
CT,M,1968,Duane,20
CT,M,1968,Jesse,20
CT,M,1968,Mike,20
CT,M,1968,Allan,19
CT,M,1968,Hector,19
CT,M,1968,Johnny,19
CT,M,1968,Nathan,19
CT,M,1968,Phillip,19
CT,M,1968,Bernard,18
CT,M,1968,Danny,18
CT,M,1968,Jeff,18
CT,M,1968,Manuel,18
CT,M,1968,Nelson,18
CT,M,1968,Ramon,18
CT,M,1968,Tyrone,18
CT,M,1968,Warren,18
CT,M,1968,Wesley,18
CT,M,1968,Earl,17
CT,M,1968,Guy,17
CT,M,1968,Ian,17
CT,M,1968,Justin,17
CT,M,1968,Kirk,17
CT,M,1968,Mario,17
CT,M,1968,Roland,17
CT,M,1968,Calvin,16
CT,M,1968,Colin,16
CT,M,1968,Corey,16
CT,M,1968,Jerome,16
CT,M,1968,Gene,15
CT,M,1968,Leo,15
CT,M,1968,Mathew,15
CT,M,1968,Nathaniel,15
CT,M,1968,Neil,15
CT,M,1968,Reginald,15
CT,M,1968,Terrence,15
CT,M,1968,Darrell,14
CT,M,1968,Derrick,14
CT,M,1968,Dominic,14
CT,M,1968,Joe,14
CT,M,1968,Melvin,14
CT,M,1968,Micheal,14
CT,M,1968,Noel,14
CT,M,1968,Pedro,14
CT,M,1968,Terrance,14
CT,M,1968,Bradford,13
CT,M,1968,Clarence,13
CT,M,1968,Darrin,13
CT,M,1968,Gilbert,13
CT,M,1968,Jamie,13
CT,M,1968,Kerry,13
CT,M,1968,Leroy,13
CT,M,1968,Pasquale,13
CT,M,1968,Ryan,13
CT,M,1968,Shaun,13
CT,M,1968,Terence,13
CT,M,1968,Travis,13
CT,M,1968,Angelo,12
CT,M,1968,Brent,12
CT,M,1968,Byron,12
CT,M,1968,Chad,12
CT,M,1968,Daryl,12
CT,M,1968,Drew,12
CT,M,1968,Francisco,12
CT,M,1968,Gerard,12
CT,M,1968,Herbert,12
CT,M,1968,Jorge,12
CT,M,1968,Marcus,12
CT,M,1968,Ronnie,12
CT,M,1968,Shane,12
CT,M,1968,Adrian,11
CT,M,1968,Kelly,11
CT,M,1968,Lewis,11
CT,M,1968,Marvin,11
CT,M,1968,Rafael,11
CT,M,1968,Ray,11
CT,M,1968,Ricardo,11
CT,M,1968,Seth,11
CT,M,1968,Domenic,10
CT,M,1968,Don,10
CT,M,1968,Leon,10
CT,M,1968,Roderick,10
CT,M,1968,Alberto,9
CT,M,1968,Alvin,9
CT,M,1968,Claude,9
CT,M,1968,Edgar,9
CT,M,1968,Jaime,9
CT,M,1968,Julio,9
CT,M,1968,Tom,9
CT,M,1968,Charlie,8
CT,M,1968,Chester,8
CT,M,1968,Darin,8
CT,M,1968,Eduardo,8
CT,M,1968,Floyd,8
CT,M,1968,Frederic,8
CT,M,1968,Hugh,8
CT,M,1968,Ivan,8
CT,M,1968,Jeremiah,8
CT,M,1968,Jesus,8
CT,M,1968,Jimmy,8
CT,M,1968,Joey,8
CT,M,1968,Kent,8
CT,M,1968,Orlando,8
CT,M,1968,Ross,8
CT,M,1968,Tracy,8
CT,M,1968,Trevor,8
CT,M,1968,Tyler,8
CT,M,1968,Alex,7
CT,M,1968,Carmelo,7
CT,M,1968,Dave,7
CT,M,1968,Edmund,7
CT,M,1968,Evan,7
CT,M,1968,Felix,7
CT,M,1968,Fernando,7
CT,M,1968,Franklin,7
CT,M,1968,Garrett,7
CT,M,1968,Jody,7
CT,M,1968,Matt,7
CT,M,1968,Perry,7
CT,M,1968,Preston,7
CT,M,1968,Reinaldo,7
CT,M,1968,Rene,7
CT,M,1968,Stephan,7
CT,M,1968,Tim,7
CT,M,1968,Vernon,7
CT,M,1968,Andy,6
CT,M,1968,Bill,6
CT,M,1968,Billy,6
CT,M,1968,Clinton,6
CT,M,1968,Cory,6
CT,M,1968,Damon,6
CT,M,1968,Dan,6
CT,M,1968,Daren,6
CT,M,1968,Dexter,6
CT,M,1968,Dino,6
CT,M,1968,Dion,6
CT,M,1968,Dominick,6
CT,M,1968,Dwight,6
CT,M,1968,Eddie,6
CT,M,1968,Edmond,6
CT,M,1968,Francesco,6
CT,M,1968,Fredrick,6
CT,M,1968,Grant,6
CT,M,1968,Hans,6
CT,M,1968,Heath,6
CT,M,1968,Jacob,6
CT,M,1968,Jared,6
CT,M,1968,Jarrod,6
CT,M,1968,Jeremy,6
CT,M,1968,Kenny,6
CT,M,1968,Laurence,6
CT,M,1968,Loren,6
CT,M,1968,Luigi,6
CT,M,1968,Malcolm,6
CT,M,1968,Marco,6
CT,M,1968,Marshall,6
CT,M,1968,Mitchell,6
CT,M,1968,Nick,6
CT,M,1968,Oscar,6
CT,M,1968,Rick,6
CT,M,1968,Sidney,6
CT,M,1968,Stacy,6
CT,M,1968,Stewart,6
CT,M,1968,Stuart,6
CT,M,1968,Wilfredo,6
CT,M,1968,Antoine,5
CT,M,1968,Austin,5
CT,M,1968,Bobby,5
CT,M,1968,Boris,5
CT,M,1968,Brad,5
CT,M,1968,Bret,5
CT,M,1968,Bruno,5
CT,M,1968,Carmen,5
CT,M,1968,Carroll,5
CT,M,1968,Clayton,5
CT,M,1968,Clifton,5
CT,M,1968,Denis,5
CT,M,1968,Enrique,5
CT,M,1968,Ethan,5
CT,M,1968,Freddie,5
CT,M,1968,Gabriel,5
CT,M,1968,Garry,5
CT,M,1968,Gavin,5
CT,M,1968,Heriberto,5
CT,M,1968,Isaac,5
CT,M,1968,Jan,5
CT,M,1968,Javier,5
CT,M,1968,Jean,5
CT,M,1968,Jim,5
CT,M,1968,Johnnie,5
CT,M,1968,Leslie,5
CT,M,1968,Lorenzo,5
CT,M,1968,Luke,5
CT,M,1968,Neal,5
CT,M,1968,Oliver,5
CT,M,1968,Owen,5
CT,M,1968,Robin,5
CT,M,1968,Ruben,5
CT,M,1968,Russ,5
CT,M,1968,Scot,5
CT,M,1968,Spencer,5
CT,M,1968,Thaddeus,5
CT,M,1968,Tommy,5
CT,M,1968,Vincenzo,5
CT,M,1968,Wallace,5
CT,M,1968,Wilfred,5
CT,M,1968,Willard,5
CT,M,1968,Wilson,5
CT,M,1969,Michael,1348
CT,M,1969,David,1000
CT,M,1969,John,972
CT,M,1969,Robert,938
CT,M,1969,James,761
CT,M,1969,Christopher,692
CT,M,1969,William,559
CT,M,1969,Mark,533
CT,M,1969,Richard,522
CT,M,1969,Thomas,494
CT,M,1969,Joseph,493
CT,M,1969,Scott,477
CT,M,1969,Jeffrey,466
CT,M,1969,Brian,413
CT,M,1969,Paul,397
CT,M,1969,Daniel,378
CT,M,1969,Kevin,353
CT,M,1969,Steven,336
CT,M,1969,Matthew,308
CT,M,1969,Stephen,306
CT,M,1969,Eric,292
CT,M,1969,Peter,290
CT,M,1969,Timothy,278
CT,M,1969,Anthony,275
CT,M,1969,Kenneth,241
CT,M,1969,Edward,240
CT,M,1969,Todd,236
CT,M,1969,Gregory,219
CT,M,1969,Andrew,213
CT,M,1969,Jason,211
CT,M,1969,Charles,200
CT,M,1969,Sean,188
CT,M,1969,Keith,178
CT,M,1969,Ronald,175
CT,M,1969,Douglas,166
CT,M,1969,Patrick,162
CT,M,1969,Jonathan,158
CT,M,1969,Craig,146
CT,M,1969,Gary,143
CT,M,1969,Frank,134
CT,M,1969,George,134
CT,M,1969,Donald,128
CT,M,1969,Marc,124
CT,M,1969,Raymond,123
CT,M,1969,Shawn,116
CT,M,1969,Dennis,92
CT,M,1969,Jose,89
CT,M,1969,Wayne,89
CT,M,1969,Glenn,88
CT,M,1969,Dean,76
CT,M,1969,Bruce,72
CT,M,1969,Vincent,71
CT,M,1969,Lawrence,70
CT,M,1969,Erik,67
CT,M,1969,Nicholas,67
CT,M,1969,Darren,65
CT,M,1969,Russell,64
CT,M,1969,Arthur,63
CT,M,1969,Louis,63
CT,M,1969,Philip,63
CT,M,1969,Christian,62
CT,M,1969,Walter,58
CT,M,1969,Adam,57
CT,M,1969,Alan,57
CT,M,1969,Bryan,57
CT,M,1969,Frederick,57
CT,M,1969,Gerald,54
CT,M,1969,Ralph,54
CT,M,1969,Carl,52
CT,M,1969,Chris,50
CT,M,1969,Roger,50
CT,M,1969,Victor,49
CT,M,1969,Aaron,46
CT,M,1969,Troy,45
CT,M,1969,Benjamin,44
CT,M,1969,Carlos,44
CT,M,1969,Joel,44
CT,M,1969,Martin,44
CT,M,1969,Brett,43
CT,M,1969,Glen,43
CT,M,1969,Luis,43
CT,M,1969,Angel,42
CT,M,1969,Rodney,42
CT,M,1969,Jon,39
CT,M,1969,Karl,39
CT,M,1969,Leonard,39
CT,M,1969,Edwin,38
CT,M,1969,Albert,37
CT,M,1969,Francis,37
CT,M,1969,Lee,37
CT,M,1969,Randy,37
CT,M,1969,Shane,37
CT,M,1969,Theodore,37
CT,M,1969,Alexander,36
CT,M,1969,Jay,36
CT,M,1969,Kurt,36
CT,M,1969,Allen,34
CT,M,1969,Corey,33
CT,M,1969,Derek,33
CT,M,1969,Eugene,32
CT,M,1969,Henry,32
CT,M,1969,Neil,32
CT,M,1969,Harold,31
CT,M,1969,Joshua,31
CT,M,1969,Juan,31
CT,M,1969,Tyrone,30
CT,M,1969,Ernest,29
CT,M,1969,Jeffery,29
CT,M,1969,Samuel,29
CT,M,1969,Antonio,28
CT,M,1969,Salvatore,28
CT,M,1969,Roy,27
CT,M,1969,Alfred,26
CT,M,1969,Curtis,26
CT,M,1969,Lance,26
CT,M,1969,Marcus,26
CT,M,1969,Maurice,26
CT,M,1969,Terrence,26
CT,M,1969,Barry,25
CT,M,1969,Clifford,25
CT,M,1969,Jeremy,25
CT,M,1969,Kyle,25
CT,M,1969,Larry,25
CT,M,1969,Miguel,25
CT,M,1969,Steve,25
CT,M,1969,Andre,24
CT,M,1969,Geoffrey,24
CT,M,1969,Ian,24
CT,M,1969,Bradley,23
CT,M,1969,Danny,23
CT,M,1969,Harry,23
CT,M,1969,Jerry,23
CT,M,1969,Phillip,23
CT,M,1969,Randall,23
CT,M,1969,Willie,23
CT,M,1969,Colin,22
CT,M,1969,Gordon,22
CT,M,1969,Hector,22
CT,M,1969,Rafael,22
CT,M,1969,Roberto,22
CT,M,1969,Tony,22
CT,M,1969,Daryl,21
CT,M,1969,Angelo,20
CT,M,1969,Brendan,20
CT,M,1969,Gregg,20
CT,M,1969,Howard,20
CT,M,1969,Micheal,20
CT,M,1969,Reginald,20
CT,M,1969,Seth,20
CT,M,1969,Derrick,19
CT,M,1969,Dominic,19
CT,M,1969,Jamie,19
CT,M,1969,Justin,19
CT,M,1969,Noel,19
CT,M,1969,Ricky,19
CT,M,1969,Stanley,19
CT,M,1969,Terry,19
CT,M,1969,Brent,18
CT,M,1969,Darrin,18
CT,M,1969,Duane,18
CT,M,1969,Jack,18
CT,M,1969,Jorge,18
CT,M,1969,Mike,18
CT,M,1969,Norman,18
CT,M,1969,Pedro,18
CT,M,1969,Shaun,18
CT,M,1969,Warren,18
CT,M,1969,Bernard,17
CT,M,1969,Damon,17
CT,M,1969,Dominick,17
CT,M,1969,Dwayne,17
CT,M,1969,Kirk,17
CT,M,1969,Marvin,17
CT,M,1969,Dale,16
CT,M,1969,Dana,16
CT,M,1969,Darrell,16
CT,M,1969,Fred,16
CT,M,1969,Francisco,15
CT,M,1969,Julio,15
CT,M,1969,Travis,15
CT,M,1969,Clinton,14
CT,M,1969,Darryl,14
CT,M,1969,Earl,14
CT,M,1969,Edgar,14
CT,M,1969,Gerard,14
CT,M,1969,Greg,14
CT,M,1969,Jesse,14
CT,M,1969,Nathaniel,14
CT,M,1969,Trevor,14
CT,M,1969,Clarence,13
CT,M,1969,Eddie,13
CT,M,1969,Edmund,13
CT,M,1969,Gene,13
CT,M,1969,Guy,13
CT,M,1969,Jerome,13
CT,M,1969,Leon,13
CT,M,1969,Melvin,13
CT,M,1969,Nathan,13
CT,M,1969,Pasquale,13
CT,M,1969,Stephan,13
CT,M,1969,Wesley,13
CT,M,1969,Bobby,12
CT,M,1969,Giuseppe,12
CT,M,1969,Javier,12
CT,M,1969,Jim,12
CT,M,1969,Joe,12
CT,M,1969,Johnny,12
CT,M,1969,Leroy,12
CT,M,1969,Neal,12
CT,M,1969,Nelson,12
CT,M,1969,Sebastian,12
CT,M,1969,Allan,11
CT,M,1969,Brandon,11
CT,M,1969,Clayton,11
CT,M,1969,Eduardo,11
CT,M,1969,Jaime,11
CT,M,1969,Jesus,11
CT,M,1969,Jody,11
CT,M,1969,Ricardo,11
CT,M,1969,Ryan,11
CT,M,1969,Scot,11
CT,M,1969,Shannon,11
CT,M,1969,Wilfredo,11
CT,M,1969,Alex,10
CT,M,1969,Bradford,10
CT,M,1969,Clifton,10
CT,M,1969,Cory,10
CT,M,1969,Darin,10
CT,M,1969,Dino,10
CT,M,1969,Drew,10
CT,M,1969,Erick,10
CT,M,1969,Jacques,10
CT,M,1969,Lionel,10
CT,M,1969,Lloyd,10
CT,M,1969,Mathew,10
CT,M,1969,Roderick,10
CT,M,1969,Roland,10
CT,M,1969,Stacey,10
CT,M,1969,Terence,10
CT,M,1969,Terrance,10
CT,M,1969,Tim,10
CT,M,1969,Tom,10
CT,M,1969,Billy,9
CT,M,1969,Chad,9
CT,M,1969,Damian,9
CT,M,1969,Isaac,9
CT,M,1969,Ivan,9
CT,M,1969,Jean,9
CT,M,1969,Jimmy,9
CT,M,1969,Kelly,9
CT,M,1969,Manuel,9
CT,M,1969,Randolph,9
CT,M,1969,Ross,9
CT,M,1969,Stuart,9
CT,M,1969,Ted,9
CT,M,1969,Wade,9
CT,M,1969,Alberto,8
CT,M,1969,Alphonse,8
CT,M,1969,Dwight,8
CT,M,1969,Evan,8
CT,M,1969,Felix,8
CT,M,1969,Herbert,8
CT,M,1969,Jeff,8
CT,M,1969,Jonathon,8
CT,M,1969,Kristopher,8
CT,M,1969,Lester,8
CT,M,1969,Lonnie,8
CT,M,1969,Mario,8
CT,M,1969,Milton,8
CT,M,1969,Mitchell,8
CT,M,1969,Orlando,8
CT,M,1969,Ramon,8
CT,M,1969,Ray,8
CT,M,1969,Tommy,8
CT,M,1969,Adrian,7
CT,M,1969,Brad,7
CT,M,1969,Calvin,7
CT,M,1969,Casey,7
CT,M,1969,Cedric,7
CT,M,1969,Curt,7
CT,M,1969,Dave,7
CT,M,1969,Denis,7
CT,M,1969,Domenic,7
CT,M,1969,Elliott,7
CT,M,1969,Everett,7
CT,M,1969,Garrett,7
CT,M,1969,Gino,7
CT,M,1969,Jessie,7
CT,M,1969,Julian,7
CT,M,1969,Julius,7
CT,M,1969,Kent,7
CT,M,1969,Kristian,7
CT,M,1969,Leo,7
CT,M,1969,Luigi,7
CT,M,1969,Marco,7
CT,M,1969,Noah,7
CT,M,1969,Tracy,7
CT,M,1969,Alton,6
CT,M,1969,Alvin,6
CT,M,1969,Armando,6
CT,M,1969,Bart,6
CT,M,1969,Blake,6
CT,M,1969,Bret,6
CT,M,1969,Cameron,6
CT,M,1969,Carlo,6
CT,M,1969,Clint,6
CT,M,1969,Darrel,6
CT,M,1969,Don,6
CT,M,1969,Efrain,6
CT,M,1969,Fernando,6
CT,M,1969,Heriberto,6
CT,M,1969,Ira,6
CT,M,1969,Jared,6
CT,M,1969,Kerry,6
CT,M,1969,Kraig,6
CT,M,1969,Leigh,6
CT,M,1969,Leslie,6
CT,M,1969,Lewis,6
CT,M,1969,Paulo,6
CT,M,1969,Reed,6
CT,M,1969,Ronnie,6
CT,M,1969,Ruben,6
CT,M,1969,Spencer,6
CT,M,1969,Stewart,6
CT,M,1969,Wilbert,6
CT,M,1969,Wilfred,6
CT,M,1969,Abel,5
CT,M,1969,Blair,5
CT,M,1969,Bryon,5
CT,M,1969,Carlton,5
CT,M,1969,Carmine,5
CT,M,1969,Chester,5
CT,M,1969,Collin,5
CT,M,1969,Conrad,5
CT,M,1969,Edgardo,5
CT,M,1969,Frankie,5
CT,M,1969,Franklin,5
CT,M,1969,Garry,5
CT,M,1969,Grant,5
CT,M,1969,Hans,5
CT,M,1969,Hugh,5
CT,M,1969,Jeremiah,5
CT,M,1969,Jordan,5
CT,M,1969,Ken,5
CT,M,1969,Lane,5
CT,M,1969,Loren,5
CT,M,1969,Morgan,5
CT,M,1969,Nick,5
CT,M,1969,Oliver,5
CT,M,1969,Oscar,5
CT,M,1969,Otis,5
CT,M,1969,Paolo,5
CT,M,1969,Perry,5
CT,M,1969,Pierre,5
CT,M,1969,Raul,5
CT,M,1969,Reinaldo,5
CT,M,1969,Rene,5
CT,M,1969,Rosario,5
CT,M,1969,Sammy,5
CT,M,1969,Sebastiano,5
CT,M,1969,Tyler,5
CT,M,1969,Vernon,5
CT,M,1969,Wallace,5
CT,M,1970,Michael,1302
CT,M,1970,David,1021
CT,M,1970,John,920
CT,M,1970,Robert,839
CT,M,1970,James,746
CT,M,1970,Christopher,728
CT,M,1970,Richard,543
CT,M,1970,William,520
CT,M,1970,Mark,488
CT,M,1970,Joseph,487
CT,M,1970,Scott,486
CT,M,1970,Thomas,486
CT,M,1970,Jeffrey,475
CT,M,1970,Brian,468
CT,M,1970,Kevin,420
CT,M,1970,Daniel,360
CT,M,1970,Steven,360
CT,M,1970,Jason,357
CT,M,1970,Paul,353
CT,M,1970,Matthew,351
CT,M,1970,Eric,338
CT,M,1970,Peter,298
CT,M,1970,Anthony,279
CT,M,1970,Timothy,257
CT,M,1970,Todd,255
CT,M,1970,Edward,254
CT,M,1970,Stephen,251
CT,M,1970,Andrew,231
CT,M,1970,Kenneth,221
CT,M,1970,Charles,216
CT,M,1970,Sean,213
CT,M,1970,Gregory,210
CT,M,1970,Jonathan,188
CT,M,1970,Patrick,170
CT,M,1970,George,166
CT,M,1970,Douglas,156
CT,M,1970,Keith,150
CT,M,1970,Marc,150
CT,M,1970,Craig,148
CT,M,1970,Donald,148
CT,M,1970,Frank,141
CT,M,1970,Gary,139
CT,M,1970,Ronald,133
CT,M,1970,Raymond,126
CT,M,1970,Jose,122
CT,M,1970,Shawn,121
CT,M,1970,Dennis,102
CT,M,1970,Philip,77
CT,M,1970,Troy,76
CT,M,1970,Wayne,73
CT,M,1970,Erik,72
CT,M,1970,Benjamin,70
CT,M,1970,Aaron,68
CT,M,1970,Louis,67
CT,M,1970,Adam,65
CT,M,1970,Jeremy,64
CT,M,1970,Lawrence,64
CT,M,1970,Dean,63
CT,M,1970,Glenn,63
CT,M,1970,Arthur,62
CT,M,1970,Bryan,61
CT,M,1970,Vincent,61
CT,M,1970,Bruce,59
CT,M,1970,Frederick,58
CT,M,1970,Walter,58
CT,M,1970,Alan,56
CT,M,1970,Christian,55
CT,M,1970,Russell,55
CT,M,1970,Alexander,53
CT,M,1970,Jay,52
CT,M,1970,Roger,51
CT,M,1970,Luis,50
CT,M,1970,Carl,49
CT,M,1970,Nicholas,49
CT,M,1970,Victor,49
CT,M,1970,Henry,48
CT,M,1970,Joshua,47
CT,M,1970,Samuel,46
CT,M,1970,Shane,46
CT,M,1970,Albert,45
CT,M,1970,Gerald,45
CT,M,1970,Derek,44
CT,M,1970,Glen,44
CT,M,1970,Kyle,44
CT,M,1970,Theodore,44
CT,M,1970,Carlos,43
CT,M,1970,Marcus,43
CT,M,1970,Francis,42
CT,M,1970,Brett,41
CT,M,1970,Joel,41
CT,M,1970,Randy,41
CT,M,1970,Darren,39
CT,M,1970,Justin,39
CT,M,1970,Juan,38
CT,M,1970,Salvatore,38
CT,M,1970,Edwin,36
CT,M,1970,Rodney,35
CT,M,1970,Jon,34
CT,M,1970,Neil,34
CT,M,1970,Stanley,34
CT,M,1970,Allen,33
CT,M,1970,Geoffrey,33
CT,M,1970,Jamie,33
CT,M,1970,Kurt,33
CT,M,1970,Martin,33
CT,M,1970,Ralph,33
CT,M,1970,Angel,32
CT,M,1970,Gregg,31
CT,M,1970,Lance,31
CT,M,1970,Alfred,30
CT,M,1970,Andre,30
CT,M,1970,Dale,30
CT,M,1970,Ernest,30
CT,M,1970,Antonio,29
CT,M,1970,Brent,29
CT,M,1970,Corey,29
CT,M,1970,Jeffery,29
CT,M,1970,Tyrone,29
CT,M,1970,Jerry,28
CT,M,1970,Leonard,28
CT,M,1970,Miguel,28
CT,M,1970,Howard,27
CT,M,1970,Phillip,27
CT,M,1970,Randall,27
CT,M,1970,Clifford,26
CT,M,1970,Curtis,26
CT,M,1970,Eugene,26
CT,M,1970,Ian,26
CT,M,1970,Larry,26
CT,M,1970,Nelson,26
CT,M,1970,Seth,26
CT,M,1970,Chad,25
CT,M,1970,Derrick,25
CT,M,1970,Lee,25
CT,M,1970,Reginald,25
CT,M,1970,Travis,25
CT,M,1970,Wesley,25
CT,M,1970,Barry,23
CT,M,1970,Brendan,23
CT,M,1970,Karl,23
CT,M,1970,Nathaniel,23
CT,M,1970,Brandon,22
CT,M,1970,Chris,22
CT,M,1970,Mario,22
CT,M,1970,Norman,22
CT,M,1970,Roberto,22
CT,M,1970,Danny,21
CT,M,1970,Kirk,21
CT,M,1970,Ricky,21
CT,M,1970,Terry,21
CT,M,1970,Dana,20
CT,M,1970,Darrell,20
CT,M,1970,Harold,20
CT,M,1970,Roy,20
CT,M,1970,Tony,20
CT,M,1970,Willie,20
CT,M,1970,Jack,19
CT,M,1970,Maurice,19
CT,M,1970,Alex,18
CT,M,1970,Angelo,18
CT,M,1970,Darryl,18
CT,M,1970,Daryl,18
CT,M,1970,Francisco,18
CT,M,1970,Hector,18
CT,M,1970,Jerome,18
CT,M,1970,Steve,18
CT,M,1970,Terrence,18
CT,M,1970,Brad,17
CT,M,1970,Damon,17
CT,M,1970,Gordon,17
CT,M,1970,Noel,17
CT,M,1970,Jimmy,16
CT,M,1970,Joe,16
CT,M,1970,Luke,16
CT,M,1970,Manuel,16
CT,M,1970,Nathan,16
CT,M,1970,Ross,16
CT,M,1970,Shaun,16
CT,M,1970,Alberto,15
CT,M,1970,Bernard,15
CT,M,1970,Bradley,15
CT,M,1970,Dwayne,15
CT,M,1970,Harry,15
CT,M,1970,Jesse,15
CT,M,1970,Jody,15
CT,M,1970,Lewis,15
CT,M,1970,Melvin,15
CT,M,1970,Pasquale,15
CT,M,1970,Ronnie,15
CT,M,1970,Terrance,15
CT,M,1970,Adrian,14
CT,M,1970,Colin,14
CT,M,1970,Darin,14
CT,M,1970,Fred,14
CT,M,1970,Gene,14
CT,M,1970,Jeff,14
CT,M,1970,Micheal,14
CT,M,1970,Trevor,14
CT,M,1970,Warren,14
CT,M,1970,Calvin,13
CT,M,1970,Darrin,13
CT,M,1970,Dominic,13
CT,M,1970,Felix,13
CT,M,1970,Greg,13
CT,M,1970,Johnny,13
CT,M,1970,Jorge,13
CT,M,1970,Kelly,13
CT,M,1970,Mike,13
CT,M,1970,Tyler,13
CT,M,1970,Bobby,12
CT,M,1970,Dan,12
CT,M,1970,Duane,12
CT,M,1970,Dwight,12
CT,M,1970,Earl,12
CT,M,1970,Eddie,12
CT,M,1970,Erick,12
CT,M,1970,Garrett,12
CT,M,1970,Julio,12
CT,M,1970,Leo,12
CT,M,1970,Leon,12
CT,M,1970,Rafael,12
CT,M,1970,Tom,12
CT,M,1970,Bret,11
CT,M,1970,Ernesto,11
CT,M,1970,Jacob,11
CT,M,1970,Lonnie,11
CT,M,1970,Marco,11
CT,M,1970,Rocco,11
CT,M,1970,Spencer,11
CT,M,1970,Terence,11
CT,M,1970,Tracy,11
CT,M,1970,Wilfredo,11
CT,M,1970,Antoine,10
CT,M,1970,Clayton,10
CT,M,1970,Clinton,10
CT,M,1970,Cory,10
CT,M,1970,Drew,10
CT,M,1970,Eduardo,10
CT,M,1970,Franklin,10
CT,M,1970,Jaime,10
CT,M,1970,Marvin,10
CT,M,1970,Mathew,10
CT,M,1970,Neal,10
CT,M,1970,Orlando,10
CT,M,1970,Raul,10
CT,M,1970,Ray,10
CT,M,1970,Roland,10
CT,M,1970,Stephan,10
CT,M,1970,Andy,9
CT,M,1970,Carlton,9
CT,M,1970,Dylan,9
CT,M,1970,Edgar,9
CT,M,1970,Gerard,9
CT,M,1970,Gilbert,9
CT,M,1970,Guy,9
CT,M,1970,Herbert,9
CT,M,1970,Jared,9
CT,M,1970,Javier,9
CT,M,1970,Leroy,9
CT,M,1970,Oscar,9
CT,M,1970,Ramon,9
CT,M,1970,Randolph,9
CT,M,1970,Ricardo,9
CT,M,1970,Roderick,9
CT,M,1970,Ryan,9
CT,M,1970,Wade,9
CT,M,1970,Allan,8
CT,M,1970,Charlie,8
CT,M,1970,Chester,8
CT,M,1970,Damian,8
CT,M,1970,Dominick,8
CT,M,1970,Dustin,8
CT,M,1970,Edmund,8
CT,M,1970,Evan,8
CT,M,1970,Gilberto,8
CT,M,1970,Jesus,8
CT,M,1970,Laurence,8
CT,M,1970,Lionel,8
CT,M,1970,Lloyd,8
CT,M,1970,Marshall,8
CT,M,1970,Shannon,8
CT,M,1970,Toby,8
CT,M,1970,Tod,8
CT,M,1970,Alvin,7
CT,M,1970,Armand,7
CT,M,1970,Bradford,7
CT,M,1970,Clarence,7
CT,M,1970,Darnell,7
CT,M,1970,Edmond,7
CT,M,1970,Ethan,7
CT,M,1970,Everett,7
CT,M,1970,Heriberto,7
CT,M,1970,Herman,7
CT,M,1970,Jean,7
CT,M,1970,Jim,7
CT,M,1970,Johnnie,7
CT,M,1970,Kent,7
CT,M,1970,Malcolm,7
CT,M,1970,Mitchell,7
CT,M,1970,Nicola,7
CT,M,1970,Owen,7
CT,M,1970,Sam,7
CT,M,1970,Scot,7
CT,M,1970,Stacey,7
CT,M,1970,Vernon,7
CT,M,1970,Zachary,7
CT,M,1970,Abraham,6
CT,M,1970,Armando,6
CT,M,1970,Bill,6
CT,M,1970,Bryant,6
CT,M,1970,Carmine,6
CT,M,1970,Clifton,6
CT,M,1970,Curt,6
CT,M,1970,Dino,6
CT,M,1970,Domenic,6
CT,M,1970,Efrain,6
CT,M,1970,Floyd,6
CT,M,1970,Frankie,6
CT,M,1970,Gino,6
CT,M,1970,Giuseppe,6
CT,M,1970,Jamal,6
CT,M,1970,Marlon,6
CT,M,1970,Milton,6
CT,M,1970,Pedro,6
CT,M,1970,Roosevelt,6
CT,M,1970,Sebastian,6
CT,M,1970,Stefan,6
CT,M,1970,Ted,6
CT,M,1970,Teddy,6
CT,M,1970,Tylon,6
CT,M,1970,Wallace,6
CT,M,1970,Wilson,6
CT,M,1970,Alejandro,5
CT,M,1970,Billy,5
CT,M,1970,Blaine,5
CT,M,1970,Bob,5
CT,M,1970,Bryce,5
CT,M,1970,Byron,5
CT,M,1970,Cameron,5
CT,M,1970,Carlo,5
CT,M,1970,Carmen,5
CT,M,1970,Cecil,5
CT,M,1970,Clement,5
CT,M,1970,Clint,5
CT,M,1970,Clyde,5
CT,M,1970,Courtney,5
CT,M,1970,Daren,5
CT,M,1970,Davis,5
CT,M,1970,Demetrios,5
CT,M,1970,Dexter,5
CT,M,1970,Dirk,5
CT,M,1970,Don,5
CT,M,1970,Edgardo,5
CT,M,1970,Enrico,5
CT,M,1970,Enzo,5
CT,M,1970,Francesco,5
CT,M,1970,Gabriel,5
CT,M,1970,Graham,5
CT,M,1970,Hans,5
CT,M,1970,Isaac,5
CT,M,1970,Ivan,5
CT,M,1970,Jeremiah,5
CT,M,1970,Kerry,5
CT,M,1970,Lamont,5
CT,M,1970,Lucas,5
CT,M,1970,Lyle,5
CT,M,1970,Marcel,5
CT,M,1970,Matt,5
CT,M,1970,Myron,5
CT,M,1970,Nick,5
CT,M,1970,Stuart,5
CT,M,1970,Wilbert,5
CT,M,1971,Michael,1139
CT,M,1971,David,880
CT,M,1971,John,775
CT,M,1971,Robert,756
CT,M,1971,Christopher,739
CT,M,1971,James,649
CT,M,1971,Scott,525
CT,M,1971,William,506
CT,M,1971,Jason,454
CT,M,1971,Joseph,429
CT,M,1971,Jeffrey,425
CT,M,1971,Richard,424
CT,M,1971,Brian,416
CT,M,1971,Mark,408
CT,M,1971,Matthew,396
CT,M,1971,Thomas,379
CT,M,1971,Kevin,357
CT,M,1971,Daniel,338
CT,M,1971,Eric,289
CT,M,1971,Steven,281
CT,M,1971,Paul,267
CT,M,1971,Peter,245
CT,M,1971,Anthony,237
CT,M,1971,Edward,234
CT,M,1971,Timothy,227
CT,M,1971,Stephen,219
CT,M,1971,Todd,199
CT,M,1971,Charles,180
CT,M,1971,Gregory,178
CT,M,1971,Keith,177
CT,M,1971,Andrew,174
CT,M,1971,Kenneth,169
CT,M,1971,Jonathan,166
CT,M,1971,Sean,161
CT,M,1971,Patrick,143
CT,M,1971,Shawn,136
CT,M,1971,Jose,125
CT,M,1971,Marc,121
CT,M,1971,Craig,120
CT,M,1971,Frank,120
CT,M,1971,Douglas,117
CT,M,1971,Ronald,116
CT,M,1971,George,115
CT,M,1971,Raymond,107
CT,M,1971,Gary,106
CT,M,1971,Adam,97
CT,M,1971,Donald,87
CT,M,1971,Ryan,78
CT,M,1971,Dennis,77
CT,M,1971,Jeremy,77
CT,M,1971,Erik,73
CT,M,1971,Wayne,70
CT,M,1971,Philip,69
CT,M,1971,Troy,65
CT,M,1971,Aaron,64
CT,M,1971,Christian,62
CT,M,1971,Louis,62
CT,M,1971,Luis,61
CT,M,1971,Bryan,59
CT,M,1971,Benjamin,57
CT,M,1971,Glenn,57
CT,M,1971,Joshua,57
CT,M,1971,Vincent,57
CT,M,1971,Chad,55
CT,M,1971,Derek,55
CT,M,1971,Bruce,54
CT,M,1971,Carl,54
CT,M,1971,Lawrence,52
CT,M,1971,Dean,50
CT,M,1971,Alan,49
CT,M,1971,Nicholas,48
CT,M,1971,Carlos,46
CT,M,1971,Justin,45
CT,M,1971,Frederick,44
CT,M,1971,Roger,43
CT,M,1971,Victor,43
CT,M,1971,Corey,42
CT,M,1971,Joel,42
CT,M,1971,Darren,41
CT,M,1971,Kyle,41
CT,M,1971,Walter,40
CT,M,1971,Alexander,39
CT,M,1971,Arthur,37
CT,M,1971,Edwin,37
CT,M,1971,Jay,37
CT,M,1971,Jon,37
CT,M,1971,Samuel,37
CT,M,1971,Angel,36
CT,M,1971,Henry,36
CT,M,1971,Russell,36
CT,M,1971,Brett,35
CT,M,1971,Marcus,35
CT,M,1971,Albert,34
CT,M,1971,Gerald,34
CT,M,1971,Antonio,33
CT,M,1971,Jamie,33
CT,M,1971,Francis,32
CT,M,1971,Theodore,32
CT,M,1971,Neil,31
CT,M,1971,Randy,31
CT,M,1971,Allen,30
CT,M,1971,Hector,30
CT,M,1971,Shane,30
CT,M,1971,Tyrone,30
CT,M,1971,Andre,29
CT,M,1971,Geoffrey,29
CT,M,1971,Glen,29
CT,M,1971,Jack,29
CT,M,1971,Jesse,29
CT,M,1971,Seth,29
CT,M,1971,Danny,28
CT,M,1971,Kurt,28
CT,M,1971,Lance,28
CT,M,1971,Barry,27
CT,M,1971,Chris,27
CT,M,1971,Juan,27
CT,M,1971,Martin,27
CT,M,1971,Miguel,27
CT,M,1971,Ralph,27
CT,M,1971,Salvatore,27
CT,M,1971,Travis,27
CT,M,1971,Ernest,26
CT,M,1971,Jerry,25
CT,M,1971,Leonard,25
CT,M,1971,Nathan,25
CT,M,1971,Shaun,25
CT,M,1971,Stanley,25
CT,M,1971,Curtis,24
CT,M,1971,Jeffery,24
CT,M,1971,Jermaine,24
CT,M,1971,Karl,24
CT,M,1971,Derrick,23
CT,M,1971,Rodney,23
CT,M,1971,Harry,22
CT,M,1971,Howard,22
CT,M,1971,Dana,21
CT,M,1971,Harold,21
CT,M,1971,Larry,21
CT,M,1971,Lee,21
CT,M,1971,Alfred,20
CT,M,1971,Brendan,20
CT,M,1971,Dale,20
CT,M,1971,Eugene,20
CT,M,1971,Gregg,20
CT,M,1971,Phillip,20
CT,M,1971,Rafael,20
CT,M,1971,Tony,20
CT,M,1971,Maurice,19
CT,M,1971,Norman,19
CT,M,1971,Ricardo,19
CT,M,1971,Roy,19
CT,M,1971,Darrell,18
CT,M,1971,Gordon,18
CT,M,1971,Mario,18
CT,M,1971,Warren,18
CT,M,1971,Willie,18
CT,M,1971,Angelo,17
CT,M,1971,Brent,17
CT,M,1971,Clifford,17
CT,M,1971,Greg,17
CT,M,1971,Ian,17
CT,M,1971,Jody,17
CT,M,1971,Manuel,17
CT,M,1971,Marco,17
CT,M,1971,Brandon,16
CT,M,1971,Daryl,16
CT,M,1971,Dominic,16
CT,M,1971,Randall,16
CT,M,1971,Damon,15
CT,M,1971,Leo,15
CT,M,1971,Steve,15
CT,M,1971,Billy,14
CT,M,1971,Calvin,14
CT,M,1971,Duane,14
CT,M,1971,Dwayne,14
CT,M,1971,Reginald,14
CT,M,1971,Shannon,14
CT,M,1971,Wesley,14
CT,M,1971,Bobby,13
CT,M,1971,Bradford,13
CT,M,1971,Colin,13
CT,M,1971,Franklin,13
CT,M,1971,Joe,13
CT,M,1971,Johnny,13
CT,M,1971,Jorge,13
CT,M,1971,Kelly,13
CT,M,1971,Terry,13
CT,M,1971,Trevor,13
CT,M,1971,Darryl,12
CT,M,1971,Earl,12
CT,M,1971,Jacob,12
CT,M,1971,Julio,12
CT,M,1971,Kirk,12
CT,M,1971,Mathew,12
CT,M,1971,Ramon,12
CT,M,1971,Raul,12
CT,M,1971,Roberto,12
CT,M,1971,Ronnie,12
CT,M,1971,Ross,12
CT,M,1971,Terrance,12
CT,M,1971,Bret,11
CT,M,1971,Francisco,11
CT,M,1971,Garrett,11
CT,M,1971,Gene,11
CT,M,1971,Gilbert,11
CT,M,1971,Guy,11
CT,M,1971,Heath,11
CT,M,1971,Jerome,11
CT,M,1971,Leon,11
CT,M,1971,Luke,11
CT,M,1971,Mitchell,11
CT,M,1971,Orlando,11
CT,M,1971,Paulo,11
CT,M,1971,Alberto,10
CT,M,1971,Alex,10
CT,M,1971,Allan,10
CT,M,1971,Clinton,10
CT,M,1971,Felix,10
CT,M,1971,Gabriel,10
CT,M,1971,Isaac,10
CT,M,1971,Jeff,10
CT,M,1971,Jimmy,10
CT,M,1971,Nathaniel,10
CT,M,1971,Nelson,10
CT,M,1971,Pasquale,10
CT,M,1971,Roderick,10
CT,M,1971,Scot,10
CT,M,1971,Stuart,10
CT,M,1971,Tracy,10
CT,M,1971,Bernard,9
CT,M,1971,Cory,9
CT,M,1971,Damian,9
CT,M,1971,Darin,9
CT,M,1971,Dave,9
CT,M,1971,Dominick,9
CT,M,1971,Fred,9
CT,M,1971,Gerard,9
CT,M,1971,Jaime,9
CT,M,1971,Jeremiah,9
CT,M,1971,Micheal,9
CT,M,1971,Milton,9
CT,M,1971,Brad,8
CT,M,1971,Carlton,8
CT,M,1971,Cary,8
CT,M,1971,Darrin,8
CT,M,1971,Eddie,8
CT,M,1971,Edgar,8
CT,M,1971,Edgardo,8
CT,M,1971,Edmund,8
CT,M,1971,Everett,8
CT,M,1971,Frankie,8
CT,M,1971,Graham,8
CT,M,1971,Heriberto,8
CT,M,1971,Ivan,8
CT,M,1971,Jared,8
CT,M,1971,Javier,8
CT,M,1971,Jonas,8
CT,M,1971,Lamont,8
CT,M,1971,Melvin,8
CT,M,1971,Noah,8
CT,M,1971,Pedro,8
CT,M,1971,Roland,8
CT,M,1971,Wilfredo,8
CT,M,1971,Adrian,7
CT,M,1971,Alejandro,7
CT,M,1971,Aric,7
CT,M,1971,Bradley,7
CT,M,1971,Chester,7
CT,M,1971,Clarence,7
CT,M,1971,Clayton,7
CT,M,1971,Dan,7
CT,M,1971,Devin,7
CT,M,1971,Dustin,7
CT,M,1971,Edmond,7
CT,M,1971,Erich,7
CT,M,1971,Evan,7
CT,M,1971,Gilberto,7
CT,M,1971,Hans,7
CT,M,1971,Herbert,7
CT,M,1971,Ismael,7
CT,M,1971,Jan,7
CT,M,1971,Jean,7
CT,M,1971,Kent,7
CT,M,1971,Kristian,7
CT,M,1971,Lewis,7
CT,M,1971,Myles,7
CT,M,1971,Neal,7
CT,M,1971,Owen,7
CT,M,1971,Randolph,7
CT,M,1971,Stephan,7
CT,M,1971,Ted,7
CT,M,1971,Abraham,6
CT,M,1971,Alphonse,6
CT,M,1971,Armando,6
CT,M,1971,Cameron,6
CT,M,1971,Darrel,6
CT,M,1971,Dion,6
CT,M,1971,Drew,6
CT,M,1971,Dwight,6
CT,M,1971,Efrain,6
CT,M,1971,Garry,6
CT,M,1971,Giovanni,6
CT,M,1971,Giuseppe,6
CT,M,1971,Grant,6
CT,M,1971,Jamal,6
CT,M,1971,Jefferson,6
CT,M,1971,Jimmie,6
CT,M,1971,Kendall,6
CT,M,1971,Kerry,6
CT,M,1971,Lloyd,6
CT,M,1971,Lonnie,6
CT,M,1971,Marshall,6
CT,M,1971,Marvin,6
CT,M,1971,Omar,6
CT,M,1971,Oscar,6
CT,M,1971,Raphael,6
CT,M,1971,Rolando,6
CT,M,1971,Santos,6
CT,M,1971,Spencer,6
CT,M,1971,Stefan,6
CT,M,1971,Terence,6
CT,M,1971,Tim,6
CT,M,1971,Tomas,6
CT,M,1971,Alvin,5
CT,M,1971,Andrea,5
CT,M,1971,Andrzej,5
CT,M,1971,Andy,5
CT,M,1971,Antoine,5
CT,M,1971,Aron,5
CT,M,1971,Brendon,5
CT,M,1971,Bryon,5
CT,M,1971,Byron,5
CT,M,1971,Carmelo,5
CT,M,1971,Carmen,5
CT,M,1971,Casey,5
CT,M,1971,Charlie,5
CT,M,1971,Clint,5
CT,M,1971,Colby,5
CT,M,1971,Denis,5
CT,M,1971,Dexter,5
CT,M,1971,Domenico,5
CT,M,1971,Duncan,5
CT,M,1971,Dylan,5
CT,M,1971,Eli,5
CT,M,1971,Emanuel,5
CT,M,1971,Erick,5
CT,M,1971,Ethan,5
CT,M,1971,Freddie,5
CT,M,1971,Horacio,5
CT,M,1971,Ira,5
CT,M,1971,Jennifer,5
CT,M,1971,Jim,5
CT,M,1971,Kendrick,5
CT,M,1971,Lamar,5
CT,M,1971,Laurence,5
CT,M,1971,Leroy,5
CT,M,1971,Leslie,5
CT,M,1971,Lucas,5
CT,M,1971,Marcos,5
CT,M,1971,Ray,5
CT,M,1971,Rick,5
CT,M,1971,Ricky,5
CT,M,1971,Rocco,5
CT,M,1971,Ruben,5
CT,M,1971,Sammy,5
CT,M,1971,Terrence,5
CT,M,1971,Tommy,5
CT,M,1971,Vincenzo,5
CT,M,1971,Wilson,5
CT,M,1972,Michael,965
CT,M,1972,Christopher,787
CT,M,1972,David,687
CT,M,1972,John,649
CT,M,1972,Robert,547
CT,M,1972,James,521
CT,M,1972,Brian,448
CT,M,1972,Jason,444
CT,M,1972,Matthew,383
CT,M,1972,William,383
CT,M,1972,Scott,375
CT,M,1972,Joseph,370
CT,M,1972,Jeffrey,329
CT,M,1972,Richard,326
CT,M,1972,Mark,311
CT,M,1972,Daniel,309
CT,M,1972,Thomas,309
CT,M,1972,Kevin,288
CT,M,1972,Eric,280
CT,M,1972,Steven,263
CT,M,1972,Paul,242
CT,M,1972,Peter,215
CT,M,1972,Anthony,212
CT,M,1972,Todd,210
CT,M,1972,Timothy,184
CT,M,1972,Stephen,172
CT,M,1972,Gregory,171
CT,M,1972,Jonathan,168
CT,M,1972,Kenneth,162
CT,M,1972,Sean,156
CT,M,1972,Edward,155
CT,M,1972,Keith,146
CT,M,1972,Andrew,142
CT,M,1972,Charles,132
CT,M,1972,Craig,119
CT,M,1972,Donald,118
CT,M,1972,Shawn,118
CT,M,1972,Patrick,111
CT,M,1972,Jose,100
CT,M,1972,Ronald,98
CT,M,1972,Frank,96
CT,M,1972,Adam,92
CT,M,1972,Marc,92
CT,M,1972,Douglas,89
CT,M,1972,Raymond,87
CT,M,1972,George,86
CT,M,1972,Gary,80
CT,M,1972,Ryan,76
CT,M,1972,Erik,75
CT,M,1972,Aaron,71
CT,M,1972,Justin,71
CT,M,1972,Dennis,70
CT,M,1972,Chad,67
CT,M,1972,Joshua,64
CT,M,1972,Troy,62
CT,M,1972,Vincent,61
CT,M,1972,Brett,60
CT,M,1972,Christian,60
CT,M,1972,Bryan,58
CT,M,1972,Louis,53
CT,M,1972,Benjamin,52
CT,M,1972,Derek,52
CT,M,1972,Jeremy,49
CT,M,1972,Alexander,46
CT,M,1972,Philip,46
CT,M,1972,Luis,44
CT,M,1972,Jay,43
CT,M,1972,Lawrence,40
CT,M,1972,Nicholas,40
CT,M,1972,Samuel,40
CT,M,1972,Jamie,39
CT,M,1972,Roger,39
CT,M,1972,Wayne,39
CT,M,1972,Randy,37
CT,M,1972,Arthur,36
CT,M,1972,Francis,36
CT,M,1972,Kyle,36
CT,M,1972,Walter,36
CT,M,1972,Carl,35
CT,M,1972,Russell,35
CT,M,1972,Angel,34
CT,M,1972,Dean,34
CT,M,1972,Geoffrey,34
CT,M,1972,Glenn,34
CT,M,1972,Alan,33
CT,M,1972,Jon,33
CT,M,1972,Seth,33
CT,M,1972,Shane,33
CT,M,1972,Albert,32
CT,M,1972,Jesse,32
CT,M,1972,Joel,32
CT,M,1972,Victor,32
CT,M,1972,Frederick,30
CT,M,1972,Juan,30
CT,M,1972,Kurt,30
CT,M,1972,Lee,30
CT,M,1972,Antonio,29
CT,M,1972,Brandon,29
CT,M,1972,Carlos,29
CT,M,1972,Chris,29
CT,M,1972,Edwin,29
CT,M,1972,Darrell,28
CT,M,1972,Martin,28
CT,M,1972,Salvatore,28
CT,M,1972,Andre,27
CT,M,1972,Bruce,27
CT,M,1972,Gerald,27
CT,M,1972,Marcus,27
CT,M,1972,Henry,26
CT,M,1972,Larry,26
CT,M,1972,Nathan,26
CT,M,1972,Brendan,25
CT,M,1972,Darren,25
CT,M,1972,Howard,25
CT,M,1972,Leonard,25
CT,M,1972,Ralph,25
CT,M,1972,Corey,24
CT,M,1972,Theodore,24
CT,M,1972,Dana,23
CT,M,1972,Jeffery,23
CT,M,1972,Nathaniel,23
CT,M,1972,Neil,23
CT,M,1972,Trevor,23
CT,M,1972,Karl,22
CT,M,1972,Norman,22
CT,M,1972,Roy,22
CT,M,1972,Willie,22
CT,M,1972,Allen,21
CT,M,1972,Travis,21
CT,M,1972,Alfred,20
CT,M,1972,Derrick,20
CT,M,1972,Harold,20
CT,M,1972,Ian,20
CT,M,1972,Rafael,20
CT,M,1972,Rodney,20
CT,M,1972,Brent,19
CT,M,1972,Danny,19
CT,M,1972,Eugene,19
CT,M,1972,Hector,19
CT,M,1972,Miguel,19
CT,M,1972,Terrence,19
CT,M,1972,Jermaine,18
CT,M,1972,Jerome,18
CT,M,1972,Lance,18
CT,M,1972,Adrian,17
CT,M,1972,Jared,17
CT,M,1972,Jerry,17
CT,M,1972,Manuel,17
CT,M,1972,Mario,17
CT,M,1972,Ricardo,17
CT,M,1972,Shannon,17
CT,M,1972,Stanley,17
CT,M,1972,Curtis,16
CT,M,1972,Gabriel,16
CT,M,1972,Heath,16
CT,M,1972,Tony,16
CT,M,1972,Colin,15
CT,M,1972,Dwayne,15
CT,M,1972,Earl,15
CT,M,1972,Jorge,15
CT,M,1972,Leon,15
CT,M,1972,Micheal,15
CT,M,1972,Nelson,15
CT,M,1972,Roberto,15
CT,M,1972,Terry,15
CT,M,1972,Tyrone,15
CT,M,1972,Clifford,14
CT,M,1972,Eduardo,14
CT,M,1972,Evan,14
CT,M,1972,Mike,14
CT,M,1972,Orlando,14
CT,M,1972,Steve,14
CT,M,1972,Terence,14
CT,M,1972,Wesley,14
CT,M,1972,Bobby,13
CT,M,1972,Daryl,13
CT,M,1972,Duane,13
CT,M,1972,Guy,13
CT,M,1972,Jack,13
CT,M,1972,Jody,13
CT,M,1972,Marvin,13
CT,M,1972,Ricky,13
CT,M,1972,Terrance,13
CT,M,1972,Angelo,12
CT,M,1972,Damon,12
CT,M,1972,Dylan,12
CT,M,1972,Fred,12
CT,M,1972,Glen,12
CT,M,1972,Kirk,12
CT,M,1972,Lewis,12
CT,M,1972,Phillip,12
CT,M,1972,Ramon,12
CT,M,1972,Shaun,12
CT,M,1972,Calvin,11
CT,M,1972,Darryl,11
CT,M,1972,Ernest,11
CT,M,1972,Greg,11
CT,M,1972,Herbert,11
CT,M,1972,Jaime,11
CT,M,1972,Rocco,11
CT,M,1972,Tyler,11
CT,M,1972,Warren,11
CT,M,1972,Alex,10
CT,M,1972,Dale,10
CT,M,1972,Gilbert,10
CT,M,1972,Gregg,10
CT,M,1972,Harry,10
CT,M,1972,Javier,10
CT,M,1972,Johnny,10
CT,M,1972,Kristopher,10
CT,M,1972,Marshall,10
CT,M,1972,Maurice,10
CT,M,1972,Reginald,10
CT,M,1972,Wilson,10
CT,M,1972,Zachary,10
CT,M,1972,Barry,9
CT,M,1972,Ethan,9
CT,M,1972,Garrett,9
CT,M,1972,Gene,9
CT,M,1972,Gordon,9
CT,M,1972,Jacob,9
CT,M,1972,Joe,9
CT,M,1972,Luke,9
CT,M,1972,Marco,9
CT,M,1972,Mathew,9
CT,M,1972,Mitchell,9
CT,M,1972,Pedro,9
CT,M,1972,Stefan,9
CT,M,1972,Allan,8
CT,M,1972,Armando,8
CT,M,1972,Bernard,8
CT,M,1972,Bradley,8
CT,M,1972,Bryce,8
CT,M,1972,Darin,8
CT,M,1972,Darnell,8
CT,M,1972,Eddie,8
CT,M,1972,Francisco,8
CT,M,1972,Ivan,8
CT,M,1972,Julio,8
CT,M,1972,Lamont,8
CT,M,1972,Marlon,8
CT,M,1972,Melvin,8
CT,M,1972,Milton,8
CT,M,1972,Oscar,8
CT,M,1972,Randall,8
CT,M,1972,Roderick,8
CT,M,1972,Simon,8
CT,M,1972,Tracy,8
CT,M,1972,Ben,7
CT,M,1972,Bret,7
CT,M,1972,Byron,7
CT,M,1972,Clarence,7
CT,M,1972,Curt,7
CT,M,1972,Damien,7
CT,M,1972,Don,7
CT,M,1972,Edgar,7
CT,M,1972,Fernando,7
CT,M,1972,Gerard,7
CT,M,1972,Horace,7
CT,M,1972,Jimmy,7
CT,M,1972,Kristian,7
CT,M,1972,Marcos,7
CT,M,1972,Max,7
CT,M,1972,Noah,7
CT,M,1972,Pablo,7
CT,M,1972,Pasquale,7
CT,M,1972,Perry,7
CT,M,1972,Ray,7
CT,M,1972,Stephan,7
CT,M,1972,Vincenzo,7
CT,M,1972,Arnold,6
CT,M,1972,Bradford,6
CT,M,1972,Bryant,6
CT,M,1972,Chester,6
CT,M,1972,Cory,6
CT,M,1972,Damian,6
CT,M,1972,Demetrius,6
CT,M,1972,Denis,6
CT,M,1972,Dominic,6
CT,M,1972,Erick,6
CT,M,1972,Gerardo,6
CT,M,1972,Gilberto,6
CT,M,1972,Hans,6
CT,M,1972,Ismael,6
CT,M,1972,Jamison,6
CT,M,1972,Jimmie,6
CT,M,1972,Julius,6
CT,M,1972,Kelvin,6
CT,M,1972,Kent,6
CT,M,1972,Leo,6
CT,M,1972,Lloyd,6
CT,M,1972,Luigi,6
CT,M,1972,Marcel,6
CT,M,1972,Michel,6
CT,M,1972,Neal,6
CT,M,1972,Nicola,6
CT,M,1972,Rene,6
CT,M,1972,Roland,6
CT,M,1972,Ruben,6
CT,M,1972,Scot,6
CT,M,1972,Sebastiano,6
CT,M,1972,Sergio,6
CT,M,1972,Spencer,6
CT,M,1972,Ted,6
CT,M,1972,Thaddeus,6
CT,M,1972,Vernon,6
CT,M,1972,Alberto,5
CT,M,1972,Alvin,5
CT,M,1972,Anibal,5
CT,M,1972,Aron,5
CT,M,1972,Brad,5
CT,M,1972,Brendon,5
CT,M,1972,Bruno,5
CT,M,1972,Cameron,5
CT,M,1972,Casey,5
CT,M,1972,Clifton,5
CT,M,1972,Cornelius,5
CT,M,1972,Dave,5
CT,M,1972,Dexter,5
CT,M,1972,Dion,5
CT,M,1972,Dominick,5
CT,M,1972,Drew,5
CT,M,1972,Dwight,5
CT,M,1972,Efrain,5
CT,M,1972,Enrique,5
CT,M,1972,Erin,5
CT,M,1972,Fredrick,5
CT,M,1972,Harvey,5
CT,M,1972,Jamal,5
CT,M,1972,Jean,5
CT,M,1972,Johnnie,5
CT,M,1972,Ken,5
CT,M,1972,Kris,5
CT,M,1972,Leroy,5
CT,M,1972,Lucas,5
CT,M,1972,Lyle,5
CT,M,1972,Malcolm,5
CT,M,1972,Morgan,5
CT,M,1972,Noel,5
CT,M,1972,Omar,5
CT,M,1972,Paulo,5
CT,M,1972,Preston,5
CT,M,1972,Reid,5
CT,M,1972,Reinaldo,5
CT,M,1972,Rosario,5
CT,M,1972,Ross,5
CT,M,1972,Santos,5
CT,M,1972,Sebastian,5
CT,M,1972,Sven,5
CT,M,1972,Tim,5
CT,M,1972,Tucker,5
CT,M,1972,Ty,5
CT,M,1972,Wallace,5
CT,M,1973,Michael,992
CT,M,1973,Christopher,651
CT,M,1973,David,649
CT,M,1973,Jason,602
CT,M,1973,John,559
CT,M,1973,Robert,497
CT,M,1973,James,480
CT,M,1973,Brian,463
CT,M,1973,Matthew,382
CT,M,1973,William,350
CT,M,1973,Daniel,349
CT,M,1973,Joseph,334
CT,M,1973,Scott,314
CT,M,1973,Mark,303
CT,M,1973,Jeffrey,297
CT,M,1973,Thomas,282
CT,M,1973,Richard,266
CT,M,1973,Eric,263
CT,M,1973,Kevin,256
CT,M,1973,Steven,203
CT,M,1973,Peter,202
CT,M,1973,Paul,198
CT,M,1973,Timothy,184
CT,M,1973,Jonathan,181
CT,M,1973,Anthony,170
CT,M,1973,Andrew,165
CT,M,1973,Stephen,165
CT,M,1973,Gregory,157
CT,M,1973,Todd,155
CT,M,1973,Sean,148
CT,M,1973,Keith,145
CT,M,1973,Edward,140
CT,M,1973,Kenneth,126
CT,M,1973,Shawn,114
CT,M,1973,Patrick,110
CT,M,1973,Charles,109
CT,M,1973,Joshua,107
CT,M,1973,Craig,105
CT,M,1973,Adam,97
CT,M,1973,Ryan,96
CT,M,1973,Marc,93
CT,M,1973,Aaron,85
CT,M,1973,Douglas,84
CT,M,1973,Frank,84
CT,M,1973,George,82
CT,M,1973,Jose,82
CT,M,1973,Raymond,81
CT,M,1973,Donald,77
CT,M,1973,Justin,77
CT,M,1973,Ronald,76
CT,M,1973,Jeremy,73
CT,M,1973,Bryan,72
CT,M,1973,Benjamin,69
CT,M,1973,Gary,69
CT,M,1973,Erik,63
CT,M,1973,Dennis,61
CT,M,1973,Philip,55
CT,M,1973,Luis,54
CT,M,1973,Alexander,51
CT,M,1973,Christian,51
CT,M,1973,Nicholas,50
CT,M,1973,Chad,49
CT,M,1973,Shane,48
CT,M,1973,Derek,46
CT,M,1973,Lawrence,41
CT,M,1973,Darren,40
CT,M,1973,Carl,39
CT,M,1973,Louis,39
CT,M,1973,Samuel,39
CT,M,1973,Troy,39
CT,M,1973,Vincent,39
CT,M,1973,Angel,37
CT,M,1973,Jamie,37
CT,M,1973,Wayne,36
CT,M,1973,Brett,34
CT,M,1973,Carlos,34
CT,M,1973,Francis,34
CT,M,1973,Jesse,34
CT,M,1973,Roger,34
CT,M,1973,Seth,34
CT,M,1973,Alan,33
CT,M,1973,Antonio,33
CT,M,1973,Bruce,33
CT,M,1973,Frederick,33
CT,M,1973,Glenn,33
CT,M,1973,Juan,33
CT,M,1973,Russell,33
CT,M,1973,Brandon,32
CT,M,1973,Kyle,32
CT,M,1973,Gerald,31
CT,M,1973,Joel,31
CT,M,1973,Leonard,31
CT,M,1973,Arthur,30
CT,M,1973,Nathan,30
CT,M,1973,Edwin,29
CT,M,1973,Jermaine,28
CT,M,1973,Jon,28
CT,M,1973,Victor,28
CT,M,1973,Albert,27
CT,M,1973,Corey,27
CT,M,1973,Dean,27
CT,M,1973,Hector,27
CT,M,1973,Brendan,26
CT,M,1973,Miguel,26
CT,M,1973,Ian,25
CT,M,1973,Phillip,25
CT,M,1973,Larry,24
CT,M,1973,Duane,23
CT,M,1973,Henry,23
CT,M,1973,Brent,22
CT,M,1973,Jay,22
CT,M,1973,Lee,22
CT,M,1973,Marcus,22
CT,M,1973,Dana,21
CT,M,1973,Derrick,21
CT,M,1973,Theodore,21
CT,M,1973,Travis,21
CT,M,1973,Allen,20
CT,M,1973,Martin,20
CT,M,1973,Randy,20
CT,M,1973,Rodney,20
CT,M,1973,Andre,19
CT,M,1973,Manuel,19
CT,M,1973,Neil,19
CT,M,1973,Pedro,19
CT,M,1973,Roberto,19
CT,M,1973,Walter,19
CT,M,1973,Willie,19
CT,M,1973,Jeffery,18
CT,M,1973,Kurt,18
CT,M,1973,Ralph,18
CT,M,1973,Alex,17
CT,M,1973,Angelo,17
CT,M,1973,Damon,17
CT,M,1973,Eugene,17
CT,M,1973,Geoffrey,17
CT,M,1973,Karl,17
CT,M,1973,Mario,17
CT,M,1973,Ernest,16
CT,M,1973,Greg,16
CT,M,1973,Jared,16
CT,M,1973,Jorge,16
CT,M,1973,Marco,16
CT,M,1973,Terrence,16
CT,M,1973,Curtis,15
CT,M,1973,Daryl,15
CT,M,1973,Francisco,15
CT,M,1973,Howard,15
CT,M,1973,Nelson,15
CT,M,1973,Alfred,14
CT,M,1973,Danny,14
CT,M,1973,Darrell,14
CT,M,1973,Lewis,14
CT,M,1973,Ricardo,14
CT,M,1973,Terry,14
CT,M,1973,Tyler,14
CT,M,1973,Adrian,13
CT,M,1973,Bradford,13
CT,M,1973,Bradley,13
CT,M,1973,Chris,13
CT,M,1973,Clifford,13
CT,M,1973,Damian,13
CT,M,1973,Gabriel,13
CT,M,1973,Guy,13
CT,M,1973,Kirk,13
CT,M,1973,Mathew,13
CT,M,1973,Nathaniel,13
CT,M,1973,Norman,13
CT,M,1973,Pasquale,13
CT,M,1973,Reginald,13
CT,M,1973,Ross,13
CT,M,1973,Roy,13
CT,M,1973,Shannon,13
CT,M,1973,Steve,13
CT,M,1973,Tony,13
CT,M,1973,Bernard,12
CT,M,1973,Cory,12
CT,M,1973,Glen,12
CT,M,1973,Gregg,12
CT,M,1973,Heath,12
CT,M,1973,Jacob,12
CT,M,1973,Jerry,12
CT,M,1973,Lance,12
CT,M,1973,Rafael,12
CT,M,1973,Ramon,12
CT,M,1973,Warren,12
CT,M,1973,Brad,11
CT,M,1973,Dale,11
CT,M,1973,Dylan,11
CT,M,1973,Eddie,11
CT,M,1973,Felix,11
CT,M,1973,Harold,11
CT,M,1973,Jack,11
CT,M,1973,Johnny,11
CT,M,1973,Julio,11
CT,M,1973,Maurice,11
CT,M,1973,Noah,11
CT,M,1973,Randall,11
CT,M,1973,Salvatore,11
CT,M,1973,Stanley,11
CT,M,1973,Terrance,11
CT,M,1973,Trevor,11
CT,M,1973,Bryce,10
CT,M,1973,Dominick,10
CT,M,1973,Dwayne,10
CT,M,1973,Edmund,10
CT,M,1973,Efrain,10
CT,M,1973,Gordon,10
CT,M,1973,Ivan,10
CT,M,1973,Jeremiah,10
CT,M,1973,Jerome,10
CT,M,1973,Jody,10
CT,M,1973,Luke,10
CT,M,1973,Roland,10
CT,M,1973,Shaun,10
CT,M,1973,Tyrone,10
CT,M,1973,Wilfredo,10
CT,M,1973,Clinton,9
CT,M,1973,Dominic,9
CT,M,1973,Ethan,9
CT,M,1973,Isaac,9
CT,M,1973,Jesus,9
CT,M,1973,Leon,9
CT,M,1973,Marvin,9
CT,M,1973,Melvin,9
CT,M,1973,Owen,9
CT,M,1973,Ricky,9
CT,M,1973,Andres,8
CT,M,1973,Barry,8
CT,M,1973,Carlton,8
CT,M,1973,Colin,8
CT,M,1973,Eduardo,8
CT,M,1973,Fred,8
CT,M,1973,Harry,8
CT,M,1973,Jamal,8
CT,M,1973,Javier,8
CT,M,1973,Jimmy,8
CT,M,1973,Marlon,8
CT,M,1973,Micheal,8
CT,M,1973,Ronnie,8
CT,M,1973,Terence,8
CT,M,1973,Zachary,8
CT,M,1973,Abraham,7
CT,M,1973,Alvin,7
CT,M,1973,Bobby,7
CT,M,1973,Calvin,7
CT,M,1973,Carmelo,7
CT,M,1973,Devin,7
CT,M,1973,Erick,7
CT,M,1973,Garrett,7
CT,M,1973,Gene,7
CT,M,1973,Gilberto,7
CT,M,1973,Giuseppe,7
CT,M,1973,Harvey,7
CT,M,1973,Ismael,7
CT,M,1973,Jaime,7
CT,M,1973,Jayson,7
CT,M,1973,Jordan,7
CT,M,1973,Kerry,7
CT,M,1973,Kristopher,7
CT,M,1973,Leslie,7
CT,M,1973,Lester,7
CT,M,1973,Malcolm,7
CT,M,1973,Marcos,7
CT,M,1973,Marshall,7
CT,M,1973,Paulo,7
CT,M,1973,Roderick,7
CT,M,1973,Scot,7
CT,M,1973,Toby,7
CT,M,1973,Wade,7
CT,M,1973,Wesley,7
CT,M,1973,Armando,6
CT,M,1973,Aron,6
CT,M,1973,Billy,6
CT,M,1973,Edgar,6
CT,M,1973,Evan,6
CT,M,1973,Fernando,6
CT,M,1973,Franklin,6
CT,M,1973,Herbert,6
CT,M,1973,Israel,6
CT,M,1973,Jamison,6
CT,M,1973,Jimmie,6
CT,M,1973,Julian,6
CT,M,1973,Kelvin,6
CT,M,1973,Kent,6
CT,M,1973,Lamont,6
CT,M,1973,Laurence,6
CT,M,1973,Leo,6
CT,M,1973,Marcel,6
CT,M,1973,Neal,6
CT,M,1973,Pablo,6
CT,M,1973,Randolph,6
CT,M,1973,Rene,6
CT,M,1973,Rocco,6
CT,M,1973,Ruben,6
CT,M,1973,Sergio,6
CT,M,1973,Stefan,6
CT,M,1973,Stuart,6
CT,M,1973,Ted,6
CT,M,1973,Tracy,6
CT,M,1973,Alejandro,5
CT,M,1973,Alfredo,5
CT,M,1973,Allan,5
CT,M,1973,Antoine,5
CT,M,1973,Arnold,5
CT,M,1973,Barrett,5
CT,M,1973,Brendon,5
CT,M,1973,Bryant,5
CT,M,1973,Carlo,5
CT,M,1973,Clarence,5
CT,M,1973,Clifton,5
CT,M,1973,Curt,5
CT,M,1973,Damien,5
CT,M,1973,Darius,5
CT,M,1973,Dimitrios,5
CT,M,1973,Drew,5
CT,M,1973,Dustin,5
CT,M,1973,Earl,5
CT,M,1973,Elvis,5
CT,M,1973,Gerard,5
CT,M,1973,Hans,5
CT,M,1973,Heriberto,5
CT,M,1973,Ira,5
CT,M,1973,Jamey,5
CT,M,1973,Jeff,5
CT,M,1973,Jennifer,5
CT,M,1973,Johnathan,5
CT,M,1973,Kelly,5
CT,M,1973,Kendrick,5
CT,M,1973,Kris,5
CT,M,1973,Lorenzo,5
CT,M,1973,Noel,5
CT,M,1973,Omar,5
CT,M,1973,Raul,5
CT,M,1973,Reinaldo,5
CT,M,1973,Sheldon,5
CT,M,1973,Stewart,5
CT,M,1973,Tommy,5
CT,M,1973,Tracey,5
CT,M,1974,Michael,848
CT,M,1974,Christopher,672
CT,M,1974,Jason,650
CT,M,1974,David,648
CT,M,1974,John,508
CT,M,1974,Robert,481
CT,M,1974,James,432
CT,M,1974,Matthew,426
CT,M,1974,Brian,425
CT,M,1974,Daniel,356
CT,M,1974,Jeffrey,330
CT,M,1974,William,325
CT,M,1974,Joseph,323
CT,M,1974,Mark,298
CT,M,1974,Scott,289
CT,M,1974,Richard,281
CT,M,1974,Kevin,269
CT,M,1974,Thomas,269
CT,M,1974,Eric,265
CT,M,1974,Paul,202
CT,M,1974,Steven,194
CT,M,1974,Peter,175
CT,M,1974,Andrew,164
CT,M,1974,Stephen,162
CT,M,1974,Anthony,161
CT,M,1974,Jonathan,158
CT,M,1974,Timothy,155
CT,M,1974,Adam,151
CT,M,1974,Gregory,151
CT,M,1974,Sean,151
CT,M,1974,Todd,133
CT,M,1974,Joshua,132
CT,M,1974,Edward,130
CT,M,1974,Keith,129
CT,M,1974,Ryan,125
CT,M,1974,Shawn,116
CT,M,1974,Kenneth,115
CT,M,1974,Charles,110
CT,M,1974,Justin,108
CT,M,1974,Patrick,105
CT,M,1974,Jeremy,104
CT,M,1974,Benjamin,92
CT,M,1974,Marc,91
CT,M,1974,Jose,88
CT,M,1974,George,86
CT,M,1974,Aaron,84
CT,M,1974,Bryan,82
CT,M,1974,Frank,82
CT,M,1974,Craig,78
CT,M,1974,Douglas,77
CT,M,1974,Ronald,74
CT,M,1974,Erik,71
CT,M,1974,Raymond,67
CT,M,1974,Donald,66
CT,M,1974,Gary,63
CT,M,1974,Nicholas,60
CT,M,1974,Luis,58
CT,M,1974,Philip,57
CT,M,1974,Dennis,56
CT,M,1974,Chad,52
CT,M,1974,Samuel,50
CT,M,1974,Shane,50
CT,M,1974,Jamie,45
CT,M,1974,Jesse,45
CT,M,1974,Louis,44
CT,M,1974,Nathan,43
CT,M,1974,Christian,42
CT,M,1974,Vincent,41
CT,M,1974,Alan,39
CT,M,1974,Alexander,39
CT,M,1974,Arthur,39
CT,M,1974,Seth,39
CT,M,1974,Juan,38
CT,M,1974,Lawrence,38
CT,M,1974,Jermaine,37
CT,M,1974,Angel,36
CT,M,1974,Corey,36
CT,M,1974,Darren,36
CT,M,1974,Dean,36
CT,M,1974,Derek,36
CT,M,1974,Brett,35
CT,M,1974,Joel,35
CT,M,1974,Martin,35
CT,M,1974,Carl,34
CT,M,1974,Ian,32
CT,M,1974,Kyle,32
CT,M,1974,Troy,32
CT,M,1974,Carlos,31
CT,M,1974,Hector,31
CT,M,1974,Henry,31
CT,M,1974,Wayne,31
CT,M,1974,Jon,30
CT,M,1974,Lee,30
CT,M,1974,Neil,29
CT,M,1974,Victor,29
CT,M,1974,Antonio,28
CT,M,1974,Brendan,28
CT,M,1974,Gerald,27
CT,M,1974,Randy,27
CT,M,1974,Theodore,27
CT,M,1974,Walter,27
CT,M,1974,Andre,25
CT,M,1974,Edwin,25
CT,M,1974,Frederick,25
CT,M,1974,Karl,25
CT,M,1974,Kurt,25
CT,M,1974,Salvatore,25
CT,M,1974,Bruce,24
CT,M,1974,Dana,24
CT,M,1974,Miguel,24
CT,M,1974,Roger,24
CT,M,1974,Brandon,23
CT,M,1974,Jay,23
CT,M,1974,Pedro,23
CT,M,1974,Albert,22
CT,M,1974,Eugene,22
CT,M,1974,Francis,22
CT,M,1974,Geoffrey,22
CT,M,1974,Jeffery,22
CT,M,1974,Rodney,22
CT,M,1974,Jared,21
CT,M,1974,Marcus,21
CT,M,1974,Phillip,21
CT,M,1974,Ralph,21
CT,M,1974,Terrence,21
CT,M,1974,Travis,21
CT,M,1974,Jacob,20
CT,M,1974,Jerry,20
CT,M,1974,Leonard,20
CT,M,1974,Trevor,20
CT,M,1974,Evan,19
CT,M,1974,Gabriel,19
CT,M,1974,Chris,18
CT,M,1974,Colin,18
CT,M,1974,Glenn,18
CT,M,1974,Jorge,18
CT,M,1974,Clifford,17
CT,M,1974,Dale,17
CT,M,1974,Danny,17
CT,M,1974,Nelson,17
CT,M,1974,Roberto,17
CT,M,1974,Russell,17
CT,M,1974,Curtis,16
CT,M,1974,Gordon,16
CT,M,1974,Greg,16
CT,M,1974,Stanley,16
CT,M,1974,Warren,16
CT,M,1974,Damian,15
CT,M,1974,Derrick,15
CT,M,1974,Julio,15
CT,M,1974,Marco,15
CT,M,1974,Rafael,15
CT,M,1974,Willie,15
CT,M,1974,Allen,14
CT,M,1974,Angelo,14
CT,M,1974,Barry,14
CT,M,1974,Bret,14
CT,M,1974,Damon,14
CT,M,1974,Eddie,14
CT,M,1974,Glen,14
CT,M,1974,Harry,14
CT,M,1974,Tyrone,14
CT,M,1974,Abraham,13
CT,M,1974,Alfred,13
CT,M,1974,Billy,13
CT,M,1974,Damien,13
CT,M,1974,Daryl,13
CT,M,1974,Earl,13
CT,M,1974,Kristopher,13
CT,M,1974,Lucas,13
CT,M,1974,Neal,13
CT,M,1974,Norman,13
CT,M,1974,Randall,13
CT,M,1974,Dominic,12
CT,M,1974,Ernest,12
CT,M,1974,Isaac,12
CT,M,1974,Jesus,12
CT,M,1974,Kirk,12
CT,M,1974,Larry,12
CT,M,1974,Mario,12
CT,M,1974,Mathew,12
CT,M,1974,Maurice,12
CT,M,1974,Orlando,12
CT,M,1974,Ramon,12
CT,M,1974,Roy,12
CT,M,1974,Tyler,12
CT,M,1974,Casey,11
CT,M,1974,Cory,11
CT,M,1974,Dwayne,11
CT,M,1974,Howard,11
CT,M,1974,Johnny,11
CT,M,1974,Leon,11
CT,M,1974,Tony,11
CT,M,1974,Wade,11
CT,M,1974,Bradley,10
CT,M,1974,Brent,10
CT,M,1974,Duane,10
CT,M,1974,Dwight,10
CT,M,1974,Felix,10
CT,M,1974,Francisco,10
CT,M,1974,Gregg,10
CT,M,1974,Harold,10
CT,M,1974,Jack,10
CT,M,1974,Jaime,10
CT,M,1974,Jordan,10
CT,M,1974,Manuel,10
CT,M,1974,Myron,10
CT,M,1974,Nathaniel,10
CT,M,1974,Ricardo,10
CT,M,1974,Steve,10
CT,M,1974,Alex,9
CT,M,1974,Alvin,9
CT,M,1974,Bernard,9
CT,M,1974,Clayton,9
CT,M,1974,Clinton,9
CT,M,1974,Devin,9
CT,M,1974,Ethan,9
CT,M,1974,Fred,9
CT,M,1974,Heath,9
CT,M,1974,Kris,9
CT,M,1974,Micah,9
CT,M,1974,Noel,9
CT,M,1974,Shannon,9
CT,M,1974,Zachary,9
CT,M,1974,Alejandro,8
CT,M,1974,Edgar,8
CT,M,1974,Edmund,8
CT,M,1974,Erick,8
CT,M,1974,Franklin,8
CT,M,1974,Grant,8
CT,M,1974,Jerome,8
CT,M,1974,Jody,8
CT,M,1974,Lamont,8
CT,M,1974,Leo,8
CT,M,1974,Micheal,8
CT,M,1974,Milton,8
CT,M,1974,Reginald,8
CT,M,1974,Stephan,8
CT,M,1974,Terrance,8
CT,M,1974,Andres,7
CT,M,1974,Brad,7
CT,M,1974,Bradford,7
CT,M,1974,Carmelo,7
CT,M,1974,Darrell,7
CT,M,1974,Darryl,7
CT,M,1974,Denis,7
CT,M,1974,Devon,7
CT,M,1974,Dion,7
CT,M,1974,Fernando,7
CT,M,1974,Herbert,7
CT,M,1974,Javier,7
CT,M,1974,Jeremiah,7
CT,M,1974,Jimmy,7
CT,M,1974,Josh,7
CT,M,1974,Kristian,7
CT,M,1974,Lance,7
CT,M,1974,Lester,7
CT,M,1974,Luke,7
CT,M,1974,Marcos,7
CT,M,1974,Marlon,7
CT,M,1974,Marvin,7
CT,M,1974,Omar,7
CT,M,1974,Oscar,7
CT,M,1974,Ricky,7
CT,M,1974,Rudolph,7
CT,M,1974,Stuart,7
CT,M,1974,Terrell,7
CT,M,1974,Adrian,6
CT,M,1974,Alberto,6
CT,M,1974,Ari,6
CT,M,1974,Austin,6
CT,M,1974,Bobby,6
CT,M,1974,Brenden,6
CT,M,1974,Carlo,6
CT,M,1974,Clarence,6
CT,M,1974,Clifton,6
CT,M,1974,Dominick,6
CT,M,1974,Dylan,6
CT,M,1974,Gilberto,6
CT,M,1974,Jamal,6
CT,M,1974,Jarrod,6
CT,M,1974,Jayson,6
CT,M,1974,Jeff,6
CT,M,1974,Julian,6
CT,M,1974,Malcolm,6
CT,M,1974,Mitchell,6
CT,M,1974,Nakia,6
CT,M,1974,Roland,6
CT,M,1974,Ronnie,6
CT,M,1974,Ruben,6
CT,M,1974,Sergio,6
CT,M,1974,Shaun,6
CT,M,1974,Tommy,6
CT,M,1974,Allan,5
CT,M,1974,Antoine,5
CT,M,1974,Armando,5
CT,M,1974,Brendon,5
CT,M,1974,Bryant,5
CT,M,1974,Bryce,5
CT,M,1974,Byron,5
CT,M,1974,Carlton,5
CT,M,1974,Clint,5
CT,M,1974,Diego,5
CT,M,1974,Efrain,5
CT,M,1974,Eli,5
CT,M,1974,Francesco,5
CT,M,1974,Garrett,5
CT,M,1974,Gerard,5
CT,M,1974,Hans,5
CT,M,1974,Heriberto,5
CT,M,1974,Ira,5
CT,M,1974,Ismael,5
CT,M,1974,Israel,5
CT,M,1974,Ivan,5
CT,M,1974,Jamarr,5
CT,M,1974,Kareem,5
CT,M,1974,Lewis,5
CT,M,1974,Lloyd,5
CT,M,1974,Lorenzo,5
CT,M,1974,Nicola,5
CT,M,1974,Nikolaos,5
CT,M,1974,Noah,5
CT,M,1974,Oliver,5
CT,M,1974,Owen,5
CT,M,1974,Pasquale,5
CT,M,1974,Paulo,5
CT,M,1974,Ray,5
CT,M,1974,Rene,5
CT,M,1974,Sebastiano,5
CT,M,1974,Stewart,5
CT,M,1974,Terry,5
CT,M,1974,Tyson,5
CT,M,1974,Wesley,5
CT,M,1974,Wilfred,5
CT,M,1974,Wilfredo,5
CT,M,1974,Wilson,5
CT,M,1975,Michael,987
CT,M,1975,Christopher,673
CT,M,1975,Jason,638
CT,M,1975,David,539
CT,M,1975,John,468
CT,M,1975,Robert,449
CT,M,1975,Matthew,444
CT,M,1975,James,399
CT,M,1975,Brian,389
CT,M,1975,Daniel,341
CT,M,1975,Joseph,330
CT,M,1975,Jeffrey,309
CT,M,1975,Eric,282
CT,M,1975,William,270
CT,M,1975,Kevin,258
CT,M,1975,Richard,257
CT,M,1975,Scott,253
CT,M,1975,Thomas,231
CT,M,1975,Steven,217
CT,M,1975,Mark,198
CT,M,1975,Timothy,195
CT,M,1975,Anthony,191
CT,M,1975,Paul,174
CT,M,1975,Jonathan,171
CT,M,1975,Andrew,163
CT,M,1975,Ryan,160
CT,M,1975,Stephen,155
CT,M,1975,Peter,153
CT,M,1975,Joshua,147
CT,M,1975,Todd,145
CT,M,1975,Sean,141
CT,M,1975,Adam,131
CT,M,1975,Gregory,131
CT,M,1975,Shawn,130
CT,M,1975,Edward,121
CT,M,1975,Jeremy,119
CT,M,1975,Keith,118
CT,M,1975,Charles,114
CT,M,1975,Patrick,110
CT,M,1975,Benjamin,106
CT,M,1975,Justin,106
CT,M,1975,Kenneth,97
CT,M,1975,Marc,97
CT,M,1975,Jose,93
CT,M,1975,George,86
CT,M,1975,Ronald,85
CT,M,1975,Donald,82
CT,M,1975,Craig,80
CT,M,1975,Aaron,78
CT,M,1975,Raymond,78
CT,M,1975,Bryan,72
CT,M,1975,Frank,72
CT,M,1975,Chad,68
CT,M,1975,Douglas,67
CT,M,1975,Gary,63
CT,M,1975,Erik,60
CT,M,1975,Jamie,60
CT,M,1975,Juan,53
CT,M,1975,Nathan,52
CT,M,1975,Philip,51
CT,M,1975,Alexander,50
CT,M,1975,Dennis,49
CT,M,1975,Jesse,49
CT,M,1975,Luis,49
CT,M,1975,Seth,49
CT,M,1975,Christian,47
CT,M,1975,Vincent,46
CT,M,1975,Brandon,44
CT,M,1975,Nicholas,44
CT,M,1975,Kyle,40
CT,M,1975,Samuel,40
CT,M,1975,Brett,38
CT,M,1975,Derek,38
CT,M,1975,Carlos,37
CT,M,1975,Corey,37
CT,M,1975,Frederick,37
CT,M,1975,Louis,37
CT,M,1975,Alan,35
CT,M,1975,Antonio,35
CT,M,1975,Geoffrey,35
CT,M,1975,Ian,35
CT,M,1975,Carl,34
CT,M,1975,Shane,33
CT,M,1975,Victor,33
CT,M,1975,Edwin,32
CT,M,1975,Jared,32
CT,M,1975,Joel,32
CT,M,1975,Roger,32
CT,M,1975,Angel,31
CT,M,1975,Jay,31
CT,M,1975,Russell,30
CT,M,1975,Walter,30
CT,M,1975,Brendan,29
CT,M,1975,Salvatore,29
CT,M,1975,Jacob,27
CT,M,1975,Marcus,27
CT,M,1975,Miguel,27
CT,M,1975,Randy,27
CT,M,1975,Roberto,27
CT,M,1975,Arthur,26
CT,M,1975,Darren,26
CT,M,1975,Jermaine,26
CT,M,1975,Albert,25
CT,M,1975,Henry,25
CT,M,1975,Leonard,25
CT,M,1975,Trevor,25
CT,M,1975,Rodney,24
CT,M,1975,Wayne,24
CT,M,1975,Ricardo,23
CT,M,1975,Gerald,22
CT,M,1975,Martin,22
CT,M,1975,Mathew,22
CT,M,1975,Troy,22
CT,M,1975,Dean,21
CT,M,1975,Lawrence,21
CT,M,1975,Nathaniel,21
CT,M,1975,Duane,20
CT,M,1975,Bruce,19
CT,M,1975,Dana,19
CT,M,1975,Evan,19
CT,M,1975,Francis,19
CT,M,1975,Hector,19
CT,M,1975,Jeffery,19
CT,M,1975,Neil,19
CT,M,1975,Chris,18
CT,M,1975,Dale,18
CT,M,1975,Derrick,18
CT,M,1975,Kurt,18
CT,M,1975,Lee,18
CT,M,1975,Randall,18
CT,M,1975,Terrence,18
CT,M,1975,Andre,17
CT,M,1975,Damon,17
CT,M,1975,Danny,17
CT,M,1975,Daryl,17
CT,M,1975,Eugene,17
CT,M,1975,Glenn,17
CT,M,1975,Jon,17
CT,M,1975,Stanley,17
CT,M,1975,Tyrone,17
CT,M,1975,Johnny,16
CT,M,1975,Travis,16
CT,M,1975,Willie,16
CT,M,1975,Ernest,15
CT,M,1975,Gabriel,15
CT,M,1975,Gregg,15
CT,M,1975,Jerome,15
CT,M,1975,Manuel,15
CT,M,1975,Mario,15
CT,M,1975,Spencer,15
CT,M,1975,Theodore,15
CT,M,1975,Tyler,15
CT,M,1975,Alex,14
CT,M,1975,Brent,14
CT,M,1975,Jimmy,14
CT,M,1975,Jorge,14
CT,M,1975,Kirk,14
CT,M,1975,Luke,14
CT,M,1975,Micheal,14
CT,M,1975,Nelson,14
CT,M,1975,Orlando,14
CT,M,1975,Pedro,14
CT,M,1975,Phillip,14
CT,M,1975,Ralph,14
CT,M,1975,Dustin,13
CT,M,1975,Glen,13
CT,M,1975,Harold,13
CT,M,1975,Karl,13
CT,M,1975,Norman,13
CT,M,1975,Rafael,13
CT,M,1975,Steve,13
CT,M,1975,Allen,12
CT,M,1975,Clinton,12
CT,M,1975,Dwayne,12
CT,M,1975,Edgar,12
CT,M,1975,Ethan,12
CT,M,1975,Felix,12
CT,M,1975,Guy,12
CT,M,1975,Howard,12
CT,M,1975,Lamont,12
CT,M,1975,Larry,12
CT,M,1975,Zachary,12
CT,M,1975,Alberto,11
CT,M,1975,Alfred,11
CT,M,1975,Angelo,11
CT,M,1975,Bradley,11
CT,M,1975,Cory,11
CT,M,1975,Curtis,11
CT,M,1975,Damian,11
CT,M,1975,Jaime,11
CT,M,1975,Julio,11
CT,M,1975,Noah,11
CT,M,1975,Wilfredo,11
CT,M,1975,Allan,10
CT,M,1975,Brad,10
CT,M,1975,Casey,10
CT,M,1975,Clifford,10
CT,M,1975,Clifton,10
CT,M,1975,Colin,10
CT,M,1975,Harry,10
CT,M,1975,Jack,10
CT,M,1975,Jerry,10
CT,M,1975,Leon,10
CT,M,1975,Neal,10
CT,M,1975,Reginald,10
CT,M,1975,Ross,10
CT,M,1975,Stefan,10
CT,M,1975,Tony,10
CT,M,1975,Warren,10
CT,M,1975,Wesley,10
CT,M,1975,Alexis,9
CT,M,1975,Barry,9
CT,M,1975,Bobby,9
CT,M,1975,Dominic,9
CT,M,1975,Efrain,9
CT,M,1975,Francisco,9
CT,M,1975,Ivan,9
CT,M,1975,Jeff,9
CT,M,1975,Jeremiah,9
CT,M,1975,Kelly,9
CT,M,1975,Lucas,9
CT,M,1975,Maurice,9
CT,M,1975,Noel,9
CT,M,1975,Ricky,9
CT,M,1975,Shannon,9
CT,M,1975,Shaun,9
CT,M,1975,Tommy,9
CT,M,1975,Bernard,8
CT,M,1975,Billy,8
CT,M,1975,Clayton,8
CT,M,1975,Devin,8
CT,M,1975,Devon,8
CT,M,1975,Drew,8
CT,M,1975,Eddie,8
CT,M,1975,Fred,8
CT,M,1975,Gavin,8
CT,M,1975,Gerard,8
CT,M,1975,Giuseppe,8
CT,M,1975,Gordon,8
CT,M,1975,Grant,8
CT,M,1975,Greg,8
CT,M,1975,Javier,8
CT,M,1975,Kristopher,8
CT,M,1975,Omar,8
CT,M,1975,Ramon,8
CT,M,1975,Rocco,8
CT,M,1975,Terrance,8
CT,M,1975,Terry,8
CT,M,1975,Alejandro,7
CT,M,1975,Austin,7
CT,M,1975,Bret,7
CT,M,1975,Bryce,7
CT,M,1975,Caleb,7
CT,M,1975,Cameron,7
CT,M,1975,Carlton,7
CT,M,1975,Darrell,7
CT,M,1975,Fernando,7
CT,M,1975,Garrett,7
CT,M,1975,Gene,7
CT,M,1975,Giovanni,7
CT,M,1975,Jayson,7
CT,M,1975,Kelvin,7
CT,M,1975,Lance,7
CT,M,1975,Lloyd,7
CT,M,1975,Ronnie,7
CT,M,1975,Roy,7
CT,M,1975,Ruben,7
CT,M,1975,Sebastian,7
CT,M,1975,Terrell,7
CT,M,1975,Toby,7
CT,M,1975,Tremayne,7
CT,M,1975,Wade,7
CT,M,1975,Adrian,6
CT,M,1975,Alfredo,6
CT,M,1975,Blake,6
CT,M,1975,Bradford,6
CT,M,1975,Darnell,6
CT,M,1975,Dwight,6
CT,M,1975,Dylan,6
CT,M,1975,Edmund,6
CT,M,1975,Eduardo,6
CT,M,1975,Erick,6
CT,M,1975,Ernesto,6
CT,M,1975,Franklin,6
CT,M,1975,Herbert,6
CT,M,1975,Israel,6
CT,M,1975,Jarrod,6
CT,M,1975,Marcel,6
CT,M,1975,Marco,6
CT,M,1975,Marcos,6
CT,M,1975,Melvin,6
CT,M,1975,Micah,6
CT,M,1975,Nick,6
CT,M,1975,Nicola,6
CT,M,1975,Oscar,6
CT,M,1975,Santos,6
CT,M,1975,Sergio,6
CT,M,1975,Stephan,6
CT,M,1975,Andres,5
CT,M,1975,Antoine,5
CT,M,1975,Armando,5
CT,M,1975,Ben,5
CT,M,1975,Byron,5
CT,M,1975,Chester,5
CT,M,1975,Courtney,5
CT,M,1975,Damien,5
CT,M,1975,Demetrius,5
CT,M,1975,Denis,5
CT,M,1975,Dominick,5
CT,M,1975,Donnie,5
CT,M,1975,Elijah,5
CT,M,1975,Elliot,5
CT,M,1975,Emilio,5
CT,M,1975,Francesco,5
CT,M,1975,Gino,5
CT,M,1975,Heath,5
CT,M,1975,Hugh,5
CT,M,1975,Ismael,5
CT,M,1975,Jake,5
CT,M,1975,Jamal,5
CT,M,1975,Jed,5
CT,M,1975,Jesus,5
CT,M,1975,Jody,5
CT,M,1975,Joey,5
CT,M,1975,Johnnie,5
CT,M,1975,Julian,5
CT,M,1975,Julius,5
CT,M,1975,Kareem,5
CT,M,1975,Kerry,5
CT,M,1975,Lorenzo,5
CT,M,1975,Mike,5
CT,M,1975,Pasquale,5
CT,M,1975,Quincy,5
CT,M,1975,Randolph,5
CT,M,1975,Raul,5
CT,M,1975,Robbie,5
CT,M,1975,Roland,5
CT,M,1975,Terence,5
CT,M,1975,Thaddeus,5
CT,M,1975,Tobias,5
CT,M,1975,Tyson,5
CT,M,1975,Vernon,5
CT,M,1975,Wilson,5
CT,M,1976,Michael,950
CT,M,1976,Christopher,633
CT,M,1976,Jason,594
CT,M,1976,David,593
CT,M,1976,Matthew,415
CT,M,1976,James,403
CT,M,1976,Brian,398
CT,M,1976,John,392
CT,M,1976,Daniel,375
CT,M,1976,Robert,368
CT,M,1976,Joseph,333
CT,M,1976,William,310
CT,M,1976,Jeffrey,295
CT,M,1976,Eric,267
CT,M,1976,Thomas,264
CT,M,1976,Richard,244
CT,M,1976,Kevin,233
CT,M,1976,Scott,218
CT,M,1976,Mark,216
CT,M,1976,Timothy,205
CT,M,1976,Paul,195
CT,M,1976,Steven,193
CT,M,1976,Peter,187
CT,M,1976,Jonathan,183
CT,M,1976,Anthony,175
CT,M,1976,Ryan,171
CT,M,1976,Joshua,155
CT,M,1976,Jeremy,147
CT,M,1976,Andrew,146
CT,M,1976,Gregory,146
CT,M,1976,Stephen,139
CT,M,1976,Edward,133
CT,M,1976,Todd,132
CT,M,1976,Keith,130
CT,M,1976,Adam,123
CT,M,1976,Benjamin,123
CT,M,1976,Sean,123
CT,M,1976,Shawn,115
CT,M,1976,Jose,104
CT,M,1976,Justin,102
CT,M,1976,Aaron,100
CT,M,1976,Charles,96
CT,M,1976,Patrick,93
CT,M,1976,Kenneth,86
CT,M,1976,Marc,83
CT,M,1976,Craig,78
CT,M,1976,Nicholas,75
CT,M,1976,Donald,74
CT,M,1976,George,74
CT,M,1976,Frank,72
CT,M,1976,Jesse,70
CT,M,1976,Ronald,63
CT,M,1976,Bryan,62
CT,M,1976,Douglas,61
CT,M,1976,Raymond,60
CT,M,1976,Jamie,57
CT,M,1976,Nathan,55
CT,M,1976,Shane,54
CT,M,1976,Samuel,50
CT,M,1976,Christian,49
CT,M,1976,Gary,49
CT,M,1976,Erik,48
CT,M,1976,Carl,44
CT,M,1976,Luis,43
CT,M,1976,Alexander,42
CT,M,1976,Antonio,42
CT,M,1976,Chad,41
CT,M,1976,Kyle,40
CT,M,1976,Brendan,39
CT,M,1976,Dennis,39
CT,M,1976,Philip,39
CT,M,1976,Vincent,39
CT,M,1976,Brett,38
CT,M,1976,Carlos,38
CT,M,1976,Juan,38
CT,M,1976,Corey,35
CT,M,1976,Brandon,34
CT,M,1976,Ian,34
CT,M,1976,Andre,33
CT,M,1976,Jared,33
CT,M,1976,Jermaine,33
CT,M,1976,Louis,32
CT,M,1976,Roger,32
CT,M,1976,Joel,29
CT,M,1976,Neil,29
CT,M,1976,Seth,29
CT,M,1976,Derek,28
CT,M,1976,Troy,28
CT,M,1976,Angel,27
CT,M,1976,Bruce,27
CT,M,1976,Nathaniel,27
CT,M,1976,Gabriel,26
CT,M,1976,Jacob,26
CT,M,1976,Jeffery,26
CT,M,1976,Lawrence,26
CT,M,1976,Randy,26
CT,M,1976,Walter,26
CT,M,1976,Wayne,26
CT,M,1976,Roberto,25
CT,M,1976,Victor,25
CT,M,1976,Arthur,24
CT,M,1976,Edwin,24
CT,M,1976,Francis,24
CT,M,1976,Geoffrey,24
CT,M,1976,Glenn,24
CT,M,1976,Miguel,24
CT,M,1976,Russell,24
CT,M,1976,Travis,24
CT,M,1976,Alan,23
CT,M,1976,Frederick,23
CT,M,1976,Jeremiah,23
CT,M,1976,Jorge,23
CT,M,1976,Albert,22
CT,M,1976,Damon,22
CT,M,1976,Gerald,21
CT,M,1976,Larry,21
CT,M,1976,Lee,21
CT,M,1976,Phillip,21
CT,M,1976,Rafael,21
CT,M,1976,Ricardo,21
CT,M,1976,Barry,20
CT,M,1976,Brent,20
CT,M,1976,Dana,20
CT,M,1976,Henry,20
CT,M,1976,Jon,20
CT,M,1976,Eddie,19
CT,M,1976,Jay,19
CT,M,1976,Kurt,19
CT,M,1976,Terrence,19
CT,M,1976,Marcus,18
CT,M,1976,Nelson,18
CT,M,1976,Alex,17
CT,M,1976,Allen,17
CT,M,1976,Damian,17
CT,M,1976,Danny,17
CT,M,1976,Dean,17
CT,M,1976,Hector,17
CT,M,1976,Jaime,17
CT,M,1976,Dale,16
CT,M,1976,Derrick,16
CT,M,1976,Jerry,16
CT,M,1976,Karl,16
CT,M,1976,Ramon,16
CT,M,1976,Theodore,16
CT,M,1976,Tyrone,16
CT,M,1976,Casey,15
CT,M,1976,Colin,15
CT,M,1976,Cory,15
CT,M,1976,Curtis,15
CT,M,1976,Darren,15
CT,M,1976,Gregg,15
CT,M,1976,Jerome,15
CT,M,1976,Manuel,15
CT,M,1976,Mathew,15
CT,M,1976,Pedro,15
CT,M,1976,Ralph,15
CT,M,1976,Wesley,15
CT,M,1976,Angelo,14
CT,M,1976,Darrell,14
CT,M,1976,Jack,14
CT,M,1976,Johnny,14
CT,M,1976,Rodney,14
CT,M,1976,Salvatore,14
CT,M,1976,Tyler,14
CT,M,1976,Adrian,13
CT,M,1976,Eugene,13
CT,M,1976,Glen,13
CT,M,1976,Julio,13
CT,M,1976,Kristopher,13
CT,M,1976,Luke,13
CT,M,1976,Martin,13
CT,M,1976,Maurice,13
CT,M,1976,Terrance,13
CT,M,1976,Trevor,13
CT,M,1976,Billy,12
CT,M,1976,Chris,12
CT,M,1976,Clifford,12
CT,M,1976,Dwayne,12
CT,M,1976,Leonard,12
CT,M,1976,Lucas,12
CT,M,1976,Orlando,12
CT,M,1976,Stanley,12
CT,M,1976,Alfred,11
CT,M,1976,Bernard,11
CT,M,1976,Brad,11
CT,M,1976,Bryant,11
CT,M,1976,Clinton,11
CT,M,1976,Duane,11
CT,M,1976,Evan,11
CT,M,1976,Fernando,11
CT,M,1976,Leon,11
CT,M,1976,Micah,11
CT,M,1976,Micheal,11
CT,M,1976,Neal,11
CT,M,1976,Reginald,11
CT,M,1976,Shaun,11
CT,M,1976,Tony,11
CT,M,1976,Allan,10
CT,M,1976,Earl,10
CT,M,1976,Greg,10
CT,M,1976,Harold,10
CT,M,1976,Javier,10
CT,M,1976,Johnathan,10
CT,M,1976,Marco,10
CT,M,1976,Wilfredo,10
CT,M,1976,Zachary,10
CT,M,1976,Alejandro,9
CT,M,1976,Felix,9
CT,M,1976,Garrett,9
CT,M,1976,Gerard,9
CT,M,1976,Giuseppe,9
CT,M,1976,Harry,9
CT,M,1976,Isaac,9
CT,M,1976,Jevon,9
CT,M,1976,Lance,9
CT,M,1976,Noah,9
CT,M,1976,Pasquale,9
CT,M,1976,Spencer,9
CT,M,1976,Steve,9
CT,M,1976,Tomas,9
CT,M,1976,Wade,9
CT,M,1976,Willie,9
CT,M,1976,Damien,8
CT,M,1976,Daryl,8
CT,M,1976,Dustin,8
CT,M,1976,Dylan,8
CT,M,1976,Francisco,8
CT,M,1976,Franklin,8
CT,M,1976,Jayson,8
CT,M,1976,Jeff,8
CT,M,1976,Jesus,8
CT,M,1976,Jimmy,8
CT,M,1976,Kristian,8
CT,M,1976,Marvin,8
CT,M,1976,Melvin,8
CT,M,1976,Norman,8
CT,M,1976,Paulo,8
CT,M,1976,Sergio,8
CT,M,1976,Terry,8
CT,M,1976,Tyron,8
CT,M,1976,Alexis,7
CT,M,1976,Alvin,7
CT,M,1976,Ariel,7
CT,M,1976,Austin,7
CT,M,1976,Ben,7
CT,M,1976,Bradford,7
CT,M,1976,Bradley,7
CT,M,1976,Brendon,7
CT,M,1976,Carmelo,7
CT,M,1976,Clifton,7
CT,M,1976,Demetrius,7
CT,M,1976,Dominic,7
CT,M,1976,Edgar,7
CT,M,1976,Ethan,7
CT,M,1976,Fred,7
CT,M,1976,Guy,7
CT,M,1976,Kelly,7
CT,M,1976,Marlon,7
CT,M,1976,Raul,7
CT,M,1976,Ricky,7
CT,M,1976,Stuart,7
CT,M,1976,Abraham,6
CT,M,1976,Alfredo,6
CT,M,1976,Bobby,6
CT,M,1976,Bret,6
CT,M,1976,Calvin,6
CT,M,1976,Clayton,6
CT,M,1976,Domenic,6
CT,M,1976,Drew,6
CT,M,1976,Efrain,6
CT,M,1976,Erick,6
CT,M,1976,Erin,6
CT,M,1976,Ernest,6
CT,M,1976,Frankie,6
CT,M,1976,Howard,6
CT,M,1976,Jamal,6
CT,M,1976,Jennifer,6
CT,M,1976,Jonas,6
CT,M,1976,Lamar,6
CT,M,1976,Nicolas,6
CT,M,1976,Omar,6
CT,M,1976,Rolando,6
CT,M,1976,Ross,6
CT,M,1976,Ruben,6
CT,M,1976,Sam,6
CT,M,1976,Scot,6
CT,M,1976,Shannon,6
CT,M,1976,Alberto,5
CT,M,1976,Anibal,5
CT,M,1976,Armando,5
CT,M,1976,Brooke,5
CT,M,1976,Cesar,5
CT,M,1976,Cody,5
CT,M,1976,Cornelius,5
CT,M,1976,Darrin,5
CT,M,1976,Darryl,5
CT,M,1976,Denis,5
CT,M,1976,Dominick,5
CT,M,1976,Eduardo,5
CT,M,1976,Elvis,5
CT,M,1976,Geraldo,5
CT,M,1976,Gerardo,5
CT,M,1976,Gilberto,5
CT,M,1976,Giovanni,5
CT,M,1976,Heath,5
CT,M,1976,Israel,5
CT,M,1976,Jackson,5
CT,M,1976,Jamil,5
CT,M,1976,Jarrod,5
CT,M,1976,Jody,5
CT,M,1976,Joe,5
CT,M,1976,Joey,5
CT,M,1976,Kirk,5
CT,M,1976,Leo,5
CT,M,1976,Lewis,5
CT,M,1976,Marcos,5
CT,M,1976,Mario,5
CT,M,1976,Myron,5
CT,M,1976,Nick,5
CT,M,1976,Pablo,5
CT,M,1976,Quincy,5
CT,M,1976,Randolph,5
CT,M,1976,Raphael,5
CT,M,1976,Ray,5
CT,M,1976,Reynaldo,5
CT,M,1976,Roy,5
CT,M,1976,Solomon,5
CT,M,1976,Stefan,5
CT,M,1976,Terrell,5
CT,M,1976,Tylon,5
CT,M,1976,Vaughn,5
CT,M,1976,Vincenzo,5
CT,M,1976,Warren,5
CT,M,1977,Michael,947
CT,M,1977,Christopher,663
CT,M,1977,Jason,651
CT,M,1977,David,512
CT,M,1977,Matthew,458
CT,M,1977,John,447
CT,M,1977,Robert,427
CT,M,1977,Brian,423
CT,M,1977,James,389
CT,M,1977,Daniel,378
CT,M,1977,Joseph,337
CT,M,1977,Kevin,310
CT,M,1977,William,278
CT,M,1977,Eric,265
CT,M,1977,Jeffrey,259
CT,M,1977,Richard,239
CT,M,1977,Mark,221
CT,M,1977,Thomas,220
CT,M,1977,Scott,210
CT,M,1977,Timothy,208
CT,M,1977,Andrew,197
CT,M,1977,Ryan,195
CT,M,1977,Joshua,184
CT,M,1977,Paul,179
CT,M,1977,Peter,178
CT,M,1977,Anthony,177
CT,M,1977,Justin,163
CT,M,1977,Steven,156
CT,M,1977,Jonathan,153
CT,M,1977,Stephen,150
CT,M,1977,Jeremy,147
CT,M,1977,Adam,144
CT,M,1977,Gregory,135
CT,M,1977,Sean,135
CT,M,1977,Edward,115
CT,M,1977,Benjamin,110
CT,M,1977,Keith,110
CT,M,1977,Todd,99
CT,M,1977,Shawn,98
CT,M,1977,Kenneth,97
CT,M,1977,Patrick,97
CT,M,1977,Charles,91
CT,M,1977,Aaron,88
CT,M,1977,Jose,86
CT,M,1977,Bryan,82
CT,M,1977,Donald,82
CT,M,1977,Jesse,77
CT,M,1977,Marc,77
CT,M,1977,Douglas,70
CT,M,1977,Nicholas,67
CT,M,1977,Frank,66
CT,M,1977,Raymond,66
CT,M,1977,Alexander,64
CT,M,1977,Gary,63
CT,M,1977,Nathan,62
CT,M,1977,George,61
CT,M,1977,Ronald,61
CT,M,1977,Erik,59
CT,M,1977,Luis,58
CT,M,1977,Craig,49
CT,M,1977,Jared,49
CT,M,1977,Christian,48
CT,M,1977,Corey,46
CT,M,1977,Angel,45
CT,M,1977,Vincent,45
CT,M,1977,Dennis,44
CT,M,1977,Philip,44
CT,M,1977,Chad,40
CT,M,1977,Kyle,40
CT,M,1977,Wesley,40
CT,M,1977,Carlos,39
CT,M,1977,Ian,39
CT,M,1977,Seth,39
CT,M,1977,Shane,39
CT,M,1977,Juan,36
CT,M,1977,Jacob,35
CT,M,1977,Louis,35
CT,M,1977,Shaun,35
CT,M,1977,Samuel,34
CT,M,1977,Victor,34
CT,M,1977,Antonio,33
CT,M,1977,Brendan,33
CT,M,1977,Jamie,33
CT,M,1977,Derek,31
CT,M,1977,Brett,30
CT,M,1977,Geoffrey,30
CT,M,1977,Joel,30
CT,M,1977,Lawrence,29
CT,M,1977,Walter,29
CT,M,1977,Russell,28
CT,M,1977,Brandon,27
CT,M,1977,Edwin,27
CT,M,1977,Jeremiah,27
CT,M,1977,Wayne,27
CT,M,1977,Andre,26
CT,M,1977,Hector,25
CT,M,1977,Nathaniel,25
CT,M,1977,Alan,24
CT,M,1977,Arthur,24
CT,M,1977,Carl,24
CT,M,1977,Albert,23
CT,M,1977,Bruce,23
CT,M,1977,Colin,23
CT,M,1977,Gerald,23
CT,M,1977,Kristopher,23
CT,M,1977,Miguel,23
CT,M,1977,Ralph,23
CT,M,1977,Travis,23
CT,M,1977,Cory,22
CT,M,1977,Jay,22
CT,M,1977,Jon,22
CT,M,1977,Roberto,22
CT,M,1977,Neil,21
CT,M,1977,Phillip,21
CT,M,1977,Rafael,21
CT,M,1977,Randy,21
CT,M,1977,Zachary,21
CT,M,1977,Damon,20
CT,M,1977,Dwayne,20
CT,M,1977,Kurt,20
CT,M,1977,Theodore,20
CT,M,1977,Alex,19
CT,M,1977,Jermaine,19
CT,M,1977,Martin,19
CT,M,1977,Roger,19
CT,M,1977,Curtis,18
CT,M,1977,Gabriel,18
CT,M,1977,Henry,18
CT,M,1977,Ramon,18
CT,M,1977,Trevor,18
CT,M,1977,Allen,17
CT,M,1977,Derrick,17
CT,M,1977,Glenn,17
CT,M,1977,Jeffery,17
CT,M,1977,Larry,17
CT,M,1977,Luke,17
CT,M,1977,Roy,17
CT,M,1977,Troy,17
CT,M,1977,Chris,16
CT,M,1977,Ernest,16
CT,M,1977,Ethan,16
CT,M,1977,Evan,16
CT,M,1977,Jorge,16
CT,M,1977,Mario,16
CT,M,1977,Mathew,16
CT,M,1977,Pedro,16
CT,M,1977,Adrian,15
CT,M,1977,Edgar,15
CT,M,1977,Francis,15
CT,M,1977,Frederick,15
CT,M,1977,Harold,15
CT,M,1977,Leonard,15
CT,M,1977,Neal,15
CT,M,1977,Salvatore,15
CT,M,1977,Tyler,15
CT,M,1977,Alfred,14
CT,M,1977,Allan,14
CT,M,1977,Dean,14
CT,M,1977,Eugene,14
CT,M,1977,Jimmy,14
CT,M,1977,Johnny,14
CT,M,1977,Karl,14
CT,M,1977,Marco,14
CT,M,1977,Marcus,14
CT,M,1977,Willie,14
CT,M,1977,Brent,13
CT,M,1977,Damian,13
CT,M,1977,Damien,13
CT,M,1977,Duane,13
CT,M,1977,Lucas,13
CT,M,1977,Ricardo,13
CT,M,1977,Angelo,12
CT,M,1977,Casey,12
CT,M,1977,Jaime,12
CT,M,1977,Lee,12
CT,M,1977,Maurice,12
CT,M,1977,Rodney,12
CT,M,1977,Terrence,12
CT,M,1977,Tony,12
CT,M,1977,Bradford,11
CT,M,1977,Daryl,11
CT,M,1977,Devon,11
CT,M,1977,Fernando,11
CT,M,1977,Francisco,11
CT,M,1977,Gregg,11
CT,M,1977,Nelson,11
CT,M,1977,Orlando,11
CT,M,1977,Terrance,11
CT,M,1977,Tyrone,11
CT,M,1977,Alexis,10
CT,M,1977,Clayton,10
CT,M,1977,Darren,10
CT,M,1977,Devin,10
CT,M,1977,Eduardo,10
CT,M,1977,Glen,10
CT,M,1977,Israel,10
CT,M,1977,Jack,10
CT,M,1977,Javier,10
CT,M,1977,Manuel,10
CT,M,1977,Micheal,10
CT,M,1977,Noah,10
CT,M,1977,Raul,10
CT,M,1977,Stanley,10
CT,M,1977,Steve,10
CT,M,1977,Toby,10
CT,M,1977,Tyron,10
CT,M,1977,Bobby,9
CT,M,1977,Bradley,9
CT,M,1977,Dana,9
CT,M,1977,Danny,9
CT,M,1977,Darrell,9
CT,M,1977,Dylan,9
CT,M,1977,Francesco,9
CT,M,1977,Garrett,9
CT,M,1977,Greg,9
CT,M,1977,Howard,9
CT,M,1977,Ivan,9
CT,M,1977,Jerome,9
CT,M,1977,Jordan,9
CT,M,1977,Omar,9
CT,M,1977,Ricky,9
CT,M,1977,Wilfredo,9
CT,M,1977,Wilson,9
CT,M,1977,Chester,8
CT,M,1977,Courtney,8
CT,M,1977,Dominick,8
CT,M,1977,Dustin,8
CT,M,1977,Eli,8
CT,M,1977,Felix,8
CT,M,1977,Giuseppe,8
CT,M,1977,Harry,8
CT,M,1977,Jeff,8
CT,M,1977,Jerry,8
CT,M,1977,Jody,8
CT,M,1977,Leon,8
CT,M,1977,Marcos,8
CT,M,1977,Marlon,8
CT,M,1977,Mitchell,8
CT,M,1977,Oscar,8
CT,M,1977,Quincy,8
CT,M,1977,Ruben,8
CT,M,1977,Terry,8
CT,M,1977,Ari,7
CT,M,1977,Ashley,7
CT,M,1977,Brad,7
CT,M,1977,Cameron,7
CT,M,1977,Clifford,7
CT,M,1977,Dale,7
CT,M,1977,Dominic,7
CT,M,1977,Franklin,7
CT,M,1977,Gavin,7
CT,M,1977,Gordon,7
CT,M,1977,Guy,7
CT,M,1977,Herbert,7
CT,M,1977,Max,7
CT,M,1977,Norman,7
CT,M,1977,Owen,7
CT,M,1977,Rocco,7
CT,M,1977,Sebastian,7
CT,M,1977,Sergio,7
CT,M,1977,Vernon,7
CT,M,1977,Alberto,6
CT,M,1977,Alejandro,6
CT,M,1977,Aric,6
CT,M,1977,Arnold,6
CT,M,1977,Aron,6
CT,M,1977,Billy,6
CT,M,1977,Caleb,6
CT,M,1977,Carmine,6
CT,M,1977,Demetrius,6
CT,M,1977,Domenic,6
CT,M,1977,Earl,6
CT,M,1977,Graham,6
CT,M,1977,Grant,6
CT,M,1977,Javon,6
CT,M,1977,Jayson,6
CT,M,1977,Julio,6
CT,M,1977,Kris,6
CT,M,1977,Lonnie,6
CT,M,1977,Marquis,6
CT,M,1977,Marvin,6
CT,M,1977,Noel,6
CT,M,1977,Oliver,6
CT,M,1977,Randolph,6
CT,M,1977,Ray,6
CT,M,1977,Roderick,6
CT,M,1977,Ross,6
CT,M,1977,Simon,6
CT,M,1977,Stefan,6
CT,M,1977,Tylon,6
CT,M,1977,Abraham,5
CT,M,1977,Agustin,5
CT,M,1977,Alton,5
CT,M,1977,Andres,5
CT,M,1977,Antwan,5
CT,M,1977,Austin,5
CT,M,1977,Ben,5
CT,M,1977,Calvin,5
CT,M,1977,Clarence,5
CT,M,1977,Clifton,5
CT,M,1977,Colby,5
CT,M,1977,Collin,5
CT,M,1977,Conor,5
CT,M,1977,Damion,5
CT,M,1977,Darryl,5
CT,M,1977,Dion,5
CT,M,1977,Drew,5
CT,M,1977,Dwight,5
CT,M,1977,Eddie,5
CT,M,1977,Efrain,5
CT,M,1977,Eliezer,5
CT,M,1977,Enrique,5
CT,M,1977,Gerard,5
CT,M,1977,Hugh,5
CT,M,1977,Isaac,5
CT,M,1977,Jamal,5
CT,M,1977,Jarrod,5
CT,M,1977,Joe,5
CT,M,1977,Jonathon,5
CT,M,1977,Julian,5
CT,M,1977,Lamar,5
CT,M,1977,Lance,5
CT,M,1977,Leroy,5
CT,M,1977,Luigi,5
CT,M,1977,Melvin,5
CT,M,1977,Morgan,5
CT,M,1977,Pierre,5
CT,M,1977,Randall,5
CT,M,1977,Santos,5
CT,M,1977,Shannon,5
CT,M,1978,Michael,992
CT,M,1978,Jason,610
CT,M,1978,Christopher,608
CT,M,1978,David,557
CT,M,1978,Matthew,449
CT,M,1978,Brian,421
CT,M,1978,James,412
CT,M,1978,John,408
CT,M,1978,Daniel,398
CT,M,1978,Robert,393
CT,M,1978,Joseph,332
CT,M,1978,William,296
CT,M,1978,Kevin,278
CT,M,1978,Jeffrey,277
CT,M,1978,Eric,257
CT,M,1978,Timothy,232
CT,M,1978,Ryan,223
CT,M,1978,Thomas,213
CT,M,1978,Scott,210
CT,M,1978,Richard,208
CT,M,1978,Mark,207
CT,M,1978,Anthony,206
CT,M,1978,Andrew,202
CT,M,1978,Paul,188
CT,M,1978,Nicholas,187
CT,M,1978,Joshua,184
CT,M,1978,Steven,177
CT,M,1978,Peter,172
CT,M,1978,Jonathan,170
CT,M,1978,Adam,164
CT,M,1978,Gregory,154
CT,M,1978,Stephen,151
CT,M,1978,Jeremy,135
CT,M,1978,Justin,135
CT,M,1978,Sean,129
CT,M,1978,Charles,121
CT,M,1978,Benjamin,118
CT,M,1978,Shawn,108
CT,M,1978,Edward,105
CT,M,1978,Keith,105
CT,M,1978,Patrick,98
CT,M,1978,Todd,97
CT,M,1978,Jose,94
CT,M,1978,Aaron,86
CT,M,1978,Marc,83
CT,M,1978,Jesse,82
CT,M,1978,Shaun,81
CT,M,1978,Bryan,73
CT,M,1978,Kenneth,73
CT,M,1978,Frank,72
CT,M,1978,George,72
CT,M,1978,Douglas,70
CT,M,1978,Erik,68
CT,M,1978,Nathan,68
CT,M,1978,Alexander,65
CT,M,1978,Philip,63
CT,M,1978,Vincent,61
CT,M,1978,Kyle,57
CT,M,1978,Luis,54
CT,M,1978,Gary,53
CT,M,1978,Samuel,51
CT,M,1978,Seth,51
CT,M,1978,Craig,50
CT,M,1978,Ronald,49
CT,M,1978,Dennis,48
CT,M,1978,Donald,47
CT,M,1978,Jared,47
CT,M,1978,Raymond,46
CT,M,1978,Antonio,44
CT,M,1978,Carlos,43
CT,M,1978,Corey,43
CT,M,1978,Jacob,42
CT,M,1978,Brendan,40
CT,M,1978,Christian,40
CT,M,1978,Brandon,39
CT,M,1978,Ian,39
CT,M,1978,Juan,39
CT,M,1978,Carl,37
CT,M,1978,Chad,37
CT,M,1978,Victor,36
CT,M,1978,Lawrence,35
CT,M,1978,Shane,35
CT,M,1978,Louis,33
CT,M,1978,Angel,32
CT,M,1978,Jamie,32
CT,M,1978,Wayne,32
CT,M,1978,Arthur,31
CT,M,1978,Derek,31
CT,M,1978,Alan,30
CT,M,1978,Travis,30
CT,M,1978,Lee,29
CT,M,1978,Brett,28
CT,M,1978,Bruce,28
CT,M,1978,Francis,28
CT,M,1978,Hector,28
CT,M,1978,Jay,28
CT,M,1978,Russell,27
CT,M,1978,Zachary,27
CT,M,1978,Henry,26
CT,M,1978,Walter,26
CT,M,1978,Joel,25
CT,M,1978,Wesley,25
CT,M,1978,Colin,24
CT,M,1978,Larry,24
CT,M,1978,Pedro,24
CT,M,1978,Geoffrey,23
CT,M,1978,Nathaniel,23
CT,M,1978,Nelson,23
CT,M,1978,Randy,23
CT,M,1978,Edwin,22
CT,M,1978,Gabriel,22
CT,M,1978,Jorge,22
CT,M,1978,Kristopher,22
CT,M,1978,Phillip,22
CT,M,1978,Frederick,21
CT,M,1978,Gerald,21
CT,M,1978,Jon,21
CT,M,1978,Julio,21
CT,M,1978,Theodore,21
CT,M,1978,Andre,20
CT,M,1978,Jaime,20
CT,M,1978,Troy,20
CT,M,1978,Albert,19
CT,M,1978,Evan,19
CT,M,1978,Luke,19
CT,M,1978,Manuel,19
CT,M,1978,Marcus,19
CT,M,1978,Neil,19
CT,M,1978,Roger,19
CT,M,1978,Terrence,19
CT,M,1978,Trevor,19
CT,M,1978,Wilfredo,19
CT,M,1978,Darren,18
CT,M,1978,Eugene,18
CT,M,1978,Allen,17
CT,M,1978,Bradley,17
CT,M,1978,Damien,17
CT,M,1978,Dustin,17
CT,M,1978,Ernest,17
CT,M,1978,Leonard,17
CT,M,1978,Lucas,17
CT,M,1978,Rafael,17
CT,M,1978,Roberto,17
CT,M,1978,Salvatore,17
CT,M,1978,Tyler,17
CT,M,1978,Adrian,16
CT,M,1978,Austin,16
CT,M,1978,Jack,16
CT,M,1978,Jerry,16
CT,M,1978,Kurt,16
CT,M,1978,Maurice,16
CT,M,1978,Ralph,16
CT,M,1978,Ricardo,16
CT,M,1978,Willie,16
CT,M,1978,Alfred,15
CT,M,1978,Angelo,15
CT,M,1978,Cory,15
CT,M,1978,Curtis,15
CT,M,1978,Damian,15
CT,M,1978,Jermaine,15
CT,M,1978,Lamar,15
CT,M,1978,Mathew,15
CT,M,1978,Norman,15
CT,M,1978,Tyrone,15
CT,M,1978,Damon,14
CT,M,1978,Dwayne,14
CT,M,1978,Felix,14
CT,M,1978,Reginald,14
CT,M,1978,Alexis,13
CT,M,1978,Brent,13
CT,M,1978,Calvin,13
CT,M,1978,Danny,13
CT,M,1978,Garrett,13
CT,M,1978,Glenn,13
CT,M,1978,Harold,13
CT,M,1978,Martin,13
CT,M,1978,Miguel,13
CT,M,1978,Tony,13
CT,M,1978,Cameron,12
CT,M,1978,Dana,12
CT,M,1978,Francisco,12
CT,M,1978,Jayson,12
CT,M,1978,Jeffery,12
CT,M,1978,Jeremiah,12
CT,M,1978,Randall,12
CT,M,1978,Barry,11
CT,M,1978,Derrick,11
CT,M,1978,Devin,11
CT,M,1978,Ethan,11
CT,M,1978,Grant,11
CT,M,1978,Gregg,11
CT,M,1978,Johnny,11
CT,M,1978,Karl,11
CT,M,1978,Morgan,11
CT,M,1978,Roy,11
CT,M,1978,Ruben,11
CT,M,1978,Terrance,11
CT,M,1978,Terry,11
CT,M,1978,Alberto,10
CT,M,1978,Alex,10
CT,M,1978,Bradford,10
CT,M,1978,Clifford,10
CT,M,1978,Darrell,10
CT,M,1978,Darryl,10
CT,M,1978,Fernando,10
CT,M,1978,Frankie,10
CT,M,1978,Harry,10
CT,M,1978,Israel,10
CT,M,1978,Jesus,10
CT,M,1978,Lamont,10
CT,M,1978,Lloyd,10
CT,M,1978,Orlando,10
CT,M,1978,Ramon,10
CT,M,1978,Ross,10
CT,M,1978,Stanley,10
CT,M,1978,Chris,9
CT,M,1978,Clinton,9
CT,M,1978,Earl,9
CT,M,1978,Giuseppe,9
CT,M,1978,Gordon,9
CT,M,1978,Ivan,9
CT,M,1978,Jamal,9
CT,M,1978,Jarrod,9
CT,M,1978,Joey,9
CT,M,1978,Julian,9
CT,M,1978,Marco,9
CT,M,1978,Mario,9
CT,M,1978,Noah,9
CT,M,1978,Omar,9
CT,M,1978,Ricky,9
CT,M,1978,Carmelo,8
CT,M,1978,Clarence,8
CT,M,1978,Efrain,8
CT,M,1978,Gerard,8
CT,M,1978,Glen,8
CT,M,1978,Ismael,8
CT,M,1978,Lance,8
CT,M,1978,Leo,8
CT,M,1978,Marvin,8
CT,M,1978,Melvin,8
CT,M,1978,Micheal,8
CT,M,1978,Noel,8
CT,M,1978,Pasquale,8
CT,M,1978,Quincy,8
CT,M,1978,Warren,8
CT,M,1978,Ben,7
CT,M,1978,Blake,7
CT,M,1978,Brendon,7
CT,M,1978,Bryant,7
CT,M,1978,Casey,7
CT,M,1978,Dean,7
CT,M,1978,Dominick,7
CT,M,1978,Dwight,7
CT,M,1978,Dylan,7
CT,M,1978,Eduardo,7
CT,M,1978,Elvis,7
CT,M,1978,Emmanuel,7
CT,M,1978,Gilbert,7
CT,M,1978,Gilberto,7
CT,M,1978,Graham,7
CT,M,1978,Greg,7
CT,M,1978,Javier,7
CT,M,1978,Jimmy,7
CT,M,1978,Jordan,7
CT,M,1978,Josue,7
CT,M,1978,Leroy,7
CT,M,1978,Lorenzo,7
CT,M,1978,Moises,7
CT,M,1978,Neal,7
CT,M,1978,Nicolas,7
CT,M,1978,Ronnie,7
CT,M,1978,Taylor,7
CT,M,1978,Tyson,7
CT,M,1978,Abraham,6
CT,M,1978,Alejandro,6
CT,M,1978,Allan,6
CT,M,1978,Antoine,6
CT,M,1978,Antwan,6
CT,M,1978,Bernard,6
CT,M,1978,Bobby,6
CT,M,1978,Carlton,6
CT,M,1978,Davon,6
CT,M,1978,Dominic,6
CT,M,1978,Drew,6
CT,M,1978,Duane,6
CT,M,1978,Eddie,6
CT,M,1978,Giovanni,6
CT,M,1978,Howard,6
CT,M,1978,Jerome,6
CT,M,1978,Joe,6
CT,M,1978,Julius,6
CT,M,1978,Kristofer,6
CT,M,1978,Kristoffer,6
CT,M,1978,Lewis,6
CT,M,1978,Marshall,6
CT,M,1978,Nick,6
CT,M,1978,Oliver,6
CT,M,1978,Reinaldo,6
CT,M,1978,Rodney,6
CT,M,1978,Rory,6
CT,M,1978,Shannon,6
CT,M,1978,Steve,6
CT,M,1978,Ted,6
CT,M,1978,Terrell,6
CT,M,1978,Vincenzo,6
CT,M,1978,Zane,6
CT,M,1978,Alfredo,5
CT,M,1978,Andres,5
CT,M,1978,Armando,5
CT,M,1978,Brad,5
CT,M,1978,Bryce,5
CT,M,1978,Byron,5
CT,M,1978,Caleb,5
CT,M,1978,Christos,5
CT,M,1978,Cody,5
CT,M,1978,Courtney,5
CT,M,1978,Daryl,5
CT,M,1978,Demetrius,5
CT,M,1978,Denis,5
CT,M,1978,Dion,5
CT,M,1978,Edgardo,5
CT,M,1978,Freddy,5
CT,M,1978,Fredrick,5
CT,M,1978,Gavin,5
CT,M,1978,Graig,5
CT,M,1978,Harvey,5
CT,M,1978,Herman,5
CT,M,1978,Isaac,5
CT,M,1978,Jarod,5
CT,M,1978,Jean,5
CT,M,1978,Johnathan,5
CT,M,1978,Jonathon,5
CT,M,1978,Kai,5
CT,M,1978,Kendall,5
CT,M,1978,Laurence,5
CT,M,1978,Leon,5
CT,M,1978,Marquis,5
CT,M,1978,Norberto,5
CT,M,1978,Owen,5
CT,M,1978,Preston,5
CT,M,1978,Ray,5
CT,M,1978,Roland,5
CT,M,1978,Rui,5
CT,M,1978,Spencer,5
CT,M,1978,Tyrell,5
CT,M,1978,Wilson,5
CT,M,1979,Michael,1072
CT,M,1979,Christopher,703
CT,M,1979,Jason,598
CT,M,1979,David,538
CT,M,1979,Matthew,468
CT,M,1979,Brian,431
CT,M,1979,Robert,421
CT,M,1979,John,419
CT,M,1979,Daniel,410
CT,M,1979,James,406
CT,M,1979,Joseph,375
CT,M,1979,William,288
CT,M,1979,Jeffrey,275
CT,M,1979,Kevin,265
CT,M,1979,Thomas,261
CT,M,1979,Joshua,249
CT,M,1979,Ryan,248
CT,M,1979,Nicholas,244
CT,M,1979,Timothy,238
CT,M,1979,Eric,231
CT,M,1979,Richard,214
CT,M,1979,Andrew,206
CT,M,1979,Scott,206
CT,M,1979,Adam,205
CT,M,1979,Anthony,201
CT,M,1979,Jonathan,200
CT,M,1979,Mark,194
CT,M,1979,Justin,189
CT,M,1979,Steven,180
CT,M,1979,Peter,169
CT,M,1979,Gregory,163
CT,M,1979,Paul,163
CT,M,1979,Stephen,159
CT,M,1979,Jeremy,152
CT,M,1979,Patrick,149
CT,M,1979,Benjamin,136
CT,M,1979,Sean,128
CT,M,1979,Charles,118
CT,M,1979,Jose,115
CT,M,1979,Kenneth,106
CT,M,1979,Aaron,99
CT,M,1979,Keith,96
CT,M,1979,Bryan,95
CT,M,1979,Shawn,90
CT,M,1979,Edward,85
CT,M,1979,Frank,79
CT,M,1979,Todd,79
CT,M,1979,Raymond,78
CT,M,1979,Jesse,77
CT,M,1979,Jared,76
CT,M,1979,Marc,73
CT,M,1979,George,72
CT,M,1979,Luis,67
CT,M,1979,Donald,65
CT,M,1979,Douglas,64
CT,M,1979,Erik,64
CT,M,1979,Gary,64
CT,M,1979,Craig,63
CT,M,1979,Ronald,55
CT,M,1979,Kyle,53
CT,M,1979,Chad,50
CT,M,1979,Nathan,50
CT,M,1979,Shaun,50
CT,M,1979,Dennis,49
CT,M,1979,Travis,48
CT,M,1979,Vincent,47
CT,M,1979,Alexander,45
CT,M,1979,Jacob,45
CT,M,1979,Jamie,45
CT,M,1979,Joel,45
CT,M,1979,Seth,43
CT,M,1979,Samuel,42
CT,M,1979,Brandon,41
CT,M,1979,Carlos,41
CT,M,1979,Christian,38
CT,M,1979,Ian,38
CT,M,1979,Juan,38
CT,M,1979,Lawrence,37
CT,M,1979,Antonio,36
CT,M,1979,Philip,36
CT,M,1979,Shane,36
CT,M,1979,Angel,35
CT,M,1979,Carl,35
CT,M,1979,Nathaniel,35
CT,M,1979,Brett,34
CT,M,1979,Derek,34
CT,M,1979,Frederick,34
CT,M,1979,Corey,33
CT,M,1979,Brendan,32
CT,M,1979,Louis,31
CT,M,1979,Randy,31
CT,M,1979,Victor,30
CT,M,1979,Wayne,30
CT,M,1979,Zachary,30
CT,M,1979,Alan,29
CT,M,1979,Andre,29
CT,M,1979,Miguel,29
CT,M,1979,Russell,29
CT,M,1979,Arthur,28
CT,M,1979,Francis,28
CT,M,1979,Wesley,28
CT,M,1979,Bruce,27
CT,M,1979,Darren,27
CT,M,1979,Evan,26
CT,M,1979,Alex,25
CT,M,1979,Colin,25
CT,M,1979,Edwin,25
CT,M,1979,Marcus,25
CT,M,1979,Gabriel,24
CT,M,1979,Geoffrey,24
CT,M,1979,Jeremiah,24
CT,M,1979,Theodore,24
CT,M,1979,Trevor,24
CT,M,1979,Phillip,23
CT,M,1979,Salvatore,23
CT,M,1979,Daryl,22
CT,M,1979,Luke,22
CT,M,1979,Martin,22
CT,M,1979,Damien,21
CT,M,1979,Derrick,21
CT,M,1979,Eugene,21
CT,M,1979,Hector,21
CT,M,1979,Kristopher,21
CT,M,1979,Mathew,21
CT,M,1979,Jay,20
CT,M,1979,Jeffery,20
CT,M,1979,Pedro,20
CT,M,1979,Glenn,19
CT,M,1979,Lee,19
CT,M,1979,Walter,19
CT,M,1979,Bradley,18
CT,M,1979,Brent,18
CT,M,1979,Curtis,18
CT,M,1979,Henry,18
CT,M,1979,Kurt,18
CT,M,1979,Leonard,18
CT,M,1979,Mario,18
CT,M,1979,Neil,18
CT,M,1979,Tyler,18
CT,M,1979,Adrian,17
CT,M,1979,Allen,17
CT,M,1979,Bobby,17
CT,M,1979,Jerome,17
CT,M,1979,Jorge,17
CT,M,1979,Lucas,17
CT,M,1979,Randall,17
CT,M,1979,Cory,16
CT,M,1979,Dean,16
CT,M,1979,Gerald,16
CT,M,1979,Jayson,16
CT,M,1979,Roger,16
CT,M,1979,Troy,16
CT,M,1979,Alexis,15
CT,M,1979,Dana,15
CT,M,1979,Darryl,15
CT,M,1979,Eddie,15
CT,M,1979,Javier,15
CT,M,1979,Jerry,15
CT,M,1979,Larry,15
CT,M,1979,Manuel,15
CT,M,1979,Marco,15
CT,M,1979,Ricardo,15
CT,M,1979,Terrance,15
CT,M,1979,Albert,14
CT,M,1979,Jack,14
CT,M,1979,Jon,14
CT,M,1979,Jordan,14
CT,M,1979,Julio,14
CT,M,1979,Maurice,14
CT,M,1979,Orlando,14
CT,M,1979,Rafael,14
CT,M,1979,Roberto,14
CT,M,1979,Tyrone,14
CT,M,1979,Allan,13
CT,M,1979,Angelo,13
CT,M,1979,Barry,13
CT,M,1979,Dale,13
CT,M,1979,Dwayne,13
CT,M,1979,Harry,13
CT,M,1979,Ismael,13
CT,M,1979,Jimmy,13
CT,M,1979,Reginald,13
CT,M,1979,Jaime,12
CT,M,1979,Lamont,12
CT,M,1979,Neal,12
CT,M,1979,Rocco,12
CT,M,1979,Willie,12
CT,M,1979,Alberto,11
CT,M,1979,Brad,11
CT,M,1979,Clifford,11
CT,M,1979,Devin,11
CT,M,1979,Devon,11
CT,M,1979,Edgar,11
CT,M,1979,Ethan,11
CT,M,1979,Francisco,11
CT,M,1979,Garrett,11
CT,M,1979,Harold,11
CT,M,1979,Jermaine,11
CT,M,1979,Karl,11
CT,M,1979,Kirk,11
CT,M,1979,Nelson,11
CT,M,1979,Oscar,11
CT,M,1979,Ross,11
CT,M,1979,Stanley,11
CT,M,1979,Terrence,11
CT,M,1979,Alfred,10
CT,M,1979,Casey,10
CT,M,1979,Emilio,10
CT,M,1979,Fernando,10
CT,M,1979,Jesus,10
CT,M,1979,Lance,10
CT,M,1979,Lewis,10
CT,M,1979,Max,10
CT,M,1979,Norman,10
CT,M,1979,Pasquale,10
CT,M,1979,Ralph,10
CT,M,1979,Ramon,10
CT,M,1979,Terry,10
CT,M,1979,Tony,10
CT,M,1979,Clinton,9
CT,M,1979,Courtney,9
CT,M,1979,Danny,9
CT,M,1979,Dustin,9
CT,M,1979,Earl,9
CT,M,1979,Eduardo,9
CT,M,1979,Efrain,9
CT,M,1979,Gilberto,9
CT,M,1979,Gregg,9
CT,M,1979,Herbert,9
CT,M,1979,Jarrod,9
CT,M,1979,Johnny,9
CT,M,1979,Julian,9
CT,M,1979,Noah,9
CT,M,1979,Noel,9
CT,M,1979,Rodney,9
CT,M,1979,Ruben,9
CT,M,1979,Steve,9
CT,M,1979,Alejandro,8
CT,M,1979,Alvin,8
CT,M,1979,Andy,8
CT,M,1979,Bernard,8
CT,M,1979,Calvin,8
CT,M,1979,Chris,8
CT,M,1979,Clayton,8
CT,M,1979,Damian,8
CT,M,1979,Dominic,8
CT,M,1979,Dominick,8
CT,M,1979,Drew,8
CT,M,1979,Ernest,8
CT,M,1979,Graham,8
CT,M,1979,Isaac,8
CT,M,1979,Ivan,8
CT,M,1979,Jamar,8
CT,M,1979,Jonathon,8
CT,M,1979,Marvin,8
CT,M,1979,Omar,8
CT,M,1979,Quentin,8
CT,M,1979,Rashad,8
CT,M,1979,Shannon,8
CT,M,1979,Wilfredo,8
CT,M,1979,Andres,7
CT,M,1979,Bradford,7
CT,M,1979,Damon,7
CT,M,1979,Dylan,7
CT,M,1979,Edgardo,7
CT,M,1979,Franklin,7
CT,M,1979,Gene,7
CT,M,1979,Gilbert,7
CT,M,1979,Grant,7
CT,M,1979,Guy,7
CT,M,1979,Heath,7
CT,M,1979,Howard,7
CT,M,1979,Jamal,7
CT,M,1979,Leslie,7
CT,M,1979,Lester,7
CT,M,1979,Marlon,7
CT,M,1979,Melvin,7
CT,M,1979,Micheal,7
CT,M,1979,Pablo,7
CT,M,1979,Ricky,7
CT,M,1979,Ronnie,7
CT,M,1979,Rory,7
CT,M,1979,Roy,7
CT,M,1979,Simon,7
CT,M,1979,Alfredo,6
CT,M,1979,Antoine,6
CT,M,1979,Bret,6
CT,M,1979,Caleb,6
CT,M,1979,Carlton,6
CT,M,1979,Carmelo,6
CT,M,1979,Cesar,6
CT,M,1979,Darnell,6
CT,M,1979,Darrell,6
CT,M,1979,Denis,6
CT,M,1979,Desmond,6
CT,M,1979,Erick,6
CT,M,1979,Felipe,6
CT,M,1979,Felix,6
CT,M,1979,Frankie,6
CT,M,1979,Gerard,6
CT,M,1979,Giuseppe,6
CT,M,1979,Glen,6
CT,M,1979,Gordon,6
CT,M,1979,Heriberto,6
CT,M,1979,Hunter,6
CT,M,1979,Israel,6
CT,M,1979,Jed,6
CT,M,1979,Jessie,6
CT,M,1979,Johnathan,6
CT,M,1979,Lamar,6
CT,M,1979,Leo,6
CT,M,1979,Leon,6
CT,M,1979,Leroy,6
CT,M,1979,Milton,6
CT,M,1979,Nicolas,6
CT,M,1979,Quinn,6
CT,M,1979,Reinaldo,6
CT,M,1979,Roland,6
CT,M,1979,Sergio,6
CT,M,1979,Taylor,6
CT,M,1979,Terrell,6
CT,M,1979,Tommy,6
CT,M,1979,Tucker,6
CT,M,1979,Tyron,6
CT,M,1979,Tyson,6
CT,M,1979,Warren,6
CT,M,1979,Abraham,5
CT,M,1979,Bryon,5
CT,M,1979,Cameron,5
CT,M,1979,Conor,5
CT,M,1979,Demetrius,5
CT,M,1979,Dion,5
CT,M,1979,Edmund,5
CT,M,1979,Elijah,5
CT,M,1979,Elliot,5
CT,M,1979,Elvis,5
CT,M,1979,Fabian,5
CT,M,1979,Floyd,5
CT,M,1979,Graig,5
CT,M,1979,Jeff,5
CT,M,1979,Jevon,5
CT,M,1979,Josiah,5
CT,M,1979,Kareem,5
CT,M,1979,Kristofer,5
CT,M,1979,Lorenzo,5
CT,M,1979,Malcolm,5
CT,M,1979,Marquis,5
CT,M,1979,Morgan,5
CT,M,1979,Nicola,5
CT,M,1979,Oliver,5
CT,M,1979,Paulo,5
CT,M,1979,Reid,5
CT,M,1979,Robin,5
CT,M,1979,Roman,5
CT,M,1979,Solomon,5
CT,M,1979,Spencer,5
CT,M,1979,Stephan,5
CT,M,1979,Terence,5
CT,M,1979,Toby,5
CT,M,1979,Tyree,5
CT,M,1979,Tyreese,5
CT,M,1980,Michael,1035
CT,M,1980,Christopher,707
CT,M,1980,Jason,581
CT,M,1980,David,557
CT,M,1980,Matthew,509
CT,M,1980,John,474
CT,M,1980,Daniel,438
CT,M,1980,Robert,420
CT,M,1980,Joseph,410
CT,M,1980,Brian,400
CT,M,1980,James,399
CT,M,1980,Eric,305
CT,M,1980,Justin,299
CT,M,1980,Ryan,286
CT,M,1980,William,275
CT,M,1980,Jeffrey,274
CT,M,1980,Thomas,274
CT,M,1980,Joshua,264
CT,M,1980,Jonathan,260
CT,M,1980,Nicholas,240
CT,M,1980,Andrew,231
CT,M,1980,Kevin,230
CT,M,1980,Timothy,220
CT,M,1980,Mark,205
CT,M,1980,Anthony,194
CT,M,1980,Scott,194
CT,M,1980,Adam,193
CT,M,1980,Richard,190
CT,M,1980,Paul,187
CT,M,1980,Steven,176
CT,M,1980,Stephen,163
CT,M,1980,Benjamin,161
CT,M,1980,Peter,156
CT,M,1980,Sean,140
CT,M,1980,Gregory,131
CT,M,1980,Jeremy,122
CT,M,1980,Patrick,115
CT,M,1980,Charles,110
CT,M,1980,Shawn,108
CT,M,1980,Aaron,97
CT,M,1980,Edward,97
CT,M,1980,Jose,97
CT,M,1980,Kenneth,95
CT,M,1980,Bryan,89
CT,M,1980,Jesse,86
CT,M,1980,Derek,76
CT,M,1980,Erik,69
CT,M,1980,Keith,68
CT,M,1980,Craig,67
CT,M,1980,Juan,67
CT,M,1980,Kyle,67
CT,M,1980,Todd,67
CT,M,1980,George,66
CT,M,1980,Nathan,66
CT,M,1980,Alexander,63
CT,M,1980,Douglas,61
CT,M,1980,Luis,60
CT,M,1980,Raymond,60
CT,M,1980,Donald,59
CT,M,1980,Marc,58
CT,M,1980,Brandon,55
CT,M,1980,Frank,55
CT,M,1980,Samuel,55
CT,M,1980,Brendan,52
CT,M,1980,Jared,52
CT,M,1980,Angel,51
CT,M,1980,Gary,51
CT,M,1980,Travis,50
CT,M,1980,Chad,48
CT,M,1980,Shaun,47
CT,M,1980,Carlos,46
CT,M,1980,Ian,46
CT,M,1980,Dennis,45
CT,M,1980,Christian,42
CT,M,1980,Corey,42
CT,M,1980,Ronald,42
CT,M,1980,Andre,41
CT,M,1980,Philip,41
CT,M,1980,Evan,39
CT,M,1980,Seth,39
CT,M,1980,Alan,38
CT,M,1980,Brett,38
CT,M,1980,Russell,38
CT,M,1980,Derrick,36
CT,M,1980,Nathaniel,36
CT,M,1980,Shane,36
CT,M,1980,Jacob,34
CT,M,1980,Geoffrey,33
CT,M,1980,Carl,32
CT,M,1980,Victor,31
CT,M,1980,Bruce,30
CT,M,1980,Vincent,30
CT,M,1980,Antonio,29
CT,M,1980,Joel,29
CT,M,1980,Hector,28
CT,M,1980,Luke,28
CT,M,1980,Wayne,28
CT,M,1980,Colin,27
CT,M,1980,Edwin,27
CT,M,1980,Lawrence,27
CT,M,1980,Karl,26
CT,M,1980,Frederick,25
CT,M,1980,Phillip,25
CT,M,1980,Randy,25
CT,M,1980,Tyler,25
CT,M,1980,Zachary,25
CT,M,1980,Albert,24
CT,M,1980,Alex,24
CT,M,1980,Arthur,24
CT,M,1980,Henry,24
CT,M,1980,Jeffery,24
CT,M,1980,Jordan,24
CT,M,1980,Kurt,24
CT,M,1980,Marcus,24
CT,M,1980,Miguel,24
CT,M,1980,Troy,24
CT,M,1980,Danny,23
CT,M,1980,Dean,23
CT,M,1980,Lee,23
CT,M,1980,Gabriel,22
CT,M,1980,Jeremiah,22
CT,M,1980,Louis,22
CT,M,1980,Roger,22
CT,M,1980,Salvatore,22
CT,M,1980,Allen,21
CT,M,1980,Cory,21
CT,M,1980,Jamie,21
CT,M,1980,Ricardo,21
CT,M,1980,Willie,21
CT,M,1980,Francis,20
CT,M,1980,Gerald,20
CT,M,1980,Javier,20
CT,M,1980,Pedro,20
CT,M,1980,Mathew,19
CT,M,1980,Maurice,19
CT,M,1980,Rafael,19
CT,M,1980,Dustin,18
CT,M,1980,Manuel,18
CT,M,1980,Mario,18
CT,M,1980,Neil,18
CT,M,1980,Theodore,18
CT,M,1980,Brad,17
CT,M,1980,Bradley,17
CT,M,1980,Brent,17
CT,M,1980,Darren,17
CT,M,1980,Dwayne,17
CT,M,1980,Garrett,17
CT,M,1980,Glenn,17
CT,M,1980,Kristopher,17
CT,M,1980,Larry,17
CT,M,1980,Leonard,17
CT,M,1980,Ernest,16
CT,M,1980,Jay,16
CT,M,1980,Jorge,16
CT,M,1980,Roy,16
CT,M,1980,Austin,15
CT,M,1980,Casey,15
CT,M,1980,Jerry,15
CT,M,1980,Johnny,15
CT,M,1980,Jon,15
CT,M,1980,Ralph,15
CT,M,1980,Tyrone,15
CT,M,1980,Alexis,14
CT,M,1980,Curtis,14
CT,M,1980,Damon,14
CT,M,1980,Dana,14
CT,M,1980,Eugene,14
CT,M,1980,Francisco,14
CT,M,1980,Jermaine,14
CT,M,1980,Lucas,14
CT,M,1980,Martin,14
CT,M,1980,Morgan,14
CT,M,1980,Roberto,14
CT,M,1980,Ross,14
CT,M,1980,Walter,14
CT,M,1980,Alberto,13
CT,M,1980,Dominic,13
CT,M,1980,Jarrod,13
CT,M,1980,Jesus,13
CT,M,1980,Julio,13
CT,M,1980,Marco,13
CT,M,1980,Mitchell,13
CT,M,1980,Ruben,13
CT,M,1980,Terrance,13
CT,M,1980,Tony,13
CT,M,1980,Trevor,13
CT,M,1980,Wesley,13
CT,M,1980,Courtney,12
CT,M,1980,Darryl,12
CT,M,1980,Daryl,12
CT,M,1980,Ethan,12
CT,M,1980,Greg,12
CT,M,1980,Omar,12
CT,M,1980,Randall,12
CT,M,1980,Raul,12
CT,M,1980,Carlton,11
CT,M,1980,Clinton,11
CT,M,1980,Fernando,11
CT,M,1980,Gerard,11
CT,M,1980,Harry,11
CT,M,1980,Isaac,11
CT,M,1980,Ivan,11
CT,M,1980,Micheal,11
CT,M,1980,Rodney,11
CT,M,1980,Bernard,10
CT,M,1980,Blake,10
CT,M,1980,Damien,10
CT,M,1980,Devin,10
CT,M,1980,Drew,10
CT,M,1980,Gregg,10
CT,M,1980,Ismael,10
CT,M,1980,Jamar,10
CT,M,1980,Nelson,10
CT,M,1980,Noel,10
CT,M,1980,Ramon,10
CT,M,1980,Stanley,10
CT,M,1980,Terrell,10
CT,M,1980,Alfred,9
CT,M,1980,Armando,9
CT,M,1980,Chris,9
CT,M,1980,Clifford,9
CT,M,1980,Devon,9
CT,M,1980,Fred,9
CT,M,1980,Harold,9
CT,M,1980,Jerome,9
CT,M,1980,Jimmy,9
CT,M,1980,Jonathon,9
CT,M,1980,Rocco,9
CT,M,1980,Wilfredo,9
CT,M,1980,Adrian,8
CT,M,1980,Calvin,8
CT,M,1980,Conor,8
CT,M,1980,Edgar,8
CT,M,1980,Eduardo,8
CT,M,1980,Gene,8
CT,M,1980,Jack,8
CT,M,1980,Leroy,8
CT,M,1980,Steve,8
CT,M,1980,Terrence,8
CT,M,1980,Allan,7
CT,M,1980,Barry,7
CT,M,1980,Bradford,7
CT,M,1980,Byron,7
CT,M,1980,Darrell,7
CT,M,1980,Dominick,7
CT,M,1980,Dylan,7
CT,M,1980,Eddie,7
CT,M,1980,Efrain,7
CT,M,1980,Emanuel,7
CT,M,1980,Erick,7
CT,M,1980,Francesco,7
CT,M,1980,Howard,7
CT,M,1980,Israel,7
CT,M,1980,Jaime,7
CT,M,1980,Josue,7
CT,M,1980,Julian,7
CT,M,1980,Lamar,7
CT,M,1980,Leon,7
CT,M,1980,Marshall,7
CT,M,1980,Neal,7
CT,M,1980,Oscar,7
CT,M,1980,Reginald,7
CT,M,1980,Reinaldo,7
CT,M,1980,Ricky,7
CT,M,1980,Roland,7
CT,M,1980,Ronnie,7
CT,M,1980,Sam,7
CT,M,1980,Spencer,7
CT,M,1980,Stuart,7
CT,M,1980,Terry,7
CT,M,1980,Tyrell,7
CT,M,1980,Billy,6
CT,M,1980,Bobby,6
CT,M,1980,Brendon,6
CT,M,1980,Carmelo,6
CT,M,1980,Cedric,6
CT,M,1980,Clarence,6
CT,M,1980,Desmond,6
CT,M,1980,Earl,6
CT,M,1980,Edgardo,6
CT,M,1980,Erich,6
CT,M,1980,Giovanni,6
CT,M,1980,Glen,6
CT,M,1980,Joey,6
CT,M,1980,Johnathan,6
CT,M,1980,Josh,6
CT,M,1980,Kareem,6
CT,M,1980,Kirk,6
CT,M,1980,Leo,6
CT,M,1980,Leslie,6
CT,M,1980,Marquis,6
CT,M,1980,Marvin,6
CT,M,1980,Noah,6
CT,M,1980,Robin,6
CT,M,1980,Santos,6
CT,M,1980,Sebastian,6
CT,M,1980,Abraham,5
CT,M,1980,Alvin,5
CT,M,1980,Angelo,5
CT,M,1980,Ari,5
CT,M,1980,Collin,5
CT,M,1980,Dale,5
CT,M,1980,Damian,5
CT,M,1980,Donnell,5
CT,M,1980,Enrique,5
CT,M,1980,Felix,5
CT,M,1980,Franklin,5
CT,M,1980,Grant,5
CT,M,1980,Guillermo,5
CT,M,1980,Heath,5
CT,M,1980,Heriberto,5
CT,M,1980,Jamaal,5
CT,M,1980,Jarod,5
CT,M,1980,Jarrett,5
CT,M,1980,Jayson,5
CT,M,1980,Jimmie,5
CT,M,1980,Julius,5
CT,M,1980,Kelly,5
CT,M,1980,Kris,5
CT,M,1980,Lance,5
CT,M,1980,Lewis,5
CT,M,1980,Liam,5
CT,M,1980,Lloyd,5
CT,M,1980,Lorenzo,5
CT,M,1980,Luigi,5
CT,M,1980,Max,5
CT,M,1980,Nestor,5
CT,M,1980,Nicolas,5
CT,M,1980,Norman,5
CT,M,1980,Pierre,5
CT,M,1980,Rashad,5
CT,M,1980,Sebastiano,5
CT,M,1980,Tyron,5
CT,M,1980,Tyson,5
CT,M,1980,Wilfred,5
CT,M,1981,Michael,1089
CT,M,1981,Christopher,666
CT,M,1981,Matthew,621
CT,M,1981,Jason,549
CT,M,1981,David,542
CT,M,1981,John,464
CT,M,1981,Robert,446
CT,M,1981,Daniel,419
CT,M,1981,James,408
CT,M,1981,Brian,381
CT,M,1981,Joseph,380
CT,M,1981,Ryan,323
CT,M,1981,Jonathan,314
CT,M,1981,Joshua,302
CT,M,1981,Thomas,297
CT,M,1981,Justin,286
CT,M,1981,Jeffrey,271
CT,M,1981,William,267
CT,M,1981,Eric,257
CT,M,1981,Kevin,246
CT,M,1981,Adam,244
CT,M,1981,Timothy,240
CT,M,1981,Richard,238
CT,M,1981,Andrew,234
CT,M,1981,Anthony,221
CT,M,1981,Nicholas,206
CT,M,1981,Mark,205
CT,M,1981,Paul,192
CT,M,1981,Scott,188
CT,M,1981,Peter,176
CT,M,1981,Steven,173
CT,M,1981,Sean,160
CT,M,1981,Stephen,160
CT,M,1981,Benjamin,153
CT,M,1981,Jesse,144
CT,M,1981,Gregory,142
CT,M,1981,Patrick,135
CT,M,1981,Jeremy,132
CT,M,1981,Edward,117
CT,M,1981,Aaron,115
CT,M,1981,Charles,110
CT,M,1981,Kenneth,104
CT,M,1981,Jose,100
CT,M,1981,Bryan,96
CT,M,1981,Keith,91
CT,M,1981,Brandon,84
CT,M,1981,Shawn,83
CT,M,1981,Alexander,72
CT,M,1981,Craig,71
CT,M,1981,Luis,71
CT,M,1981,Kyle,69
CT,M,1981,Douglas,67
CT,M,1981,Frank,67
CT,M,1981,Raymond,64
CT,M,1981,Nathan,63
CT,M,1981,Derek,62
CT,M,1981,Erik,62
CT,M,1981,Todd,62
CT,M,1981,Donald,57
CT,M,1981,Samuel,56
CT,M,1981,Brendan,53
CT,M,1981,Jared,53
CT,M,1981,Travis,49
CT,M,1981,Carlos,48
CT,M,1981,Ian,48
CT,M,1981,Brett,47
CT,M,1981,Gary,47
CT,M,1981,Marc,47
CT,M,1981,Angel,46
CT,M,1981,George,46
CT,M,1981,Shaun,44
CT,M,1981,Chad,42
CT,M,1981,Dennis,41
CT,M,1981,Joel,41
CT,M,1981,Ronald,41
CT,M,1981,Alan,39
CT,M,1981,Juan,39
CT,M,1981,Philip,39
CT,M,1981,Jacob,38
CT,M,1981,Seth,38
CT,M,1981,Zachary,36
CT,M,1981,Christian,35
CT,M,1981,Vincent,35
CT,M,1981,Andre,34
CT,M,1981,Edwin,34
CT,M,1981,Nathaniel,34
CT,M,1981,Corey,33
CT,M,1981,Lawrence,32
CT,M,1981,Miguel,32
CT,M,1981,Colin,31
CT,M,1981,Antonio,30
CT,M,1981,Jordan,30
CT,M,1981,Louis,30
CT,M,1981,Frederick,29
CT,M,1981,Jamie,29
CT,M,1981,Carl,28
CT,M,1981,Evan,28
CT,M,1981,Hector,28
CT,M,1981,Shane,28
CT,M,1981,Tyler,28
CT,M,1981,Victor,27
CT,M,1981,Arthur,26
CT,M,1981,Francis,26
CT,M,1981,Maurice,26
CT,M,1981,Russell,25
CT,M,1981,Geoffrey,24
CT,M,1981,Kurt,24
CT,M,1981,Marcus,24
CT,M,1981,Neil,24
CT,M,1981,Albert,23
CT,M,1981,Curtis,23
CT,M,1981,Garrett,23
CT,M,1981,Phillip,23
CT,M,1981,Bradley,22
CT,M,1981,Dustin,22
CT,M,1981,Randy,22
CT,M,1981,Wesley,22
CT,M,1981,Casey,21
CT,M,1981,Henry,21
CT,M,1981,Jeremiah,21
CT,M,1981,Lee,21
CT,M,1981,Mathew,21
CT,M,1981,Wayne,21
CT,M,1981,Allen,20
CT,M,1981,Gerald,20
CT,M,1981,Glenn,20
CT,M,1981,Pedro,20
CT,M,1981,Trevor,20
CT,M,1981,Luke,19
CT,M,1981,Troy,19
CT,M,1981,Alex,18
CT,M,1981,Alexis,18
CT,M,1981,Brad,18
CT,M,1981,Gabriel,18
CT,M,1981,Kristopher,18
CT,M,1981,Rafael,18
CT,M,1981,Ricardo,18
CT,M,1981,Salvatore,18
CT,M,1981,Walter,18
CT,M,1981,Danny,17
CT,M,1981,Dean,17
CT,M,1981,Jay,17
CT,M,1981,Martin,17
CT,M,1981,Roger,17
CT,M,1981,Theodore,17
CT,M,1981,Brent,16
CT,M,1981,Francisco,16
CT,M,1981,Javier,16
CT,M,1981,Jeffery,16
CT,M,1981,Jermaine,16
CT,M,1981,Jesus,16
CT,M,1981,Jon,16
CT,M,1981,Bruce,15
CT,M,1981,Derrick,15
CT,M,1981,Drew,15
CT,M,1981,Eugene,15
CT,M,1981,Julio,15
CT,M,1981,Morgan,15
CT,M,1981,Nelson,15
CT,M,1981,Ramon,15
CT,M,1981,Alfred,14
CT,M,1981,Austin,14
CT,M,1981,Barry,14
CT,M,1981,Bobby,14
CT,M,1981,Fernando,14
CT,M,1981,Jerome,14
CT,M,1981,Lucas,14
CT,M,1981,Roberto,14
CT,M,1981,Tony,14
CT,M,1981,Willie,14
CT,M,1981,Bradford,13
CT,M,1981,Clifford,13
CT,M,1981,Darren,13
CT,M,1981,Dwayne,13
CT,M,1981,Ethan,13
CT,M,1981,Harry,13
CT,M,1981,Jack,13
CT,M,1981,Jerry,13
CT,M,1981,Jorge,13
CT,M,1981,Karl,13
CT,M,1981,Mario,13
CT,M,1981,Noah,13
CT,M,1981,Omar,13
CT,M,1981,Orlando,13
CT,M,1981,Ralph,13
CT,M,1981,Terrell,13
CT,M,1981,Tyrone,13
CT,M,1981,Cory,12
CT,M,1981,Dylan,12
CT,M,1981,Ernest,12
CT,M,1981,Felix,12
CT,M,1981,Harold,12
CT,M,1981,Leon,12
CT,M,1981,Manuel,12
CT,M,1981,Reginald,12
CT,M,1981,Ricky,12
CT,M,1981,Rodney,12
CT,M,1981,Roy,12
CT,M,1981,Adrian,11
CT,M,1981,Angelo,11
CT,M,1981,Clifton,11
CT,M,1981,Grant,11
CT,M,1981,Jimmy,11
CT,M,1981,Johnny,11
CT,M,1981,Lance,11
CT,M,1981,Owen,11
CT,M,1981,Armando,10
CT,M,1981,Billy,10
CT,M,1981,Damon,10
CT,M,1981,Eddie,10
CT,M,1981,Elijah,10
CT,M,1981,Joey,10
CT,M,1981,Lamar,10
CT,M,1981,Pablo,10
CT,M,1981,Pasquale,10
CT,M,1981,Stanley,10
CT,M,1981,Terrance,10
CT,M,1981,Terrence,10
CT,M,1981,Dale,9
CT,M,1981,Devon,9
CT,M,1981,Dominic,9
CT,M,1981,Isaac,9
CT,M,1981,Jamaal,9
CT,M,1981,Jamar,9
CT,M,1981,Johnathan,9
CT,M,1981,Mitchell,9
CT,M,1981,Quincy,9
CT,M,1981,Randall,9
CT,M,1981,Raul,9
CT,M,1981,Ross,9
CT,M,1981,Ruben,9
CT,M,1981,Sergio,9
CT,M,1981,Clinton,8
CT,M,1981,Damian,8
CT,M,1981,Darryl,8
CT,M,1981,Devin,8
CT,M,1981,Edgardo,8
CT,M,1981,Efrain,8
CT,M,1981,Eli,8
CT,M,1981,Emanuel,8
CT,M,1981,Graham,8
CT,M,1981,Ivan,8
CT,M,1981,Jarrod,8
CT,M,1981,Jayson,8
CT,M,1981,Jessie,8
CT,M,1981,Joe,8
CT,M,1981,Julian,8
CT,M,1981,Marlon,8
CT,M,1981,Nicolas,8
CT,M,1981,Taylor,8
CT,M,1981,Tyron,8
CT,M,1981,Andy,7
CT,M,1981,Bernard,7
CT,M,1981,Blake,7
CT,M,1981,Branden,7
CT,M,1981,Clayton,7
CT,M,1981,Duane,7
CT,M,1981,Dwight,7
CT,M,1981,Gregg,7
CT,M,1981,Jaime,7
CT,M,1981,Jarrett,7
CT,M,1981,Jonathon,7
CT,M,1981,Leonard,7
CT,M,1981,Marquis,7
CT,M,1981,Melvin,7
CT,M,1981,Micheal,7
CT,M,1981,Ray,7
CT,M,1981,Rory,7
CT,M,1981,Tommy,7
CT,M,1981,Vincenzo,7
CT,M,1981,Wilfredo,7
CT,M,1981,Abraham,6
CT,M,1981,Alberto,6
CT,M,1981,Allan,6
CT,M,1981,Antoine,6
CT,M,1981,Ariel,6
CT,M,1981,Brenden,6
CT,M,1981,Bryon,6
CT,M,1981,Calvin,6
CT,M,1981,Chester,6
CT,M,1981,Dana,6
CT,M,1981,Darrell,6
CT,M,1981,Dominick,6
CT,M,1981,Francesco,6
CT,M,1981,Gavin,6
CT,M,1981,Giovanni,6
CT,M,1981,Gordon,6
CT,M,1981,Guy,6
CT,M,1981,Ismael,6
CT,M,1981,Jean,6
CT,M,1981,Jonah,6
CT,M,1981,Kris,6
CT,M,1981,Leonardo,6
CT,M,1981,Malcolm,6
CT,M,1981,Marcos,6
CT,M,1981,Moises,6
CT,M,1981,Nickolas,6
CT,M,1981,Noel,6
CT,M,1981,Norberto,6
CT,M,1981,Oliver,6
CT,M,1981,Shannon,6
CT,M,1981,Steve,6
CT,M,1981,Terry,6
CT,M,1981,Alfonso,5
CT,M,1981,Alvin,5
CT,M,1981,Andres,5
CT,M,1981,Arnaldo,5
CT,M,1981,Bret,5
CT,M,1981,Bryant,5
CT,M,1981,Cameron,5
CT,M,1981,Carlton,5
CT,M,1981,Cedric,5
CT,M,1981,Cesar,5
CT,M,1981,Damien,5
CT,M,1981,Edgar,5
CT,M,1981,Eduardo,5
CT,M,1981,Elliot,5
CT,M,1981,Emmanuel,5
CT,M,1981,Erick,5
CT,M,1981,Ernesto,5
CT,M,1981,Floyd,5
CT,M,1981,Forrest,5
CT,M,1981,Garry,5
CT,M,1981,Gennaro,5
CT,M,1981,Howard,5
CT,M,1981,Jimmie,5
CT,M,1981,Johnpaul,5
CT,M,1981,Kelvin,5
CT,M,1981,Kenny,5
CT,M,1981,Kristian,5
CT,M,1981,Kristofer,5
CT,M,1981,Lamont,5
CT,M,1981,Leroy,5
CT,M,1981,Levi,5
CT,M,1981,Liam,5
CT,M,1981,Lorenzo,5
CT,M,1981,Marco,5
CT,M,1981,Mike,5
CT,M,1981,Norman,5
CT,M,1981,Oscar,5
CT,M,1981,Randolph,5
CT,M,1981,Roderick,5
CT,M,1981,Roland,5
CT,M,1981,Ronnie,5
CT,M,1981,Santos,5
CT,M,1981,Sebastian,5
CT,M,1981,Shamar,5
CT,M,1981,Tyrell,5
CT,M,1982,Michael,1051
CT,M,1982,Christopher,828
CT,M,1982,Matthew,596
CT,M,1982,David,515
CT,M,1982,Jason,492
CT,M,1982,Daniel,452
CT,M,1982,James,441
CT,M,1982,Joseph,436
CT,M,1982,Robert,415
CT,M,1982,John,412
CT,M,1982,Ryan,357
CT,M,1982,Brian,344
CT,M,1982,William,323
CT,M,1982,Jonathan,312
CT,M,1982,Thomas,288
CT,M,1982,Jeffrey,283
CT,M,1982,Joshua,283
CT,M,1982,Justin,282
CT,M,1982,Andrew,280
CT,M,1982,Eric,264
CT,M,1982,Kevin,255
CT,M,1982,Adam,247
CT,M,1982,Anthony,239
CT,M,1982,Nicholas,235
CT,M,1982,Steven,226
CT,M,1982,Timothy,225
CT,M,1982,Richard,206
CT,M,1982,Mark,200
CT,M,1982,Paul,187
CT,M,1982,Scott,187
CT,M,1982,Stephen,180
CT,M,1982,Gregory,168
CT,M,1982,Benjamin,163
CT,M,1982,Sean,161
CT,M,1982,Peter,148
CT,M,1982,Patrick,136
CT,M,1982,Jeremy,123
CT,M,1982,Kyle,105
CT,M,1982,Charles,101
CT,M,1982,Jose,98
CT,M,1982,Kenneth,98
CT,M,1982,Aaron,95
CT,M,1982,Alexander,95
CT,M,1982,Jesse,92
CT,M,1982,Brandon,91
CT,M,1982,Edward,87
CT,M,1982,Shawn,80
CT,M,1982,Derek,76
CT,M,1982,Bryan,71
CT,M,1982,Craig,68
CT,M,1982,Jared,68
CT,M,1982,Todd,67
CT,M,1982,George,65
CT,M,1982,Frank,63
CT,M,1982,Travis,61
CT,M,1982,Keith,60
CT,M,1982,Raymond,59
CT,M,1982,Gary,58
CT,M,1982,Samuel,58
CT,M,1982,Carlos,57
CT,M,1982,Ian,57
CT,M,1982,Marc,57
CT,M,1982,Nathan,57
CT,M,1982,Juan,56
CT,M,1982,Erik,55
CT,M,1982,Philip,55
CT,M,1982,Dennis,54
CT,M,1982,Luis,54
CT,M,1982,Douglas,52
CT,M,1982,Donald,50
CT,M,1982,Ronald,50
CT,M,1982,Shaun,50
CT,M,1982,Brendan,49
CT,M,1982,Brett,49
CT,M,1982,Tyler,48
CT,M,1982,Jordan,47
CT,M,1982,Seth,46
CT,M,1982,Angel,45
CT,M,1982,Jacob,41
CT,M,1982,Zachary,41
CT,M,1982,Joel,40
CT,M,1982,Alan,39
CT,M,1982,Evan,39
CT,M,1982,Christian,37
CT,M,1982,Chad,36
CT,M,1982,Geoffrey,36
CT,M,1982,Corey,35
CT,M,1982,Colin,34
CT,M,1982,Edwin,34
CT,M,1982,Andre,32
CT,M,1982,Carl,31
CT,M,1982,Marcus,31
CT,M,1982,Russell,31
CT,M,1982,Louis,30
CT,M,1982,Miguel,30
CT,M,1982,Vincent,29
CT,M,1982,Walter,29
CT,M,1982,Wayne,29
CT,M,1982,Mathew,28
CT,M,1982,Alex,27
CT,M,1982,Dustin,27
CT,M,1982,Frederick,27
CT,M,1982,Henry,27
CT,M,1982,Nathaniel,26
CT,M,1982,Lawrence,25
CT,M,1982,Phillip,25
CT,M,1982,Trevor,25
CT,M,1982,Derrick,24
CT,M,1982,Hector,24
CT,M,1982,Jorge,24
CT,M,1982,Alexis,23
CT,M,1982,Antonio,23
CT,M,1982,Gerald,23
CT,M,1982,Johnny,23
CT,M,1982,Kristopher,23
CT,M,1982,Randy,22
CT,M,1982,Victor,22
CT,M,1982,Francis,21
CT,M,1982,Javier,21
CT,M,1982,Shane,21
CT,M,1982,Gabriel,20
CT,M,1982,Jeremiah,20
CT,M,1982,Jerome,20
CT,M,1982,Lee,20
CT,M,1982,Albert,19
CT,M,1982,Arthur,19
CT,M,1982,Austin,19
CT,M,1982,Bradley,19
CT,M,1982,Jamie,19
CT,M,1982,Luke,19
CT,M,1982,Neil,19
CT,M,1982,Omar,19
CT,M,1982,Theodore,19
CT,M,1982,Troy,19
CT,M,1982,Tyrone,19
CT,M,1982,Jon,18
CT,M,1982,Kurt,18
CT,M,1982,Lucas,18
CT,M,1982,Manuel,18
CT,M,1982,Mario,18
CT,M,1982,Darren,17
CT,M,1982,Dean,17
CT,M,1982,Glenn,17
CT,M,1982,Jermaine,17
CT,M,1982,Noah,17
CT,M,1982,Ricardo,17
CT,M,1982,Allen,16
CT,M,1982,Clifford,16
CT,M,1982,Cory,16
CT,M,1982,Francisco,16
CT,M,1982,Garrett,16
CT,M,1982,Jerry,16
CT,M,1982,Leonard,16
CT,M,1982,Pedro,16
CT,M,1982,Roger,16
CT,M,1982,Rory,16
CT,M,1982,Salvatore,16
CT,M,1982,Brent,15
CT,M,1982,Bruce,15
CT,M,1982,Curtis,15
CT,M,1982,Graham,15
CT,M,1982,Wesley,15
CT,M,1982,Adrian,14
CT,M,1982,Damien,14
CT,M,1982,Dominic,14
CT,M,1982,Eddie,14
CT,M,1982,Eugene,14
CT,M,1982,Harry,14
CT,M,1982,Jeffery,14
CT,M,1982,Maurice,14
CT,M,1982,Morgan,14
CT,M,1982,Rafael,14
CT,M,1982,Ross,14
CT,M,1982,Blake,13
CT,M,1982,Bradford,13
CT,M,1982,Clinton,13
CT,M,1982,Danny,13
CT,M,1982,Drew,13
CT,M,1982,Glen,13
CT,M,1982,Jay,13
CT,M,1982,Karl,13
CT,M,1982,Wilfredo,13
CT,M,1982,Willie,13
CT,M,1982,Angelo,12
CT,M,1982,Damian,12
CT,M,1982,Julian,12
CT,M,1982,Kelly,12
CT,M,1982,Lamar,12
CT,M,1982,Lance,12
CT,M,1982,Randall,12
CT,M,1982,Rodney,12
CT,M,1982,Tony,12
CT,M,1982,Andres,11
CT,M,1982,Carlton,11
CT,M,1982,Dana,11
CT,M,1982,Darrell,11
CT,M,1982,Darryl,11
CT,M,1982,Ivan,11
CT,M,1982,Jaime,11
CT,M,1982,Jesus,11
CT,M,1982,Josue,11
CT,M,1982,Julio,11
CT,M,1982,Larry,11
CT,M,1982,Nelson,11
CT,M,1982,Ramon,11
CT,M,1982,Raul,11
CT,M,1982,Taylor,11
CT,M,1982,Terrence,11
CT,M,1982,Terry,11
CT,M,1982,Calvin,10
CT,M,1982,Cameron,10
CT,M,1982,Casey,10
CT,M,1982,Ethan,10
CT,M,1982,Jarrod,10
CT,M,1982,Leon,10
CT,M,1982,Marquis,10
CT,M,1982,Micheal,10
CT,M,1982,Orlando,10
CT,M,1982,Owen,10
CT,M,1982,Reginald,10
CT,M,1982,Roberto,10
CT,M,1982,Roy,10
CT,M,1982,Alfredo,9
CT,M,1982,Daryl,9
CT,M,1982,Dylan,9
CT,M,1982,Harold,9
CT,M,1982,Martin,9
CT,M,1982,Marvin,9
CT,M,1982,Ralph,9
CT,M,1982,Ronnie,9
CT,M,1982,Spencer,9
CT,M,1982,Terrance,9
CT,M,1982,Terrell,9
CT,M,1982,Tyron,9
CT,M,1982,Armando,8
CT,M,1982,Brad,8
CT,M,1982,Devin,8
CT,M,1982,Emmanuel,8
CT,M,1982,Howard,8
CT,M,1982,Isaac,8
CT,M,1982,Jack,8
CT,M,1982,Jamaal,8
CT,M,1982,Jamal,8
CT,M,1982,Jimmy,8
CT,M,1982,Jonathon,8
CT,M,1982,Marshall,8
CT,M,1982,Mitchell,8
CT,M,1982,Ruben,8
CT,M,1982,Steve,8
CT,M,1982,Tristan,8
CT,M,1982,Abraham,7
CT,M,1982,Alberto,7
CT,M,1982,Alejandro,7
CT,M,1982,Alfred,7
CT,M,1982,Alvin,7
CT,M,1982,Ariel,7
CT,M,1982,Barry,7
CT,M,1982,Bernard,7
CT,M,1982,Brendon,7
CT,M,1982,Clifton,7
CT,M,1982,Colby,7
CT,M,1982,Dale,7
CT,M,1982,Dante,7
CT,M,1982,Devon,7
CT,M,1982,Dominick,7
CT,M,1982,Eli,7
CT,M,1982,Elliot,7
CT,M,1982,Emanuel,7
CT,M,1982,Ernest,7
CT,M,1982,Greg,7
CT,M,1982,Guy,7
CT,M,1982,Jamar,7
CT,M,1982,Marco,7
CT,M,1982,Marcos,7
CT,M,1982,Noel,7
CT,M,1982,Ricky,7
CT,M,1982,Terence,7
CT,M,1982,Allan,6
CT,M,1982,Antoine,6
CT,M,1982,Billy,6
CT,M,1982,Cody,6
CT,M,1982,Collin,6
CT,M,1982,Darnell,6
CT,M,1982,Davon,6
CT,M,1982,Efrain,6
CT,M,1982,Erin,6
CT,M,1982,Frankie,6
CT,M,1982,Gavin,6
CT,M,1982,Gerard,6
CT,M,1982,Gilbert,6
CT,M,1982,Giovanni,6
CT,M,1982,Israel,6
CT,M,1982,Johnathan,6
CT,M,1982,Kirk,6
CT,M,1982,Lorenzo,6
CT,M,1982,Melvin,6
CT,M,1982,Oliver,6
CT,M,1982,Pasquale,6
CT,M,1982,Sebastian,6
CT,M,1982,Stuart,6
CT,M,1982,Tucker,6
CT,M,1982,Tyrell,6
CT,M,1982,Vincenzo,6
CT,M,1982,Warren,6
CT,M,1982,Ari,5
CT,M,1982,Bret,5
CT,M,1982,Carmelo,5
CT,M,1982,Chaz,5
CT,M,1982,Cole,5
CT,M,1982,Conor,5
CT,M,1982,Earl,5
CT,M,1982,Edgar,5
CT,M,1982,Eduardo,5
CT,M,1982,Felix,5
CT,M,1982,Fernando,5
CT,M,1982,Gilberto,5
CT,M,1982,Guillermo,5
CT,M,1982,Herbert,5
CT,M,1982,Ismael,5
CT,M,1982,Jayson,5
CT,M,1982,Jeff,5
CT,M,1982,Jess,5
CT,M,1982,Joe,5
CT,M,1982,Johnpaul,5
CT,M,1982,Kelvin,5
CT,M,1982,Kenny,5
CT,M,1982,Kent,5
CT,M,1982,Kerry,5
CT,M,1982,Laurence,5
CT,M,1982,Leo,5
CT,M,1982,Milton,5
CT,M,1982,Nicolas,5
CT,M,1982,Norman,5
CT,M,1982,Randolph,5
CT,M,1982,Reed,5
CT,M,1982,Rocco,5
CT,M,1982,Rondell,5
CT,M,1982,Sergio,5
CT,M,1982,Stanley,5
CT,M,1982,Tommy,5
CT,M,1982,Wade,5
CT,M,1983,Michael,1069
CT,M,1983,Christopher,828
CT,M,1983,Matthew,719
CT,M,1983,David,574
CT,M,1983,Daniel,534
CT,M,1983,John,463
CT,M,1983,Jason,438
CT,M,1983,Joseph,428
CT,M,1983,Brian,421
CT,M,1983,Ryan,409
CT,M,1983,James,408
CT,M,1983,Robert,393
CT,M,1983,Justin,334
CT,M,1983,William,311
CT,M,1983,Andrew,302
CT,M,1983,Jonathan,301
CT,M,1983,Thomas,290
CT,M,1983,Jeffrey,289
CT,M,1983,Eric,282
CT,M,1983,Nicholas,278
CT,M,1983,Joshua,277
CT,M,1983,Adam,270
CT,M,1983,Anthony,243
CT,M,1983,Timothy,240
CT,M,1983,Kevin,229
CT,M,1983,Mark,227
CT,M,1983,Richard,222
CT,M,1983,Stephen,206
CT,M,1983,Steven,193
CT,M,1983,Gregory,185
CT,M,1983,Patrick,168
CT,M,1983,Sean,168
CT,M,1983,Paul,164
CT,M,1983,Peter,161
CT,M,1983,Kyle,153
CT,M,1983,Benjamin,149
CT,M,1983,Scott,146
CT,M,1983,Aaron,115
CT,M,1983,Edward,114
CT,M,1983,Jeremy,114
CT,M,1983,Brandon,108
CT,M,1983,Charles,105
CT,M,1983,Kenneth,103
CT,M,1983,Bryan,100
CT,M,1983,Jose,94
CT,M,1983,Jesse,92
CT,M,1983,Alexander,82
CT,M,1983,Craig,74
CT,M,1983,George,73
CT,M,1983,Todd,73
CT,M,1983,Shawn,72
CT,M,1983,Keith,71
CT,M,1983,Luis,66
CT,M,1983,Jared,64
CT,M,1983,Brendan,63
CT,M,1983,Zachary,63
CT,M,1983,Donald,62
CT,M,1983,Frank,61
CT,M,1983,Nathan,61
CT,M,1983,Travis,61
CT,M,1983,Douglas,57
CT,M,1983,Ian,57
CT,M,1983,Derek,56
CT,M,1983,Philip,55
CT,M,1983,Tyler,53
CT,M,1983,Evan,52
CT,M,1983,Raymond,52
CT,M,1983,Jacob,50
CT,M,1983,Erik,49
CT,M,1983,Gary,49
CT,M,1983,Samuel,49
CT,M,1983,Colin,47
CT,M,1983,Brett,45
CT,M,1983,Carlos,45
CT,M,1983,Vincent,44
CT,M,1983,Marc,43
CT,M,1983,Alan,42
CT,M,1983,Corey,42
CT,M,1983,Dennis,41
CT,M,1983,Ronald,40
CT,M,1983,Victor,39
CT,M,1983,Jordan,38
CT,M,1983,Antonio,37
CT,M,1983,Carl,36
CT,M,1983,Louis,36
CT,M,1983,Angel,35
CT,M,1983,Christian,34
CT,M,1983,Joel,34
CT,M,1983,Mathew,32
CT,M,1983,Miguel,32
CT,M,1983,Luke,31
CT,M,1983,Shane,31
CT,M,1983,Chad,30
CT,M,1983,Dustin,30
CT,M,1983,Lawrence,30
CT,M,1983,Marcus,30
CT,M,1983,Nathaniel,30
CT,M,1983,Henry,29
CT,M,1983,Seth,29
CT,M,1983,Shaun,29
CT,M,1983,Geoffrey,28
CT,M,1983,Juan,28
CT,M,1983,Alexis,27
CT,M,1983,Curtis,27
CT,M,1983,Phillip,27
CT,M,1983,Gabriel,26
CT,M,1983,Randy,26
CT,M,1983,Theodore,26
CT,M,1983,Andre,25
CT,M,1983,Hector,25
CT,M,1983,Albert,24
CT,M,1983,Alex,24
CT,M,1983,Arthur,24
CT,M,1983,Trevor,24
CT,M,1983,Bruce,23
CT,M,1983,Kristopher,23
CT,M,1983,Troy,22
CT,M,1983,Frederick,21
CT,M,1983,Jermaine,21
CT,M,1983,Maurice,21
CT,M,1983,Rafael,21
CT,M,1983,Ralph,21
CT,M,1983,Wayne,21
CT,M,1983,Wesley,21
CT,M,1983,Derrick,20
CT,M,1983,Lucas,20
CT,M,1983,Adrian,19
CT,M,1983,Edwin,19
CT,M,1983,Jamie,19
CT,M,1983,Neil,19
CT,M,1983,Ricardo,19
CT,M,1983,Roger,19
CT,M,1983,Russell,19
CT,M,1983,Walter,19
CT,M,1983,Allen,18
CT,M,1983,Austin,18
CT,M,1983,Blake,18
CT,M,1983,Ethan,18
CT,M,1983,Garrett,18
CT,M,1983,Ramon,18
CT,M,1983,Ross,18
CT,M,1983,Jeremiah,17
CT,M,1983,Roberto,17
CT,M,1983,Tony,17
CT,M,1983,Dean,16
CT,M,1983,Devin,16
CT,M,1983,Glenn,16
CT,M,1983,Jon,16
CT,M,1983,Martin,16
CT,M,1983,Terrence,16
CT,M,1983,Bobby,15
CT,M,1983,Bradley,15
CT,M,1983,Calvin,15
CT,M,1983,Francisco,15
CT,M,1983,Jack,15
CT,M,1983,Jimmy,15
CT,M,1983,Jorge,15
CT,M,1983,Leonard,15
CT,M,1983,Alberto,14
CT,M,1983,Danny,14
CT,M,1983,Jay,14
CT,M,1983,Jerome,14
CT,M,1983,Johnny,14
CT,M,1983,Noah,14
CT,M,1983,Salvatore,14
CT,M,1983,Tyrone,14
CT,M,1983,Warren,14
CT,M,1983,Angelo,13
CT,M,1983,Cameron,13
CT,M,1983,Devon,13
CT,M,1983,Ernest,13
CT,M,1983,Ricky,13
CT,M,1983,Taylor,13
CT,M,1983,Casey,12
CT,M,1983,Courtney,12
CT,M,1983,Dana,12
CT,M,1983,Francis,12
CT,M,1983,Gordon,12
CT,M,1983,Graham,12
CT,M,1983,Jamaal,12
CT,M,1983,Jerry,12
CT,M,1983,Julian,12
CT,M,1983,Karl,12
CT,M,1983,Kurt,12
CT,M,1983,Larry,12
CT,M,1983,Marco,12
CT,M,1983,Mario,12
CT,M,1983,Oscar,12
CT,M,1983,Brent,11
CT,M,1983,Clifford,11
CT,M,1983,Dominic,11
CT,M,1983,Drew,11
CT,M,1983,Dwayne,11
CT,M,1983,Manuel,11
CT,M,1983,Pedro,11
CT,M,1983,Spencer,11
CT,M,1983,Terrance,11
CT,M,1983,Bradford,10
CT,M,1983,Chase,10
CT,M,1983,Darnell,10
CT,M,1983,Dylan,10
CT,M,1983,Felix,10
CT,M,1983,Gerald,10
CT,M,1983,Harold,10
CT,M,1983,Jaime,10
CT,M,1983,Johnathan,10
CT,M,1983,Lee,10
CT,M,1983,Leon,10
CT,M,1983,Omar,10
CT,M,1983,Willie,10
CT,M,1983,Brad,9
CT,M,1983,Byron,9
CT,M,1983,Colby,9
CT,M,1983,Conor,9
CT,M,1983,Dane,9
CT,M,1983,Elliot,9
CT,M,1983,Fernando,9
CT,M,1983,Javier,9
CT,M,1983,Jesus,9
CT,M,1983,Joey,9
CT,M,1983,Lamar,9
CT,M,1983,Marquis,9
CT,M,1983,Nelson,9
CT,M,1983,Orlando,9
CT,M,1983,Tristan,9
CT,M,1983,Wilfredo,9
CT,M,1983,Antoine,8
CT,M,1983,Ashley,8
CT,M,1983,Bernard,8
CT,M,1983,Billy,8
CT,M,1983,Cory,8
CT,M,1983,Darren,8
CT,M,1983,Eugene,8
CT,M,1983,Guy,8
CT,M,1983,Howard,8
CT,M,1983,Jamar,8
CT,M,1983,Jarrod,8
CT,M,1983,Jeffery,8
CT,M,1983,Melvin,8
CT,M,1983,Micheal,8
CT,M,1983,Morgan,8
CT,M,1983,Noel,8
CT,M,1983,Pablo,8
CT,M,1983,Reginald,8
CT,M,1983,Rory,8
CT,M,1983,Sergio,8
CT,M,1983,Stanley,8
CT,M,1983,Terence,8
CT,M,1983,Xavier,8
CT,M,1983,Bret,7
CT,M,1983,Bryant,7
CT,M,1983,Dale,7
CT,M,1983,Damien,7
CT,M,1983,Darrell,7
CT,M,1983,Darryl,7
CT,M,1983,Eddie,7
CT,M,1983,Eduardo,7
CT,M,1983,Eliezer,7
CT,M,1983,Erick,7
CT,M,1983,Ernesto,7
CT,M,1983,Grant,7
CT,M,1983,Harry,7
CT,M,1983,Heriberto,7
CT,M,1983,Isaac,7
CT,M,1983,Jamal,7
CT,M,1983,Liam,7
CT,M,1983,Marvin,7
CT,M,1983,Micah,7
CT,M,1983,Nicolas,7
CT,M,1983,Rick,7
CT,M,1983,Terrell,7
CT,M,1983,Alfredo,6
CT,M,1983,Barry,6
CT,M,1983,Bryon,6
CT,M,1983,Carmelo,6
CT,M,1983,Chaz,6
CT,M,1983,Daryl,6
CT,M,1983,Elias,6
CT,M,1983,Emmanuel,6
CT,M,1983,Gilbert,6
CT,M,1983,Gilberto,6
CT,M,1983,Ivan,6
CT,M,1983,Jameson,6
CT,M,1983,Jarrett,6
CT,M,1983,Jonathon,6
CT,M,1983,Julio,6
CT,M,1983,Julius,6
CT,M,1983,Kristofer,6
CT,M,1983,Lance,6
CT,M,1983,Mike,6
CT,M,1983,Osvaldo,6
CT,M,1983,Owen,6
CT,M,1983,Randall,6
CT,M,1983,Ray,6
CT,M,1983,Roland,6
CT,M,1983,Ruben,6
CT,M,1983,Sebastian,6
CT,M,1983,Steve,6
CT,M,1983,Stuart,6
CT,M,1983,Terry,6
CT,M,1983,Vernon,6
CT,M,1983,Alfred,5
CT,M,1983,Allan,5
CT,M,1983,Alvin,5
CT,M,1983,Andreas,5
CT,M,1983,Ariel,5
CT,M,1983,Brennan,5
CT,M,1983,Bryce,5
CT,M,1983,Caleb,5
CT,M,1983,Damon,5
CT,M,1983,Desmond,5
CT,M,1983,Domenic,5
CT,M,1983,Dominick,5
CT,M,1983,Franklin,5
CT,M,1983,Fred,5
CT,M,1983,Gennaro,5
CT,M,1983,Giuseppe,5
CT,M,1983,Hunter,5
CT,M,1983,Ismael,5
CT,M,1983,Javon,5
CT,M,1983,Joe,5
CT,M,1983,Josue,5
CT,M,1983,Leo,5
CT,M,1983,Lloyd,5
CT,M,1983,Lorenzo,5
CT,M,1983,Luigi,5
CT,M,1983,Marques,5
CT,M,1983,Marshall,5
CT,M,1983,Norman,5
CT,M,1983,Paolo,5
CT,M,1983,Quentin,5
CT,M,1983,Rocco,5
CT,M,1983,Roderick,5
CT,M,1983,Rodney,5
CT,M,1983,Santos,5
CT,M,1983,Taurean,5
CT,M,1983,Tylon,5
CT,M,1983,Tyrell,5
CT,M,1983,Tyron,5
CT,M,1983,Tyshawn,5
CT,M,1983,Willis,5
CT,M,1984,Michael,1160
CT,M,1984,Christopher,808
CT,M,1984,Matthew,778
CT,M,1984,Daniel,536
CT,M,1984,David,513
CT,M,1984,John,459
CT,M,1984,Joseph,447
CT,M,1984,Robert,436
CT,M,1984,James,408
CT,M,1984,Jason,399
CT,M,1984,Ryan,388
CT,M,1984,Brian,376
CT,M,1984,William,341
CT,M,1984,Andrew,338
CT,M,1984,Justin,337
CT,M,1984,Joshua,328
CT,M,1984,Jonathan,320
CT,M,1984,Nicholas,302
CT,M,1984,Thomas,280
CT,M,1984,Jeffrey,277
CT,M,1984,Kevin,269
CT,M,1984,Anthony,265
CT,M,1984,Adam,260
CT,M,1984,Eric,251
CT,M,1984,Steven,237
CT,M,1984,Timothy,234
CT,M,1984,Stephen,232
CT,M,1984,Richard,222
CT,M,1984,Mark,207
CT,M,1984,Sean,191
CT,M,1984,Patrick,180
CT,M,1984,Paul,179
CT,M,1984,Gregory,171
CT,M,1984,Benjamin,160
CT,M,1984,Peter,159
CT,M,1984,Scott,159
CT,M,1984,Kyle,154
CT,M,1984,Brandon,124
CT,M,1984,Charles,123
CT,M,1984,Alexander,113
CT,M,1984,Jose,112
CT,M,1984,Aaron,103
CT,M,1984,Edward,96
CT,M,1984,Bryan,94
CT,M,1984,Jeremy,88
CT,M,1984,Jesse,85
CT,M,1984,Nathan,85
CT,M,1984,Kenneth,84
CT,M,1984,Keith,75
CT,M,1984,Samuel,72
CT,M,1984,Tyler,72
CT,M,1984,Zachary,72
CT,M,1984,Ian,70
CT,M,1984,Derek,68
CT,M,1984,Brendan,67
CT,M,1984,Craig,66
CT,M,1984,Frank,62
CT,M,1984,Travis,61
CT,M,1984,Luis,60
CT,M,1984,George,59
CT,M,1984,Colin,57
CT,M,1984,Jacob,57
CT,M,1984,Shawn,57
CT,M,1984,Gary,56
CT,M,1984,Marc,56
CT,M,1984,Jared,53
CT,M,1984,Evan,52
CT,M,1984,Erik,51
CT,M,1984,Donald,49
CT,M,1984,Douglas,49
CT,M,1984,Todd,49
CT,M,1984,Angel,48
CT,M,1984,Brett,47
CT,M,1984,Philip,47
CT,M,1984,Vincent,47
CT,M,1984,Marcus,46
CT,M,1984,Raymond,46
CT,M,1984,Juan,45
CT,M,1984,Corey,44
CT,M,1984,Jordan,43
CT,M,1984,Chad,41
CT,M,1984,Nathaniel,41
CT,M,1984,Seth,38
CT,M,1984,Miguel,37
CT,M,1984,Ronald,37
CT,M,1984,Andre,36
CT,M,1984,Joel,35
CT,M,1984,Dennis,34
CT,M,1984,Shane,34
CT,M,1984,Alex,33
CT,M,1984,Hector,33
CT,M,1984,Carlos,32
CT,M,1984,Alan,30
CT,M,1984,Frederick,30
CT,M,1984,Gabriel,30
CT,M,1984,Mathew,30
CT,M,1984,Shaun,30
CT,M,1984,Dustin,29
CT,M,1984,Carl,28
CT,M,1984,Edwin,28
CT,M,1984,Louis,28
CT,M,1984,Christian,27
CT,M,1984,Antonio,26
CT,M,1984,Derrick,26
CT,M,1984,Bruce,25
CT,M,1984,Roberto,25
CT,M,1984,Russell,25
CT,M,1984,Luke,24
CT,M,1984,Phillip,23
CT,M,1984,Trevor,23
CT,M,1984,Brent,22
CT,M,1984,Devin,22
CT,M,1984,Lawrence,22
CT,M,1984,Rafael,22
CT,M,1984,Randy,22
CT,M,1984,Curtis,21
CT,M,1984,Dean,21
CT,M,1984,Ross,21
CT,M,1984,Troy,21
CT,M,1984,Austin,20
CT,M,1984,Francis,20
CT,M,1984,Henry,20
CT,M,1984,Lucas,20
CT,M,1984,Wesley,20
CT,M,1984,Adrian,19
CT,M,1984,Devon,19
CT,M,1984,Drew,19
CT,M,1984,Geoffrey,19
CT,M,1984,Jay,19
CT,M,1984,Jerome,19
CT,M,1984,Martin,19
CT,M,1984,Pedro,19
CT,M,1984,Theodore,19
CT,M,1984,Wayne,19
CT,M,1984,Alexis,18
CT,M,1984,Garrett,18
CT,M,1984,Jimmy,18
CT,M,1984,Manuel,18
CT,M,1984,Victor,18
CT,M,1984,Cory,17
CT,M,1984,Jamie,17
CT,M,1984,Kurt,17
CT,M,1984,Larry,17
CT,M,1984,Lee,17
CT,M,1984,Marquis,17
CT,M,1984,Tony,17
CT,M,1984,Casey,16
CT,M,1984,Leonard,16
CT,M,1984,Mitchell,16
CT,M,1984,Roger,16
CT,M,1984,Arthur,15
CT,M,1984,Blake,15
CT,M,1984,Emmanuel,15
CT,M,1984,Eugene,15
CT,M,1984,Javier,15
CT,M,1984,Jeremiah,15
CT,M,1984,Jorge,15
CT,M,1984,Kristopher,15
CT,M,1984,Neil,15
CT,M,1984,Noah,15
CT,M,1984,Randall,15
CT,M,1984,Taylor,15
CT,M,1984,Terrell,15
CT,M,1984,Tyrone,15
CT,M,1984,Bradley,14
CT,M,1984,Danny,14
CT,M,1984,Dylan,14
CT,M,1984,Ernest,14
CT,M,1984,Ethan,14
CT,M,1984,Jon,14
CT,M,1984,Mario,14
CT,M,1984,Ricardo,14
CT,M,1984,Rodney,14
CT,M,1984,Roy,14
CT,M,1984,Walter,14
CT,M,1984,Albert,13
CT,M,1984,Allen,13
CT,M,1984,Darryl,13
CT,M,1984,Dwayne,13
CT,M,1984,Jeffery,13
CT,M,1984,Omar,13
CT,M,1984,Fernando,12
CT,M,1984,Gerald,12
CT,M,1984,Jermaine,12
CT,M,1984,Jerry,12
CT,M,1984,Jesus,12
CT,M,1984,Johnny,12
CT,M,1984,Karl,12
CT,M,1984,Maurice,12
CT,M,1984,Ricky,12
CT,M,1984,Ronnie,12
CT,M,1984,Terry,12
CT,M,1984,Alfred,11
CT,M,1984,Angelo,11
CT,M,1984,Calvin,11
CT,M,1984,Chase,11
CT,M,1984,Dale,11
CT,M,1984,Darren,11
CT,M,1984,Glenn,11
CT,M,1984,Grant,11
CT,M,1984,Isaac,11
CT,M,1984,Jonathon,11
CT,M,1984,Lance,11
CT,M,1984,Ralph,11
CT,M,1984,Rory,11
CT,M,1984,Spencer,11
CT,M,1984,Barry,10
CT,M,1984,Byron,10
CT,M,1984,Conor,10
CT,M,1984,Dana,10
CT,M,1984,Francisco,10
CT,M,1984,Glen,10
CT,M,1984,Jack,10
CT,M,1984,Jamar,10
CT,M,1984,Logan,10
CT,M,1984,Lorenzo,10
CT,M,1984,Nelson,10
CT,M,1984,Noel,10
CT,M,1984,Ramon,10
CT,M,1984,Stuart,10
CT,M,1984,Terrance,10
CT,M,1984,Warren,10
CT,M,1984,Willie,10
CT,M,1984,Bernard,9
CT,M,1984,Cody,9
CT,M,1984,Dominic,9
CT,M,1984,Elias,9
CT,M,1984,Erick,9
CT,M,1984,Felix,9
CT,M,1984,Jaime,9
CT,M,1984,Julio,9
CT,M,1984,Marco,9
CT,M,1984,Marvin,9
CT,M,1984,Orlando,9
CT,M,1984,Terrence,9
CT,M,1984,Allan,8
CT,M,1984,Alvin,8
CT,M,1984,Brad,8
CT,M,1984,Brenton,8
CT,M,1984,Bryant,8
CT,M,1984,Caleb,8
CT,M,1984,Clayton,8
CT,M,1984,Clinton,8
CT,M,1984,Dane,8
CT,M,1984,Edgar,8
CT,M,1984,Eduardo,8
CT,M,1984,Gordon,8
CT,M,1984,Howard,8
CT,M,1984,Javon,8
CT,M,1984,Jessie,8
CT,M,1984,Johnathan,8
CT,M,1984,Josue,8
CT,M,1984,Melvin,8
CT,M,1984,Oliver,8
CT,M,1984,Salvatore,8
CT,M,1984,Stanley,8
CT,M,1984,Terence,8
CT,M,1984,Abraham,7
CT,M,1984,Akeem,7
CT,M,1984,Alberto,7
CT,M,1984,Alec,7
CT,M,1984,Bobby,7
CT,M,1984,Charlie,7
CT,M,1984,Clifford,7
CT,M,1984,Colby,7
CT,M,1984,Cole,7
CT,M,1984,Damian,7
CT,M,1984,Eddie,7
CT,M,1984,Eli,7
CT,M,1984,Elliott,7
CT,M,1984,Emanuel,7
CT,M,1984,Felipe,7
CT,M,1984,Graham,7
CT,M,1984,Guy,7
CT,M,1984,Harry,7
CT,M,1984,Israel,7
CT,M,1984,Jamaal,7
CT,M,1984,Julian,7
CT,M,1984,Liam,7
CT,M,1984,Lionel,7
CT,M,1984,Marques,7
CT,M,1984,Micheal,7
CT,M,1984,Miles,7
CT,M,1984,Neal,7
CT,M,1984,Nicolas,7
CT,M,1984,Reginald,7
CT,M,1984,Sergio,7
CT,M,1984,Stefan,7
CT,M,1984,Tomas,7
CT,M,1984,Tommy,7
CT,M,1984,Tyrell,7
CT,M,1984,Billy,6
CT,M,1984,Bradford,6
CT,M,1984,Cameron,6
CT,M,1984,Chris,6
CT,M,1984,Collin,6
CT,M,1984,Darnell,6
CT,M,1984,Daryl,6
CT,M,1984,Dominick,6
CT,M,1984,Duncan,6
CT,M,1984,Earl,6
CT,M,1984,Efrain,6
CT,M,1984,Gavin,6
CT,M,1984,Gene,6
CT,M,1984,Gilbert,6
CT,M,1984,Gilberto,6
CT,M,1984,Greg,6
CT,M,1984,Ivan,6
CT,M,1984,Jake,6
CT,M,1984,Jameson,6
CT,M,1984,Jessica,6
CT,M,1984,Julius,6
CT,M,1984,Kenny,6
CT,M,1984,Kieran,6
CT,M,1984,Lamar,6
CT,M,1984,Leonardo,6
CT,M,1984,Lewis,6
CT,M,1984,Max,6
CT,M,1984,Maxwell,6
CT,M,1984,Raheem,6
CT,M,1984,Ray,6
CT,M,1984,Reed,6
CT,M,1984,Ruben,6
CT,M,1984,Stephan,6
CT,M,1984,Steve,6
CT,M,1984,Wilfredo,6
CT,M,1984,Xavier,6
CT,M,1984,Alfredo,5
CT,M,1984,Andres,5
CT,M,1984,Antoine,5
CT,M,1984,Branden,5
CT,M,1984,Brendon,5
CT,M,1984,Bryce,5
CT,M,1984,Carmelo,5
CT,M,1984,Courtney,5
CT,M,1984,Damien,5
CT,M,1984,Damon,5
CT,M,1984,Darrell,5
CT,M,1984,Davon,5
CT,M,1984,Derick,5
CT,M,1984,Edmund,5
CT,M,1984,Ellis,5
CT,M,1984,Franklin,5
CT,M,1984,Fred,5
CT,M,1984,Gregg,5
CT,M,1984,Heriberto,5
CT,M,1984,Ismael,5
CT,M,1984,Jennifer,5
CT,M,1984,Johnnie,5
CT,M,1984,Leon,5
CT,M,1984,Leroy,5
CT,M,1984,Marlon,5
CT,M,1984,Marquise,5
CT,M,1984,Marshall,5
CT,M,1984,Norman,5
CT,M,1984,Pablo,5
CT,M,1984,Pierre,5
CT,M,1984,Rickey,5
CT,M,1984,Sam,5
CT,M,1984,Tremaine,5
CT,M,1984,Tristan,5
CT,M,1984,Vincenzo,5
CT,M,1985,Michael,1100
CT,M,1985,Christopher,867
CT,M,1985,Matthew,719
CT,M,1985,Daniel,615
CT,M,1985,David,569
CT,M,1985,Robert,469
CT,M,1985,John,449
CT,M,1985,James,418
CT,M,1985,Joseph,407
CT,M,1985,Ryan,394
CT,M,1985,Brian,376
CT,M,1985,Andrew,374
CT,M,1985,Joshua,344
CT,M,1985,Jason,334
CT,M,1985,William,327
CT,M,1985,Thomas,321
CT,M,1985,Jonathan,317
CT,M,1985,Anthony,304
CT,M,1985,Nicholas,293
CT,M,1985,Timothy,281
CT,M,1985,Eric,280
CT,M,1985,Justin,280
CT,M,1985,Kevin,280
CT,M,1985,Steven,262
CT,M,1985,Jeffrey,255
CT,M,1985,Adam,220
CT,M,1985,Stephen,218
CT,M,1985,Richard,217
CT,M,1985,Mark,208
CT,M,1985,Kyle,207
CT,M,1985,Patrick,207
CT,M,1985,Sean,205
CT,M,1985,Benjamin,178
CT,M,1985,Gregory,178
CT,M,1985,Paul,177
CT,M,1985,Peter,165
CT,M,1985,Alexander,158
CT,M,1985,Scott,157
CT,M,1985,Brandon,143
CT,M,1985,Charles,127
CT,M,1985,Zachary,118
CT,M,1985,Jeremy,112
CT,M,1985,Bryan,110
CT,M,1985,Aaron,107
CT,M,1985,Jose,102
CT,M,1985,Edward,100
CT,M,1985,Kenneth,95
CT,M,1985,Tyler,94
CT,M,1985,Jesse,90
CT,M,1985,Luis,89
CT,M,1985,Shawn,87
CT,M,1985,Keith,76
CT,M,1985,Derek,72
CT,M,1985,Raymond,70
CT,M,1985,Brett,69
CT,M,1985,Jordan,65
CT,M,1985,Nathan,65
CT,M,1985,Ian,63
CT,M,1985,Douglas,59
CT,M,1985,Samuel,59
CT,M,1985,Brendan,58
CT,M,1985,Jared,58
CT,M,1985,George,57
CT,M,1985,Vincent,57
CT,M,1985,Frank,56
CT,M,1985,Craig,55
CT,M,1985,Corey,54
CT,M,1985,Philip,54
CT,M,1985,Marc,53
CT,M,1985,Dennis,52
CT,M,1985,Travis,51
CT,M,1985,Carlos,50
CT,M,1985,Donald,50
CT,M,1985,Gary,50
CT,M,1985,Todd,49
CT,M,1985,Angel,48
CT,M,1985,Louis,48
CT,M,1985,Ronald,47
CT,M,1985,Alex,44
CT,M,1985,Shane,44
CT,M,1985,Jacob,43
CT,M,1985,Joel,43
CT,M,1985,Alan,42
CT,M,1985,Erik,42
CT,M,1985,Evan,42
CT,M,1985,Seth,41
CT,M,1985,Juan,40
CT,M,1985,Chad,38
CT,M,1985,Christian,38
CT,M,1985,Colin,37
CT,M,1985,Marcus,36
CT,M,1985,Dustin,35
CT,M,1985,Miguel,35
CT,M,1985,Victor,35
CT,M,1985,Andre,34
CT,M,1985,Antonio,34
CT,M,1985,Edwin,34
CT,M,1985,Phillip,34
CT,M,1985,Theodore,34
CT,M,1985,Trevor,33
CT,M,1985,Russell,32
CT,M,1985,Bruce,31
CT,M,1985,Lawrence,31
CT,M,1985,Mathew,31
CT,M,1985,Jorge,30
CT,M,1985,Garrett,29
CT,M,1985,Geoffrey,29
CT,M,1985,Lee,29
CT,M,1985,Luke,29
CT,M,1985,Nathaniel,29
CT,M,1985,Francis,28
CT,M,1985,Gabriel,28
CT,M,1985,Hector,28
CT,M,1985,Alexis,27
CT,M,1985,Ross,26
CT,M,1985,Shaun,25
CT,M,1985,Johnathan,24
CT,M,1985,Nelson,24
CT,M,1985,Carl,23
CT,M,1985,Casey,23
CT,M,1985,Manuel,23
CT,M,1985,Maurice,23
CT,M,1985,Randy,23
CT,M,1985,Frederick,22
CT,M,1985,Randall,22
CT,M,1985,Taylor,22
CT,M,1985,Bradley,21
CT,M,1985,Clifford,21
CT,M,1985,Jay,21
CT,M,1985,Mario,21
CT,M,1985,Mitchell,21
CT,M,1985,Roger,21
CT,M,1985,Wesley,21
CT,M,1985,Allen,20
CT,M,1985,Arthur,20
CT,M,1985,Derrick,20
CT,M,1985,Dylan,20
CT,M,1985,Gerald,20
CT,M,1985,Henry,20
CT,M,1985,Jamie,20
CT,M,1985,Neil,20
CT,M,1985,Wayne,20
CT,M,1985,Devin,19
CT,M,1985,Rafael,19
CT,M,1985,Terrance,19
CT,M,1985,Adrian,18
CT,M,1985,Brent,18
CT,M,1985,Cory,18
CT,M,1985,Danny,18
CT,M,1985,Dominic,18
CT,M,1985,Lucas,18
CT,M,1985,Pedro,18
CT,M,1985,Angelo,17
CT,M,1985,Drew,17
CT,M,1985,Julian,17
CT,M,1985,Karl,17
CT,M,1985,Martin,17
CT,M,1985,Ricardo,17
CT,M,1985,Warren,17
CT,M,1985,Curtis,16
CT,M,1985,Dale,16
CT,M,1985,Jeffery,16
CT,M,1985,Ralph,16
CT,M,1985,Stanley,16
CT,M,1985,Troy,16
CT,M,1985,Cody,15
CT,M,1985,Jerry,15
CT,M,1985,Lance,15
CT,M,1985,Omar,15
CT,M,1985,Ruben,15
CT,M,1985,Brendon,14
CT,M,1985,Darren,14
CT,M,1985,Francisco,14
CT,M,1985,Javier,14
CT,M,1985,Jerome,14
CT,M,1985,Jonathon,14
CT,M,1985,Kurt,14
CT,M,1985,Max,14
CT,M,1985,Roberto,14
CT,M,1985,Tony,14
CT,M,1985,Tyrell,14
CT,M,1985,Albert,13
CT,M,1985,Austin,13
CT,M,1985,Darryl,13
CT,M,1985,Dean,13
CT,M,1985,Noah,13
CT,M,1985,Andres,12
CT,M,1985,Jake,12
CT,M,1985,Jeremiah,12
CT,M,1985,Jesus,12
CT,M,1985,Jon,12
CT,M,1985,Leonard,12
CT,M,1985,Melvin,12
CT,M,1985,Micheal,12
CT,M,1985,Owen,12
CT,M,1985,Salvatore,12
CT,M,1985,Sebastian,12
CT,M,1985,Terrence,12
CT,M,1985,Walter,12
CT,M,1985,Wilfredo,12
CT,M,1985,Xavier,12
CT,M,1985,Clinton,11
CT,M,1985,Ethan,11
CT,M,1985,Howard,11
CT,M,1985,Isaac,11
CT,M,1985,Jameson,11
CT,M,1985,Jermaine,11
CT,M,1985,Julio,11
CT,M,1985,Kristopher,11
CT,M,1985,Marquis,11
CT,M,1985,Marvin,11
CT,M,1985,Rory,11
CT,M,1985,Spencer,11
CT,M,1985,Tristan,11
CT,M,1985,Alfred,10
CT,M,1985,Barry,10
CT,M,1985,Bradford,10
CT,M,1985,Calvin,10
CT,M,1985,Dane,10
CT,M,1985,Efrain,10
CT,M,1985,Fernando,10
CT,M,1985,Glenn,10
CT,M,1985,Harold,10
CT,M,1985,Harry,10
CT,M,1985,Jamar,10
CT,M,1985,Lamar,10
CT,M,1985,Morgan,10
CT,M,1985,Orlando,10
CT,M,1985,Rocco,10
CT,M,1985,Roy,10
CT,M,1985,Willie,10
CT,M,1985,Blake,9
CT,M,1985,Brad,9
CT,M,1985,Bryce,9
CT,M,1985,Cameron,9
CT,M,1985,Chris,9
CT,M,1985,Darnell,9
CT,M,1985,Darrell,9
CT,M,1985,Devon,9
CT,M,1985,Emanuel,9
CT,M,1985,Eugene,9
CT,M,1985,Graham,9
CT,M,1985,Grant,9
CT,M,1985,Jayson,9
CT,M,1985,Jimmy,9
CT,M,1985,Johnny,9
CT,M,1985,Noel,9
CT,M,1985,Raul,9
CT,M,1985,Ricky,9
CT,M,1985,Ronnie,9
CT,M,1985,Tyrone,9
CT,M,1985,Ari,8
CT,M,1985,Armand,8
CT,M,1985,Bobby,8
CT,M,1985,Caleb,8
CT,M,1985,Clayton,8
CT,M,1985,Daryl,8
CT,M,1985,Dimitrios,8
CT,M,1985,Eduardo,8
CT,M,1985,Franklin,8
CT,M,1985,Gordon,8
CT,M,1985,Jack,8
CT,M,1985,Maxwell,8
CT,M,1985,Oliver,8
CT,M,1985,Reginald,8
CT,M,1985,Sergio,8
CT,M,1985,Terrell,8
CT,M,1985,Wilson,8
CT,M,1985,Alejandro,7
CT,M,1985,Alfredo,7
CT,M,1985,Allan,7
CT,M,1985,Ariel,7
CT,M,1985,Branden,7
CT,M,1985,Chase,7
CT,M,1985,Chaz,7
CT,M,1985,Dominick,7
CT,M,1985,Emmanuel,7
CT,M,1985,Enrique,7
CT,M,1985,Erick,7
CT,M,1985,Felix,7
CT,M,1985,Greg,7
CT,M,1985,Ivan,7
CT,M,1985,Joe,7
CT,M,1985,Josue,7
CT,M,1985,Kareem,7
CT,M,1985,Kenny,7
CT,M,1985,Larry,7
CT,M,1985,Leon,7
CT,M,1985,Logan,7
CT,M,1985,Nolan,7
CT,M,1985,Norman,7
CT,M,1985,Parker,7
CT,M,1985,Ramon,7
CT,M,1985,Steve,7
CT,M,1985,Stuart,7
CT,M,1985,Tyshawn,7
CT,M,1985,Bret,6
CT,M,1985,Cesar,6
CT,M,1985,Clifton,6
CT,M,1985,Collin,6
CT,M,1985,Dante,6
CT,M,1985,Dave,6
CT,M,1985,Dwayne,6
CT,M,1985,Eddie,6
CT,M,1985,Erich,6
CT,M,1985,Gilberto,6
CT,M,1985,Glen,6
CT,M,1985,Isaiah,6
CT,M,1985,Israel,6
CT,M,1985,Jaime,6
CT,M,1985,Jamal,6
CT,M,1985,Jamel,6
CT,M,1985,Jessie,6
CT,M,1985,Kendall,6
CT,M,1985,Kirk,6
CT,M,1985,Marshall,6
CT,M,1985,Rodney,6
CT,M,1985,Stefan,6
CT,M,1985,Terry,6
CT,M,1985,Tommy,6
CT,M,1985,Alberto,5
CT,M,1985,Alessandro,5
CT,M,1985,Ali,5
CT,M,1985,Alvin,5
CT,M,1985,Antoine,5
CT,M,1985,Baby,5
CT,M,1985,Bernard,5
CT,M,1985,Billy,5
CT,M,1985,Brennan,5
CT,M,1985,Brenton,5
CT,M,1985,Colby,5
CT,M,1985,Conor,5
CT,M,1985,Earl,5
CT,M,1985,Edmund,5
CT,M,1985,Elliot,5
CT,M,1985,Elliott,5
CT,M,1985,Elvis,5
CT,M,1985,Freddie,5
CT,M,1985,Gavin,5
CT,M,1985,Gene,5
CT,M,1985,Giovanni,5
CT,M,1985,Griffin,5
CT,M,1985,Heriberto,5
CT,M,1985,Jamaal,5
CT,M,1985,Javon,5
CT,M,1985,Kristian,5
CT,M,1985,Kristofer,5
CT,M,1985,Liam,5
CT,M,1985,Lionel,5
CT,M,1985,Moises,5
CT,M,1985,Nicolas,5
CT,M,1985,Pasquale,5
CT,M,1985,Reinaldo,5
CT,M,1985,Rene,5
CT,M,1985,Roland,5
CT,M,1985,Rudolph,5
CT,M,1985,Stephan,5
CT,M,1985,Trevon,5
CT,M,1985,Tyron,5
CT,M,1986,Michael,1154
CT,M,1986,Christopher,774
CT,M,1986,Matthew,726
CT,M,1986,Daniel,649
CT,M,1986,David,526
CT,M,1986,John,482
CT,M,1986,Joseph,447
CT,M,1986,Andrew,444
CT,M,1986,Robert,443
CT,M,1986,Ryan,421
CT,M,1986,James,394
CT,M,1986,Brian,342
CT,M,1986,William,342
CT,M,1986,Jonathan,339
CT,M,1986,Kevin,336
CT,M,1986,Joshua,332
CT,M,1986,Anthony,330
CT,M,1986,Jason,326
CT,M,1986,Nicholas,315
CT,M,1986,Thomas,307
CT,M,1986,Kyle,292
CT,M,1986,Eric,287
CT,M,1986,Justin,271
CT,M,1986,Timothy,263
CT,M,1986,Jeffrey,258
CT,M,1986,Steven,243
CT,M,1986,Stephen,233
CT,M,1986,Richard,226
CT,M,1986,Adam,221
CT,M,1986,Sean,219
CT,M,1986,Alexander,214
CT,M,1986,Gregory,196
CT,M,1986,Patrick,190
CT,M,1986,Mark,188
CT,M,1986,Benjamin,176
CT,M,1986,Paul,164
CT,M,1986,Scott,163
CT,M,1986,Peter,153
CT,M,1986,Jeremy,149
CT,M,1986,Brandon,146
CT,M,1986,Bryan,118
CT,M,1986,Tyler,114
CT,M,1986,Zachary,114
CT,M,1986,Charles,112
CT,M,1986,Jose,107
CT,M,1986,Edward,104
CT,M,1986,Aaron,100
CT,M,1986,Jesse,95
CT,M,1986,Shawn,92
CT,M,1986,Samuel,83
CT,M,1986,Ian,82
CT,M,1986,Kenneth,81
CT,M,1986,Jacob,79
CT,M,1986,Luis,78
CT,M,1986,Keith,72
CT,M,1986,Brendan,69
CT,M,1986,Jordan,69
CT,M,1986,Derek,67
CT,M,1986,Nathan,67
CT,M,1986,Raymond,67
CT,M,1986,Craig,66
CT,M,1986,George,64
CT,M,1986,Donald,63
CT,M,1986,Frank,63
CT,M,1986,Douglas,60
CT,M,1986,Evan,60
CT,M,1986,Marc,60
CT,M,1986,Ronald,59
CT,M,1986,Travis,58
CT,M,1986,Brett,56
CT,M,1986,Corey,56
CT,M,1986,Shane,54
CT,M,1986,Christian,51
CT,M,1986,Angel,50
CT,M,1986,Carlos,50
CT,M,1986,Colin,49
CT,M,1986,Jared,49
CT,M,1986,Philip,49
CT,M,1986,Vincent,49
CT,M,1986,Alex,47
CT,M,1986,Dustin,42
CT,M,1986,Joel,42
CT,M,1986,Todd,42
CT,M,1986,Victor,41
CT,M,1986,Dennis,39
CT,M,1986,Erik,39
CT,M,1986,Gary,39
CT,M,1986,Louis,39
CT,M,1986,Seth,39
CT,M,1986,Andre,38
CT,M,1986,Nathaniel,38
CT,M,1986,Alan,37
CT,M,1986,Chad,36
CT,M,1986,Phillip,36
CT,M,1986,Luke,35
CT,M,1986,Mathew,33
CT,M,1986,Juan,32
CT,M,1986,Antonio,31
CT,M,1986,Edwin,31
CT,M,1986,Cory,29
CT,M,1986,Derrick,29
CT,M,1986,Marcus,29
CT,M,1986,Shaun,29
CT,M,1986,Trevor,29
CT,M,1986,Ross,28
CT,M,1986,Dylan,27
CT,M,1986,Martin,27
CT,M,1986,Russell,27
CT,M,1986,Alexis,26
CT,M,1986,Bradley,26
CT,M,1986,Bruce,26
CT,M,1986,Francis,26
CT,M,1986,Theodore,26
CT,M,1986,Walter,26
CT,M,1986,Wesley,26
CT,M,1986,Casey,25
CT,M,1986,Geoffrey,25
CT,M,1986,Henry,25
CT,M,1986,Wayne,25
CT,M,1986,Austin,24
CT,M,1986,Frederick,24
CT,M,1986,Garrett,24
CT,M,1986,Allen,23
CT,M,1986,Devin,23
CT,M,1986,Curtis,22
CT,M,1986,Hector,22
CT,M,1986,Brent,21
CT,M,1986,Devon,21
CT,M,1986,Jamie,21
CT,M,1986,Jay,21
CT,M,1986,Taylor,21
CT,M,1986,Gabriel,20
CT,M,1986,Gerald,20
CT,M,1986,Troy,20
CT,M,1986,Dean,19
CT,M,1986,Julian,19
CT,M,1986,Kristopher,19
CT,M,1986,Kurt,19
CT,M,1986,Lee,19
CT,M,1986,Randy,19
CT,M,1986,Ricardo,19
CT,M,1986,Spencer,19
CT,M,1986,Tyrone,19
CT,M,1986,Albert,18
CT,M,1986,Jorge,18
CT,M,1986,Lawrence,18
CT,M,1986,Miguel,18
CT,M,1986,Neil,18
CT,M,1986,Carl,17
CT,M,1986,Jeffery,17
CT,M,1986,Jeremiah,17
CT,M,1986,Nicolas,17
CT,M,1986,Orlando,17
CT,M,1986,Arthur,16
CT,M,1986,Danny,16
CT,M,1986,Darren,16
CT,M,1986,Jerome,16
CT,M,1986,Jonathon,16
CT,M,1986,Julio,16
CT,M,1986,Larry,16
CT,M,1986,Maxwell,16
CT,M,1986,Mitchell,16
CT,M,1986,Randall,16
CT,M,1986,Roberto,16
CT,M,1986,Adrian,15
CT,M,1986,Caleb,15
CT,M,1986,Marco,15
CT,M,1986,Nelson,15
CT,M,1986,Tony,15
CT,M,1986,Brad,14
CT,M,1986,Branden,14
CT,M,1986,Calvin,14
CT,M,1986,Connor,14
CT,M,1986,Dominic,14
CT,M,1986,Drew,14
CT,M,1986,Francisco,14
CT,M,1986,Maurice,14
CT,M,1986,Omar,14
CT,M,1986,Ralph,14
CT,M,1986,Roger,14
CT,M,1986,Cody,13
CT,M,1986,Dane,13
CT,M,1986,Felix,13
CT,M,1986,Harry,13
CT,M,1986,Jake,13
CT,M,1986,Jerry,13
CT,M,1986,Johnathan,13
CT,M,1986,Manuel,13
CT,M,1986,Mario,13
CT,M,1986,Max,13
CT,M,1986,Neal,13
CT,M,1986,Noah,13
CT,M,1986,Terrell,13
CT,M,1986,Blake,12
CT,M,1986,Eugene,12
CT,M,1986,Glenn,12
CT,M,1986,Jack,12
CT,M,1986,Jermaine,12
CT,M,1986,Karl,12
CT,M,1986,Rafael,12
CT,M,1986,Alvin,11
CT,M,1986,Collin,11
CT,M,1986,Dana,11
CT,M,1986,Erick,11
CT,M,1986,Ernest,11
CT,M,1986,Harrison,11
CT,M,1986,Jimmy,11
CT,M,1986,Johnny,11
CT,M,1986,Miles,11
CT,M,1986,Ricky,11
CT,M,1986,Salvatore,11
CT,M,1986,Stefan,11
CT,M,1986,Wilfredo,11
CT,M,1986,Alejandro,10
CT,M,1986,Andres,10
CT,M,1986,Darryl,10
CT,M,1986,Dominick,10
CT,M,1986,Duane,10
CT,M,1986,Emmanuel,10
CT,M,1986,Fernando,10
CT,M,1986,Jamal,10
CT,M,1986,Javier,10
CT,M,1986,Jesus,10
CT,M,1986,Josue,10
CT,M,1986,Melvin,10
CT,M,1986,Micheal,10
CT,M,1986,Noel,10
CT,M,1986,Terrance,10
CT,M,1986,Warren,10
CT,M,1986,Xavier,10
CT,M,1986,Antoine,9
CT,M,1986,Bradford,9
CT,M,1986,Clifford,9
CT,M,1986,Darnell,9
CT,M,1986,Efrain,9
CT,M,1986,Elijah,9
CT,M,1986,Grant,9
CT,M,1986,Ismael,9
CT,M,1986,Israel,9
CT,M,1986,Jaime,9
CT,M,1986,Jamar,9
CT,M,1986,Lamar,9
CT,M,1986,Lucas,9
CT,M,1986,Ramon,9
CT,M,1986,Stanley,9
CT,M,1986,Tyson,9
CT,M,1986,Willie,9
CT,M,1986,Allan,8
CT,M,1986,Bryant,8
CT,M,1986,Bryce,8
CT,M,1986,Cameron,8
CT,M,1986,Cole,8
CT,M,1986,Daryl,8
CT,M,1986,Dwayne,8
CT,M,1986,Ethan,8
CT,M,1986,Glen,8
CT,M,1986,Harold,8
CT,M,1986,Howard,8
CT,M,1986,Ivan,8
CT,M,1986,Jon,8
CT,M,1986,Marshall,8
CT,M,1986,Oscar,8
CT,M,1986,Owen,8
CT,M,1986,Rashad,8
CT,M,1986,Ruben,8
CT,M,1986,Alberto,7
CT,M,1986,Alfred,7
CT,M,1986,Brendon,7
CT,M,1986,Byron,7
CT,M,1986,Carlton,7
CT,M,1986,Cesar,7
CT,M,1986,Chase,7
CT,M,1986,Chris,7
CT,M,1986,Clayton,7
CT,M,1986,Conor,7
CT,M,1986,Dale,7
CT,M,1986,Darrell,7
CT,M,1986,Emanuel,7
CT,M,1986,Franklin,7
CT,M,1986,Gregg,7
CT,M,1986,Guy,7
CT,M,1986,Hunter,7
CT,M,1986,Isaac,7
CT,M,1986,Jameson,7
CT,M,1986,Leon,7
CT,M,1986,Lloyd,7
CT,M,1986,Marvin,7
CT,M,1986,Morgan,7
CT,M,1986,Norman,7
CT,M,1986,Pedro,7
CT,M,1986,Raul,7
CT,M,1986,Reinaldo,7
CT,M,1986,Rocco,7
CT,M,1986,Rory,7
CT,M,1986,Sergio,7
CT,M,1986,Simon,7
CT,M,1986,Toby,7
CT,M,1986,Tristan,7
CT,M,1986,Alfredo,6
CT,M,1986,Babyboy,6
CT,M,1986,Bret,6
CT,M,1986,Dante,6
CT,M,1986,Earl,6
CT,M,1986,Eli,6
CT,M,1986,Elliott,6
CT,M,1986,Gerardo,6
CT,M,1986,Graham,6
CT,M,1986,Griffin,6
CT,M,1986,Jessie,6
CT,M,1986,Joey,6
CT,M,1986,Jovan,6
CT,M,1986,Kenny,6
CT,M,1986,Lance,6
CT,M,1986,Logan,6
CT,M,1986,Oliver,6
CT,M,1986,Sebastian,6
CT,M,1986,Steve,6
CT,M,1986,Terrence,6
CT,M,1986,Terry,6
CT,M,1986,Tyrell,6
CT,M,1986,Tyshawn,6
CT,M,1986,Vernon,6
CT,M,1986,Akeem,5
CT,M,1986,Ariel,5
CT,M,1986,Armand,5
CT,M,1986,Bennett,5
CT,M,1986,Bernard,5
CT,M,1986,Brenton,5
CT,M,1986,Brooks,5
CT,M,1986,Carmelo,5
CT,M,1986,Chester,5
CT,M,1986,Clay,5
CT,M,1986,Courtney,5
CT,M,1986,Damian,5
CT,M,1986,Dan,5
CT,M,1986,Demetrius,5
CT,M,1986,Dillon,5
CT,M,1986,Duncan,5
CT,M,1986,Dwight,5
CT,M,1986,Edgar,5
CT,M,1986,Edmond,5
CT,M,1986,Emilio,5
CT,M,1986,Enrique,5
CT,M,1986,Fred,5
CT,M,1986,Isaiah,5
CT,M,1986,Jamel,5
CT,M,1986,Johnathon,5
CT,M,1986,Myles,5
CT,M,1986,Nickolas,5
CT,M,1986,Nolan,5
CT,M,1986,Preston,5
CT,M,1986,Reginald,5
CT,M,1986,Reid,5
CT,M,1986,Rene,5
CT,M,1986,Robin,5
CT,M,1986,Rodney,5
CT,M,1986,Shannon,5
CT,M,1986,Tate,5
CT,M,1986,Tomas,5
CT,M,1986,Zachariah,5
CT,M,1987,Michael,1185
CT,M,1987,Christopher,851
CT,M,1987,Matthew,796
CT,M,1987,Daniel,634
CT,M,1987,David,513
CT,M,1987,Andrew,506
CT,M,1987,John,484
CT,M,1987,Ryan,480
CT,M,1987,Joseph,423
CT,M,1987,Robert,410
CT,M,1987,James,398
CT,M,1987,Nicholas,386
CT,M,1987,Joshua,372
CT,M,1987,Kevin,362
CT,M,1987,Anthony,338
CT,M,1987,William,336
CT,M,1987,Jonathan,332
CT,M,1987,Brian,327
CT,M,1987,Jason,311
CT,M,1987,Kyle,311
CT,M,1987,Thomas,310
CT,M,1987,Justin,300
CT,M,1987,Eric,294
CT,M,1987,Timothy,278
CT,M,1987,Steven,256
CT,M,1987,Jeffrey,242
CT,M,1987,Stephen,241
CT,M,1987,Adam,231
CT,M,1987,Sean,224
CT,M,1987,Alexander,220
CT,M,1987,Benjamin,208
CT,M,1987,Richard,194
CT,M,1987,Gregory,186
CT,M,1987,Scott,181
CT,M,1987,Patrick,179
CT,M,1987,Mark,177
CT,M,1987,Paul,157
CT,M,1987,Peter,156
CT,M,1987,Brandon,144
CT,M,1987,Zachary,137
CT,M,1987,Bryan,125
CT,M,1987,Jeremy,120
CT,M,1987,Aaron,115
CT,M,1987,Tyler,113
CT,M,1987,Charles,110
CT,M,1987,Samuel,103
CT,M,1987,Edward,102
CT,M,1987,Jose,102
CT,M,1987,Kenneth,95
CT,M,1987,Jesse,91
CT,M,1987,Jacob,89
CT,M,1987,Luis,82
CT,M,1987,Philip,80
CT,M,1987,Alex,77
CT,M,1987,Shawn,74
CT,M,1987,Douglas,73
CT,M,1987,Brendan,72
CT,M,1987,Keith,71
CT,M,1987,Nathan,71
CT,M,1987,Derek,68
CT,M,1987,Jordan,68
CT,M,1987,Shane,66
CT,M,1987,Travis,64
CT,M,1987,Vincent,64
CT,M,1987,Craig,62
CT,M,1987,Ian,62
CT,M,1987,Jared,62
CT,M,1987,Joel,61
CT,M,1987,Raymond,61
CT,M,1987,Brett,60
CT,M,1987,Corey,58
CT,M,1987,Frank,56
CT,M,1987,George,56
CT,M,1987,Carlos,55
CT,M,1987,Angel,54
CT,M,1987,Colin,53
CT,M,1987,Erik,53
CT,M,1987,Gary,51
CT,M,1987,Alan,50
CT,M,1987,Evan,50
CT,M,1987,Juan,49
CT,M,1987,Ronald,49
CT,M,1987,Seth,47
CT,M,1987,Antonio,45
CT,M,1987,Christian,44
CT,M,1987,Nathaniel,43
CT,M,1987,Miguel,42
CT,M,1987,Donald,40
CT,M,1987,Geoffrey,40
CT,M,1987,Marcus,39
CT,M,1987,Marc,38
CT,M,1987,Andre,37
CT,M,1987,Phillip,37
CT,M,1987,Victor,37
CT,M,1987,Chad,36
CT,M,1987,Dylan,36
CT,M,1987,Louis,36
CT,M,1987,Trevor,35
CT,M,1987,Dustin,34
CT,M,1987,Dennis,33
CT,M,1987,Luke,33
CT,M,1987,Taylor,33
CT,M,1987,Austin,32
CT,M,1987,Carl,30
CT,M,1987,Cory,30
CT,M,1987,Edwin,30
CT,M,1987,Todd,30
CT,M,1987,Mathew,29
CT,M,1987,Albert,28
CT,M,1987,Devin,28
CT,M,1987,Lawrence,28
CT,M,1987,Allen,26
CT,M,1987,Cameron,26
CT,M,1987,Casey,26
CT,M,1987,Frederick,26
CT,M,1987,Martin,26
CT,M,1987,Drew,25
CT,M,1987,Garrett,25
CT,M,1987,Hector,25
CT,M,1987,Jorge,25
CT,M,1987,Russell,25
CT,M,1987,Shaun,25
CT,M,1987,Bruce,24
CT,M,1987,Henry,24
CT,M,1987,Mitchell,24
CT,M,1987,Randy,24
CT,M,1987,Gabriel,23
CT,M,1987,Jay,23
CT,M,1987,Tony,23
CT,M,1987,Curtis,22
CT,M,1987,Francis,22
CT,M,1987,Gerald,22
CT,M,1987,Pedro,22
CT,M,1987,Wesley,22
CT,M,1987,Alexis,21
CT,M,1987,Kurt,21
CT,M,1987,Mario,21
CT,M,1987,Ross,21
CT,M,1987,Arthur,20
CT,M,1987,Brent,20
CT,M,1987,Cody,20
CT,M,1987,Johnathan,20
CT,M,1987,Lee,20
CT,M,1987,Neil,20
CT,M,1987,Rafael,20
CT,M,1987,Theodore,20
CT,M,1987,Jake,19
CT,M,1987,Leonard,19
CT,M,1987,Walter,19
CT,M,1987,Bradley,18
CT,M,1987,Connor,18
CT,M,1987,Felix,18
CT,M,1987,Jamie,18
CT,M,1987,Jon,18
CT,M,1987,Jonathon,18
CT,M,1987,Kristopher,18
CT,M,1987,Max,18
CT,M,1987,Maxwell,18
CT,M,1987,Noah,18
CT,M,1987,Orlando,18
CT,M,1987,Roberto,18
CT,M,1987,Troy,18
CT,M,1987,Julian,17
CT,M,1987,Melvin,17
CT,M,1987,Ricardo,17
CT,M,1987,Roger,17
CT,M,1987,Wayne,17
CT,M,1987,Bryant,16
CT,M,1987,Dean,16
CT,M,1987,Derrick,16
CT,M,1987,Devon,16
CT,M,1987,Marco,16
CT,M,1987,Marquis,16
CT,M,1987,Micheal,16
CT,M,1987,Nicolas,16
CT,M,1987,Salvatore,16
CT,M,1987,Stanley,16
CT,M,1987,Chase,15
CT,M,1987,Dale,15
CT,M,1987,Ethan,15
CT,M,1987,Glenn,15
CT,M,1987,Jermaine,15
CT,M,1987,Angelo,14
CT,M,1987,Darryl,14
CT,M,1987,Isaac,14
CT,M,1987,Jeffery,14
CT,M,1987,Spencer,14
CT,M,1987,Allan,13
CT,M,1987,Bradford,13
CT,M,1987,Dana,13
CT,M,1987,Ernest,13
CT,M,1987,Graham,13
CT,M,1987,Jaime,13
CT,M,1987,Jerome,13
CT,M,1987,Jerry,13
CT,M,1987,Jesus,13
CT,M,1987,Julio,13
CT,M,1987,Rocco,13
CT,M,1987,Adrian,12
CT,M,1987,Blake,12
CT,M,1987,Collin,12
CT,M,1987,Dominic,12
CT,M,1987,Harold,12
CT,M,1987,Logan,12
CT,M,1987,Nelson,12
CT,M,1987,Oscar,12
CT,M,1987,Preston,12
CT,M,1987,Alfred,11
CT,M,1987,Conor,11
CT,M,1987,Dwayne,11
CT,M,1987,Emmanuel,11
CT,M,1987,Giovanni,11
CT,M,1987,Karl,11
CT,M,1987,Lance,11
CT,M,1987,Ralph,11
CT,M,1987,Ricky,11
CT,M,1987,Tyrell,11
CT,M,1987,Tyrone,11
CT,M,1987,Alberto,10
CT,M,1987,Babyboy,10
CT,M,1987,Bryce,10
CT,M,1987,Byron,10
CT,M,1987,Clifford,10
CT,M,1987,Darrell,10
CT,M,1987,Johnny,10
CT,M,1987,Larry,10
CT,M,1987,Leon,10
CT,M,1987,Malcolm,10
CT,M,1987,Manuel,10
CT,M,1987,Marvin,10
CT,M,1987,Maurice,10
CT,M,1987,Ramon,10
CT,M,1987,Randall,10
CT,M,1987,Sergio,10
CT,M,1987,Terrance,10
CT,M,1987,Tristan,10
CT,M,1987,Wilfredo,10
CT,M,1987,Brendon,9
CT,M,1987,Caleb,9
CT,M,1987,Calvin,9
CT,M,1987,Dane,9
CT,M,1987,Darren,9
CT,M,1987,Daryl,9
CT,M,1987,Dwight,9
CT,M,1987,Eddie,9
CT,M,1987,Francisco,9
CT,M,1987,Franklin,9
CT,M,1987,Gordon,9
CT,M,1987,Harry,9
CT,M,1987,Ivan,9
CT,M,1987,Jack,9
CT,M,1987,Jeremiah,9
CT,M,1987,Lucas,9
CT,M,1987,Miles,9
CT,M,1987,Omar,9
CT,M,1987,Owen,9
CT,M,1987,Raul,9
CT,M,1987,Reginald,9
CT,M,1987,Terrell,9
CT,M,1987,Xavier,9
CT,M,1987,Abraham,8
CT,M,1987,Bernard,8
CT,M,1987,Chadwick,8
CT,M,1987,Chaz,8
CT,M,1987,Courtney,8
CT,M,1987,Danny,8
CT,M,1987,Dillon,8
CT,M,1987,Dominick,8
CT,M,1987,Eugene,8
CT,M,1987,Fernando,8
CT,M,1987,Gavin,8
CT,M,1987,Gilbert,8
CT,M,1987,Griffin,8
CT,M,1987,Hunter,8
CT,M,1987,Ismael,8
CT,M,1987,Jamal,8
CT,M,1987,Jamar,8
CT,M,1987,Javier,8
CT,M,1987,Kelvin,8
CT,M,1987,Kendall,8
CT,M,1987,Liam,8
CT,M,1987,Morgan,8
CT,M,1987,Noel,8
CT,M,1987,Oliver,8
CT,M,1987,Rodney,8
CT,M,1987,Ruben,8
CT,M,1987,Sebastian,8
CT,M,1987,Stephan,8
CT,M,1987,Terrence,8
CT,M,1987,Alec,7
CT,M,1987,Alvin,7
CT,M,1987,Antoine,7
CT,M,1987,Armando,7
CT,M,1987,Baby,7
CT,M,1987,Barry,7
CT,M,1987,Bobby,7
CT,M,1987,Branden,7
CT,M,1987,Brennan,7
CT,M,1987,Clayton,7
CT,M,1987,Clinton,7
CT,M,1987,Cole,7
CT,M,1987,Davon,7
CT,M,1987,Eduardo,7
CT,M,1987,Erick,7
CT,M,1987,Frankie,7
CT,M,1987,Glen,7
CT,M,1987,Grant,7
CT,M,1987,Guy,7
CT,M,1987,Jamaal,7
CT,M,1987,Jaron,7
CT,M,1987,Jean,7
CT,M,1987,Jessie,7
CT,M,1987,Jovan,7
CT,M,1987,Kristofer,7
CT,M,1987,Leroy,7
CT,M,1987,Lorenzo,7
CT,M,1987,Neal,7
CT,M,1987,Parker,7
CT,M,1987,Rory,7
CT,M,1987,Sonny,7
CT,M,1987,Stefan,7
CT,M,1987,Steve,7
CT,M,1987,Terence,7
CT,M,1987,Zachariah,7
CT,M,1987,Akeem,6
CT,M,1987,Antwan,6
CT,M,1987,Avery,6
CT,M,1987,Ben,6
CT,M,1987,Brenden,6
CT,M,1987,Brooks,6
CT,M,1987,Clifton,6
CT,M,1987,Conrad,6
CT,M,1987,Damien,6
CT,M,1987,Darius,6
CT,M,1987,Dion,6
CT,M,1987,Dominique,6
CT,M,1987,Efrain,6
CT,M,1987,Elliot,6
CT,M,1987,Francesco,6
CT,M,1987,Gerard,6
CT,M,1987,Gerardo,6
CT,M,1987,Herbert,6
CT,M,1987,Heriberto,6
CT,M,1987,Howard,6
CT,M,1987,Javon,6
CT,M,1987,Jimmy,6
CT,M,1987,Johnathon,6
CT,M,1987,Josue,6
CT,M,1987,Kenny,6
CT,M,1987,Kurtis,6
CT,M,1987,Lamar,6
CT,M,1987,Lamont,6
CT,M,1987,Marcos,6
CT,M,1987,Mason,6
CT,M,1987,Myles,6
CT,M,1987,Pasquale,6
CT,M,1987,Randolph,6
CT,M,1987,Rashad,6
CT,M,1987,Ray,6
CT,M,1987,Roland,6
CT,M,1987,Roy,6
CT,M,1987,Shayne,6
CT,M,1987,Simon,6
CT,M,1987,Stuart,6
CT,M,1987,Terry,6
CT,M,1987,Tyron,6
CT,M,1987,Wade,6
CT,M,1987,Warren,6
CT,M,1987,Wilson,6
CT,M,1987,Alejandro,5
CT,M,1987,Alfredo,5
CT,M,1987,Brenton,5
CT,M,1987,Carmelo,5
CT,M,1987,Colby,5
CT,M,1987,Dallas,5
CT,M,1987,Damian,5
CT,M,1987,Dante,5
CT,M,1987,Darnell,5
CT,M,1987,Derick,5
CT,M,1987,Dexter,5
CT,M,1987,Diego,5
CT,M,1987,Edgardo,5
CT,M,1987,Elias,5
CT,M,1987,Everett,5
CT,M,1987,Garret,5
CT,M,1987,Gino,5
CT,M,1987,Harrison,5
CT,M,1987,Isaiah,5
CT,M,1987,Israel,5
CT,M,1987,Jessica,5
CT,M,1987,Joey,5
CT,M,1987,Leo,5
CT,M,1987,Levi,5
CT,M,1987,Marlon,5
CT,M,1987,Marques,5
CT,M,1987,Micahel,5
CT,M,1987,Pablo,5
CT,M,1987,Sarah,5
CT,M,1987,Shamar,5
CT,M,1987,Sylvester,5
CT,M,1987,Tracy,5
CT,M,1987,Tyshawn,5
CT,M,1987,Willie,5
CT,M,1988,Michael,1152
CT,M,1988,Christopher,845
CT,M,1988,Matthew,789
CT,M,1988,Daniel,633
CT,M,1988,David,526
CT,M,1988,John,483
CT,M,1988,Joseph,472
CT,M,1988,Andrew,471
CT,M,1988,Ryan,453
CT,M,1988,James,452
CT,M,1988,Robert,428
CT,M,1988,Nicholas,395
CT,M,1988,William,394
CT,M,1988,Joshua,383
CT,M,1988,Brian,375
CT,M,1988,Kevin,363
CT,M,1988,Justin,350
CT,M,1988,Jonathan,342
CT,M,1988,Anthony,338
CT,M,1988,Thomas,332
CT,M,1988,Timothy,314
CT,M,1988,Kyle,301
CT,M,1988,Eric,294
CT,M,1988,Steven,254
CT,M,1988,Jason,248
CT,M,1988,Alexander,246
CT,M,1988,Jeffrey,242
CT,M,1988,Stephen,222
CT,M,1988,Benjamin,209
CT,M,1988,Sean,208
CT,M,1988,Adam,207
CT,M,1988,Richard,199
CT,M,1988,Gregory,196
CT,M,1988,Patrick,187
CT,M,1988,Mark,180
CT,M,1988,Peter,178
CT,M,1988,Paul,165
CT,M,1988,Scott,157
CT,M,1988,Tyler,157
CT,M,1988,Zachary,151
CT,M,1988,Brandon,142
CT,M,1988,Charles,124
CT,M,1988,Jeremy,120
CT,M,1988,Jose,115
CT,M,1988,Samuel,110
CT,M,1988,Bryan,105
CT,M,1988,Aaron,97
CT,M,1988,Kenneth,95
CT,M,1988,Jacob,93
CT,M,1988,Luis,92
CT,M,1988,Brendan,89
CT,M,1988,Edward,87
CT,M,1988,Nathan,85
CT,M,1988,Jesse,82
CT,M,1988,Corey,80
CT,M,1988,Derek,79
CT,M,1988,Alex,76
CT,M,1988,Jordan,75
CT,M,1988,George,74
CT,M,1988,Raymond,74
CT,M,1988,Keith,71
CT,M,1988,Evan,70
CT,M,1988,Ian,68
CT,M,1988,Shawn,68
CT,M,1988,Vincent,67
CT,M,1988,Frank,63
CT,M,1988,Craig,62
CT,M,1988,Erik,59
CT,M,1988,Colin,58
CT,M,1988,Travis,57
CT,M,1988,Angel,56
CT,M,1988,Brett,55
CT,M,1988,Douglas,55
CT,M,1988,Juan,55
CT,M,1988,Carlos,53
CT,M,1988,Philip,53
CT,M,1988,Jared,51
CT,M,1988,Marc,49
CT,M,1988,Christian,45
CT,M,1988,Joel,43
CT,M,1988,Ronald,41
CT,M,1988,Victor,40
CT,M,1988,Antonio,39
CT,M,1988,Gary,39
CT,M,1988,Trevor,39
CT,M,1988,Shane,38
CT,M,1988,Spencer,38
CT,M,1988,Taylor,38
CT,M,1988,Austin,37
CT,M,1988,Cory,37
CT,M,1988,Cameron,36
CT,M,1988,Edwin,36
CT,M,1988,Nathaniel,36
CT,M,1988,Carl,35
CT,M,1988,Devon,35
CT,M,1988,Donald,35
CT,M,1988,Dylan,35
CT,M,1988,Alan,34
CT,M,1988,Phillip,34
CT,M,1988,Dennis,33
CT,M,1988,Dustin,33
CT,M,1988,Geoffrey,33
CT,M,1988,Mitchell,33
CT,M,1988,Andre,32
CT,M,1988,Devin,31
CT,M,1988,Marcus,31
CT,M,1988,Mathew,31
CT,M,1988,Miguel,31
CT,M,1988,Seth,31
CT,M,1988,Todd,31
CT,M,1988,Allen,30
CT,M,1988,Chad,30
CT,M,1988,Troy,29
CT,M,1988,Casey,28
CT,M,1988,Cody,28
CT,M,1988,Jorge,28
CT,M,1988,Russell,28
CT,M,1988,Arthur,27
CT,M,1988,Garrett,27
CT,M,1988,Hector,27
CT,M,1988,Louis,27
CT,M,1988,Maxwell,27
CT,M,1988,Wayne,27
CT,M,1988,Bradley,26
CT,M,1988,Jamie,25
CT,M,1988,Luke,25
CT,M,1988,Shaun,25
CT,M,1988,Adrian,24
CT,M,1988,Henry,24
CT,M,1988,Lucas,24
CT,M,1988,Randy,24
CT,M,1988,Ross,24
CT,M,1988,Gabriel,23
CT,M,1988,Martin,23
CT,M,1988,Roberto,23
CT,M,1988,Theodore,23
CT,M,1988,Curtis,22
CT,M,1988,Max,22
CT,M,1988,Wesley,22
CT,M,1988,Darren,21
CT,M,1988,Dominic,21
CT,M,1988,Emmanuel,21
CT,M,1988,Jake,21
CT,M,1988,Johnny,21
CT,M,1988,Lawrence,21
CT,M,1988,Mario,21
CT,M,1988,Maurice,21
CT,M,1988,Pedro,21
CT,M,1988,Albert,20
CT,M,1988,Conor,20
CT,M,1988,Darryl,20
CT,M,1988,Francisco,20
CT,M,1988,Logan,20
CT,M,1988,Dean,19
CT,M,1988,Javier,19
CT,M,1988,Johnathan,19
CT,M,1988,Julian,19
CT,M,1988,Manuel,19
CT,M,1988,Tyrone,19
CT,M,1988,Calvin,18
CT,M,1988,Connor,18
CT,M,1988,Jay,18
CT,M,1988,Jesus,18
CT,M,1988,Jon,18
CT,M,1988,Julio,18
CT,M,1988,Salvatore,18
CT,M,1988,Xavier,18
CT,M,1988,Brent,17
CT,M,1988,Bryant,17
CT,M,1988,Ethan,17
CT,M,1988,Lee,17
CT,M,1988,Nelson,17
CT,M,1988,Walter,17
CT,M,1988,Willie,17
CT,M,1988,Derrick,16
CT,M,1988,Frederick,16
CT,M,1988,Jack,16
CT,M,1988,Owen,16
CT,M,1988,Ricardo,16
CT,M,1988,Rodney,16
CT,M,1988,Dana,15
CT,M,1988,Felix,15
CT,M,1988,Alexis,14
CT,M,1988,Dane,14
CT,M,1988,Drew,14
CT,M,1988,Dwayne,14
CT,M,1988,Eugene,14
CT,M,1988,Francis,14
CT,M,1988,Jeffery,14
CT,M,1988,Jeremiah,14
CT,M,1988,Jerome,14
CT,M,1988,Micheal,14
CT,M,1988,Rafael,14
CT,M,1988,Wilfredo,14
CT,M,1988,Alberto,13
CT,M,1988,Bruce,13
CT,M,1988,Danny,13
CT,M,1988,Gerald,13
CT,M,1988,Gordon,13
CT,M,1988,Isaac,13
CT,M,1988,Karl,13
CT,M,1988,Larry,13
CT,M,1988,Brendon,12
CT,M,1988,Clifford,12
CT,M,1988,Dillon,12
CT,M,1988,Emanuel,12
CT,M,1988,Ernest,12
CT,M,1988,Hunter,12
CT,M,1988,Ramon,12
CT,M,1988,Blake,11
CT,M,1988,Brad,11
CT,M,1988,Caleb,11
CT,M,1988,Colby,11
CT,M,1988,Isaiah,11
CT,M,1988,Ivan,11
CT,M,1988,Jamal,11
CT,M,1988,Jimmy,11
CT,M,1988,Kelvin,11
CT,M,1988,Kristopher,11
CT,M,1988,Morgan,11
CT,M,1988,Ricky,11
CT,M,1988,Terrance,11
CT,M,1988,Tony,11
CT,M,1988,Allan,10
CT,M,1988,Brenden,10
CT,M,1988,Chase,10
CT,M,1988,Damian,10
CT,M,1988,Elliot,10
CT,M,1988,Erick,10
CT,M,1988,Gavin,10
CT,M,1988,Grant,10
CT,M,1988,Jonathon,10
CT,M,1988,Kurt,10
CT,M,1988,Leon,10
CT,M,1988,Marquis,10
CT,M,1988,Melvin,10
CT,M,1988,Micah,10
CT,M,1988,Nicolas,10
CT,M,1988,Noah,10
CT,M,1988,Noel,10
CT,M,1988,Omar,10
CT,M,1988,Orlando,10
CT,M,1988,Reginald,10
CT,M,1988,Sam,10
CT,M,1988,Alfred,9
CT,M,1988,Andres,9
CT,M,1988,Antoine,9
CT,M,1988,Clayton,9
CT,M,1988,Courtney,9
CT,M,1988,Edgar,9
CT,M,1988,Elijah,9
CT,M,1988,Howard,9
CT,M,1988,Jaime,9
CT,M,1988,Jamar,9
CT,M,1988,Kristofer,9
CT,M,1988,Leonard,9
CT,M,1988,Liam,9
CT,M,1988,Marco,9
CT,M,1988,Neil,9
CT,M,1988,Preston,9
CT,M,1988,Quentin,9
CT,M,1988,Randall,9
CT,M,1988,Stefan,9
CT,M,1988,Steve,9
CT,M,1988,Terence,9
CT,M,1988,Angelo,8
CT,M,1988,Avery,8
CT,M,1988,Babyboy,8
CT,M,1988,Bryce,8
CT,M,1988,Byron,8
CT,M,1988,Collin,8
CT,M,1988,Dale,8
CT,M,1988,Elias,8
CT,M,1988,Graham,8
CT,M,1988,Harrison,8
CT,M,1988,Josue,8
CT,M,1988,Kurtis,8
CT,M,1988,Malcolm,8
CT,M,1988,Miles,8
CT,M,1988,Norman,8
CT,M,1988,Ralph,8
CT,M,1988,Rene,8
CT,M,1988,Roger,8
CT,M,1988,Roy,8
CT,M,1988,Ruben,8
CT,M,1988,Zachariah,8
CT,M,1988,Armando,7
CT,M,1988,Barry,7
CT,M,1988,Branden,7
CT,M,1988,Cesar,7
CT,M,1988,Charlie,7
CT,M,1988,Chaz,7
CT,M,1988,Darrell,7
CT,M,1988,Daryl,7
CT,M,1988,Dominique,7
CT,M,1988,Efrain,7
CT,M,1988,Eli,7
CT,M,1988,Elliott,7
CT,M,1988,Giovanni,7
CT,M,1988,Harry,7
CT,M,1988,Jameson,7
CT,M,1988,Jerry,7
CT,M,1988,Kareem,7
CT,M,1988,Lamar,7
CT,M,1988,Lance,7
CT,M,1988,Leroy,7
CT,M,1988,Lewis,7
CT,M,1988,Lorenzo,7
CT,M,1988,Mackenzie,7
CT,M,1988,Myles,7
CT,M,1988,Neal,7
CT,M,1988,Nickolas,7
CT,M,1988,Pablo,7
CT,M,1988,Perry,7
CT,M,1988,Sebastian,7
CT,M,1988,Stanley,7
CT,M,1988,Stuart,7
CT,M,1988,Terrell,7
CT,M,1988,Terry,7
CT,M,1988,Tristan,7
CT,M,1988,Tyrell,7
CT,M,1988,Vincenzo,7
CT,M,1988,Wade,7
CT,M,1988,Warren,7
CT,M,1988,Antony,6
CT,M,1988,Bernard,6
CT,M,1988,Brady,6
CT,M,1988,Brooks,6
CT,M,1988,Chris,6
CT,M,1988,Clarence,6
CT,M,1988,Earl,6
CT,M,1988,Franklin,6
CT,M,1988,Gerard,6
CT,M,1988,Griffin,6
CT,M,1988,Harold,6
CT,M,1988,Jamel,6
CT,M,1988,Jermaine,6
CT,M,1988,Joey,6
CT,M,1988,Leonardo,6
CT,M,1988,Levi,6
CT,M,1988,Marshall,6
CT,M,1988,Oliver,6
CT,M,1988,Oscar,6
CT,M,1988,Randolph,6
CT,M,1988,Reid,6
CT,M,1988,Stephan,6
CT,M,1988,Terrence,6
CT,M,1988,Tucker,6
CT,M,1988,Tyron,6
CT,M,1988,Wilson,6
CT,M,1988,Zachery,6
CT,M,1988,Adalberto,5
CT,M,1988,Alfredo,5
CT,M,1988,Ali,5
CT,M,1988,Alvin,5
CT,M,1988,Andy,5
CT,M,1988,Ari,5
CT,M,1988,Baby,5
CT,M,1988,Bradford,5
CT,M,1988,Brenton,5
CT,M,1988,Carter,5
CT,M,1988,Clark,5
CT,M,1988,Clinton,5
CT,M,1988,Dante,5
CT,M,1988,Darius,5
CT,M,1988,Derick,5
CT,M,1988,Domenic,5
CT,M,1988,Donovan,5
CT,M,1988,Eddie,5
CT,M,1988,Eduardo,5
CT,M,1988,Eliezer,5
CT,M,1988,Elvis,5
CT,M,1988,Erich,5
CT,M,1988,Ernesto,5
CT,M,1988,Everett,5
CT,M,1988,Fernando,5
CT,M,1988,Gerardo,5
CT,M,1988,Gilbert,5
CT,M,1988,Glenn,5
CT,M,1988,Gregg,5
CT,M,1988,Heriberto,5
CT,M,1988,Ismael,5
CT,M,1988,Jaron,5
CT,M,1988,Jedidiah,5
CT,M,1988,Jeremie,5
CT,M,1988,Jessie,5
CT,M,1988,Joe,5
CT,M,1988,Jovan,5
CT,M,1988,Kellen,5
CT,M,1988,Kendall,5
CT,M,1988,Kirk,5
CT,M,1988,Korey,5
CT,M,1988,Lionel,5
CT,M,1988,Luigi,5
CT,M,1988,Lyle,5
CT,M,1988,Marcos,5
CT,M,1988,Marvin,5
CT,M,1988,Mike,5
CT,M,1988,Milton,5
CT,M,1988,Quintin,5
CT,M,1988,Raul,5
CT,M,1988,Reinaldo,5
CT,M,1988,Rondell,5
CT,M,1988,Ronnie,5
CT,M,1988,Solomon,5
CT,M,1989,Michael,1134
CT,M,1989,Christopher,814
CT,M,1989,Matthew,789
CT,M,1989,Daniel,608
CT,M,1989,David,531
CT,M,1989,Andrew,511
CT,M,1989,John,463
CT,M,1989,Joseph,452
CT,M,1989,Robert,435
CT,M,1989,Ryan,434
CT,M,1989,Joshua,426
CT,M,1989,Nicholas,415
CT,M,1989,James,411
CT,M,1989,Kevin,371
CT,M,1989,Anthony,341
CT,M,1989,Brian,335
CT,M,1989,Thomas,335
CT,M,1989,William,331
CT,M,1989,Kyle,322
CT,M,1989,Jonathan,320
CT,M,1989,Justin,317
CT,M,1989,Alexander,278
CT,M,1989,Eric,278
CT,M,1989,Benjamin,275
CT,M,1989,Timothy,238
CT,M,1989,Zachary,232
CT,M,1989,Steven,231
CT,M,1989,Patrick,229
CT,M,1989,Richard,225
CT,M,1989,Adam,218
CT,M,1989,Mark,213
CT,M,1989,Stephen,203
CT,M,1989,Jeffrey,199
CT,M,1989,Sean,198
CT,M,1989,Peter,189
CT,M,1989,Jason,181
CT,M,1989,Gregory,164
CT,M,1989,Paul,164
CT,M,1989,Brandon,158
CT,M,1989,Tyler,154
CT,M,1989,Scott,151
CT,M,1989,Charles,135
CT,M,1989,Samuel,128
CT,M,1989,Jose,125
CT,M,1989,Aaron,123
CT,M,1989,Jacob,111
CT,M,1989,Jordan,109
CT,M,1989,Bryan,107
CT,M,1989,Luis,105
CT,M,1989,Jeremy,104
CT,M,1989,Travis,98
CT,M,1989,Alex,97
CT,M,1989,Corey,94
CT,M,1989,Brendan,93
CT,M,1989,Nathan,92
CT,M,1989,Jesse,90
CT,M,1989,Edward,86
CT,M,1989,Vincent,83
CT,M,1989,Derek,82
CT,M,1989,Ian,82
CT,M,1989,Kenneth,82
CT,M,1989,Jared,79
CT,M,1989,Evan,77
CT,M,1989,Colin,73
CT,M,1989,Keith,68
CT,M,1989,Shawn,68
CT,M,1989,Christian,65
CT,M,1989,Angel,64
CT,M,1989,Raymond,63
CT,M,1989,Douglas,62
CT,M,1989,Philip,61
CT,M,1989,Erik,55
CT,M,1989,Frank,55
CT,M,1989,Carlos,53
CT,M,1989,Brett,51
CT,M,1989,Shane,51
CT,M,1989,Craig,50
CT,M,1989,George,50
CT,M,1989,Joel,50
CT,M,1989,Andre,49
CT,M,1989,Juan,49
CT,M,1989,Taylor,49
CT,M,1989,Marc,48
CT,M,1989,Nathaniel,46
CT,M,1989,Austin,45
CT,M,1989,Ronald,44
CT,M,1989,Dennis,43
CT,M,1989,Victor,43
CT,M,1989,Alan,40
CT,M,1989,Seth,40
CT,M,1989,Antonio,39
CT,M,1989,Dustin,39
CT,M,1989,Ethan,39
CT,M,1989,Devin,37
CT,M,1989,Dylan,37
CT,M,1989,Edwin,37
CT,M,1989,Phillip,36
CT,M,1989,Cory,35
CT,M,1989,Donald,35
CT,M,1989,Garrett,35
CT,M,1989,Spencer,35
CT,M,1989,Wesley,35
CT,M,1989,Max,34
CT,M,1989,Louis,33
CT,M,1989,Luke,33
CT,M,1989,Todd,32
CT,M,1989,Gary,31
CT,M,1989,Henry,31
CT,M,1989,Jake,31
CT,M,1989,Marcus,31
CT,M,1989,Cameron,30
CT,M,1989,Trevor,30
CT,M,1989,Hector,29
CT,M,1989,Miguel,29
CT,M,1989,Carl,28
CT,M,1989,Geoffrey,28
CT,M,1989,Arthur,27
CT,M,1989,Chad,26
CT,M,1989,Gabriel,26
CT,M,1989,Bradley,25
CT,M,1989,Casey,25
CT,M,1989,Cody,25
CT,M,1989,Connor,24
CT,M,1989,Conor,24
CT,M,1989,Devon,24
CT,M,1989,Mathew,24
CT,M,1989,Maxwell,24
CT,M,1989,Johnathan,23
CT,M,1989,Julio,23
CT,M,1989,Lucas,23
CT,M,1989,Ross,23
CT,M,1989,Russell,23
CT,M,1989,Dean,22
CT,M,1989,Drew,22
CT,M,1989,Mitchell,22
CT,M,1989,Albert,21
CT,M,1989,Allen,21
CT,M,1989,Francis,21
CT,M,1989,Jonathon,21
CT,M,1989,Kristopher,21
CT,M,1989,Malcolm,21
CT,M,1989,Martin,21
CT,M,1989,Troy,21
CT,M,1989,Alexis,20
CT,M,1989,Bryant,20
CT,M,1989,Calvin,20
CT,M,1989,Emmanuel,20
CT,M,1989,Jaime,20
CT,M,1989,Wayne,20
CT,M,1989,Brent,19
CT,M,1989,Caleb,19
CT,M,1989,Collin,19
CT,M,1989,Derrick,19
CT,M,1989,Jamie,19
CT,M,1989,Micheal,19
CT,M,1989,Nicolas,19
CT,M,1989,Noah,19
CT,M,1989,Noel,19
CT,M,1989,Pedro,19
CT,M,1989,Rafael,19
CT,M,1989,Randy,19
CT,M,1989,Roberto,19
CT,M,1989,Shaun,19
CT,M,1989,Bruce,18
CT,M,1989,Lawrence,18
CT,M,1989,Mario,18
CT,M,1989,Curtis,17
CT,M,1989,Glenn,17
CT,M,1989,Julian,17
CT,M,1989,Larry,17
CT,M,1989,Marco,17
CT,M,1989,Omar,17
CT,M,1989,Ricardo,17
CT,M,1989,Theodore,17
CT,M,1989,Walter,17
CT,M,1989,Warren,17
CT,M,1989,Angelo,16
CT,M,1989,Brendon,16
CT,M,1989,Gerald,16
CT,M,1989,Harry,16
CT,M,1989,Jay,16
CT,M,1989,Jorge,16
CT,M,1989,Adrian,15
CT,M,1989,Frederick,15
CT,M,1989,Grant,15
CT,M,1989,Jerry,15
CT,M,1989,Karl,15
CT,M,1989,Logan,15
CT,M,1989,Maurice,15
CT,M,1989,Randall,15
CT,M,1989,Tyrone,15
CT,M,1989,Danny,14
CT,M,1989,Edgar,14
CT,M,1989,Ismael,14
CT,M,1989,Jermaine,14
CT,M,1989,Jesus,14
CT,M,1989,Josue,14
CT,M,1989,Lee,14
CT,M,1989,Manuel,14
CT,M,1989,Marquis,14
CT,M,1989,Nelson,14
CT,M,1989,Terrell,14
CT,M,1989,Willie,14
CT,M,1989,Blake,13
CT,M,1989,Bobby,13
CT,M,1989,Bryce,13
CT,M,1989,Darryl,13
CT,M,1989,Dominic,13
CT,M,1989,Eduardo,13
CT,M,1989,Eugene,13
CT,M,1989,Harrison,13
CT,M,1989,Isaiah,13
CT,M,1989,Jack,13
CT,M,1989,Jerome,13
CT,M,1989,Kurt,13
CT,M,1989,Lamar,13
CT,M,1989,Ralph,13
CT,M,1989,Ramon,13
CT,M,1989,Alberto,12
CT,M,1989,Colton,12
CT,M,1989,Dwayne,12
CT,M,1989,Eddie,12
CT,M,1989,Francisco,12
CT,M,1989,Graham,12
CT,M,1989,Hunter,12
CT,M,1989,Isaac,12
CT,M,1989,Jamar,12
CT,M,1989,Jeremiah,12
CT,M,1989,Liam,12
CT,M,1989,Neil,12
CT,M,1989,Reginald,12
CT,M,1989,Roger,12
CT,M,1989,Terrence,12
CT,M,1989,Xavier,12
CT,M,1989,Akeem,11
CT,M,1989,Brenden,11
CT,M,1989,Clayton,11
CT,M,1989,Darren,11
CT,M,1989,Franklin,11
CT,M,1989,Giovanni,11
CT,M,1989,Jeffery,11
CT,M,1989,Jimmy,11
CT,M,1989,Jon,11
CT,M,1989,Neal,11
CT,M,1989,Owen,11
CT,M,1989,Rodney,11
CT,M,1989,Salvatore,11
CT,M,1989,Stefan,11
CT,M,1989,Terrance,11
CT,M,1989,Tyrell,11
CT,M,1989,Andres,10
CT,M,1989,Byron,10
CT,M,1989,Dale,10
CT,M,1989,Edgardo,10
CT,M,1989,Ernest,10
CT,M,1989,Gordon,10
CT,M,1989,Milton,10
CT,M,1989,Orlando,10
CT,M,1989,Ricky,10
CT,M,1989,Rocco,10
CT,M,1989,Sam,10
CT,M,1989,Sergio,10
CT,M,1989,Steve,10
CT,M,1989,Wilfredo,10
CT,M,1989,Alejandro,9
CT,M,1989,Allan,9
CT,M,1989,Branden,9
CT,M,1989,Chase,9
CT,M,1989,Chris,9
CT,M,1989,Duane,9
CT,M,1989,Efrain,9
CT,M,1989,Felix,9
CT,M,1989,Fernando,9
CT,M,1989,Gavin,9
CT,M,1989,Jackson,9
CT,M,1989,Jamal,9
CT,M,1989,Javier,9
CT,M,1989,Jayson,9
CT,M,1989,Joey,9
CT,M,1989,Johnny,9
CT,M,1989,Melvin,9
CT,M,1989,Ruben,9
CT,M,1989,Tony,9
CT,M,1989,Alec,8
CT,M,1989,Andy,8
CT,M,1989,Antwan,8
CT,M,1989,Billy,8
CT,M,1989,Brad,8
CT,M,1989,Dana,8
CT,M,1989,Dillon,8
CT,M,1989,Donovan,8
CT,M,1989,Elijah,8
CT,M,1989,Emanuel,8
CT,M,1989,Erick,8
CT,M,1989,Harold,8
CT,M,1989,Isiah,8
CT,M,1989,Jean,8
CT,M,1989,Kendall,8
CT,M,1989,Kirk,8
CT,M,1989,Leonard,8
CT,M,1989,Morgan,8
CT,M,1989,Norman,8
CT,M,1989,Oliver,8
CT,M,1989,Quentin,8
CT,M,1989,Raul,8
CT,M,1989,Rory,8
CT,M,1989,Tristan,8
CT,M,1989,Antoine,7
CT,M,1989,Barry,7
CT,M,1989,Brenton,7
CT,M,1989,Diego,7
CT,M,1989,Elliott,7
CT,M,1989,Howard,7
CT,M,1989,Israel,7
CT,M,1989,Ivan,7
CT,M,1989,Jarrod,7
CT,M,1989,Johnathon,7
CT,M,1989,Kelvin,7
CT,M,1989,Lance,7
CT,M,1989,Leon,7
CT,M,1989,Marquise,7
CT,M,1989,Maximilian,7
CT,M,1989,Pablo,7
CT,M,1989,Stanley,7
CT,M,1989,Alexandre,6
CT,M,1989,Alvin,6
CT,M,1989,Baby,6
CT,M,1989,Babyboy,6
CT,M,1989,Ben,6
CT,M,1989,Brandan,6
CT,M,1989,Brennan,6
CT,M,1989,Carter,6
CT,M,1989,Clifford,6
CT,M,1989,Courtney,6
CT,M,1989,Damian,6
CT,M,1989,Dane,6
CT,M,1989,Darien,6
CT,M,1989,Darnell,6
CT,M,1989,Darrell,6
CT,M,1989,Derick,6
CT,M,1989,Desmond,6
CT,M,1989,Domenic,6
CT,M,1989,Dominick,6
CT,M,1989,Duncan,6
CT,M,1989,Edmund,6
CT,M,1989,Elliot,6
CT,M,1989,Frankie,6
CT,M,1989,Guy,6
CT,M,1989,Jordon,6
CT,M,1989,Kwame,6
CT,M,1989,Marvin,6
CT,M,1989,Mason,6
CT,M,1989,Miles,6
CT,M,1989,Nickolas,6
CT,M,1989,Nigel,6
CT,M,1989,Nikolas,6
CT,M,1989,Parker,6
CT,M,1989,Pasquale,6
CT,M,1989,Rashad,6
CT,M,1989,Roman,6
CT,M,1989,Roy,6
CT,M,1989,Rudolph,6
CT,M,1989,Sebastian,6
CT,M,1989,Shayne,6
CT,M,1989,Simon,6
CT,M,1989,Spenser,6
CT,M,1989,Terence,6
CT,M,1989,Tucker,6
CT,M,1989,Tyshawn,6
CT,M,1989,Aidan,5
CT,M,1989,Alfredo,5
CT,M,1989,Ashton,5
CT,M,1989,Bradford,5
CT,M,1989,Brain,5
CT,M,1989,Cedric,5
CT,M,1989,Cesar,5
CT,M,1989,Chadwick,5
CT,M,1989,Charlie,5
CT,M,1989,Chaz,5
CT,M,1989,Clyde,5
CT,M,1989,Damien,5
CT,M,1989,Dante,5
CT,M,1989,Darius,5
CT,M,1989,Daryl,5
CT,M,1989,Davon,5
CT,M,1989,Dexter,5
CT,M,1989,Dion,5
CT,M,1989,Dorian,5
CT,M,1989,Eamon,5
CT,M,1989,Eli,5
CT,M,1989,Elias,5
CT,M,1989,Emilio,5
CT,M,1989,Enrique,5
CT,M,1989,Fabian,5
CT,M,1989,Francesco,5
CT,M,1989,Gilbert,5
CT,M,1989,Giuseppe,5
CT,M,1989,Hans,5
CT,M,1989,Javon,5
CT,M,1989,Jeff,5
CT,M,1989,Joe,5
CT,M,1989,Josiah,5
CT,M,1989,Kareem,5
CT,M,1989,Kelly,5
CT,M,1989,Kenny,5
CT,M,1989,Kristofer,5
CT,M,1989,Landon,5
CT,M,1989,Levi,5
CT,M,1989,Lorenzo,5
CT,M,1989,Marcos,5
CT,M,1989,Markus,5
CT,M,1989,Nick,5
CT,M,1989,Pierre,5
CT,M,1989,Reinaldo,5
CT,M,1989,Rene,5
CT,M,1989,Roland,5
CT,M,1989,Sammy,5
CT,M,1989,Seamus,5
CT,M,1989,Skyler,5
CT,M,1989,Sterling,5
CT,M,1989,Stuart,5
CT,M,1989,Tavon,5
CT,M,1989,Terry,5
CT,M,1989,Vaughn,5
CT,M,1989,Vernon,5
CT,M,1989,Vincenzo,5
CT,M,1989,Wade,5
CT,M,1989,Wallace,5
CT,M,1989,Wilson,5
CT,M,1989,Zachery,5
CT,M,1990,Michael,1127
CT,M,1990,Christopher,761
CT,M,1990,Matthew,739
CT,M,1990,Daniel,565
CT,M,1990,Ryan,518
CT,M,1990,Nicholas,510
CT,M,1990,Joseph,491
CT,M,1990,David,480
CT,M,1990,Andrew,478
CT,M,1990,John,471
CT,M,1990,Joshua,447
CT,M,1990,James,437
CT,M,1990,Robert,391
CT,M,1990,William,378
CT,M,1990,Kyle,365
CT,M,1990,Thomas,364
CT,M,1990,Anthony,361
CT,M,1990,Kevin,360
CT,M,1990,Jonathan,344
CT,M,1990,Justin,323
CT,M,1990,Brian,304
CT,M,1990,Alexander,284
CT,M,1990,Eric,280
CT,M,1990,Steven,263
CT,M,1990,Timothy,246
CT,M,1990,Sean,241
CT,M,1990,Tyler,241
CT,M,1990,Zachary,234
CT,M,1990,Jeffrey,226
CT,M,1990,Benjamin,216
CT,M,1990,Patrick,216
CT,M,1990,Stephen,207
CT,M,1990,Richard,204
CT,M,1990,Adam,203
CT,M,1990,Gregory,185
CT,M,1990,Mark,169
CT,M,1990,Peter,163
CT,M,1990,Paul,159
CT,M,1990,Jason,158
CT,M,1990,Jordan,149
CT,M,1990,Samuel,149
CT,M,1990,Charles,140
CT,M,1990,Scott,133
CT,M,1990,Brandon,130
CT,M,1990,Jose,130
CT,M,1990,Jacob,111
CT,M,1990,Bryan,108
CT,M,1990,Aaron,105
CT,M,1990,Edward,100
CT,M,1990,Luis,98
CT,M,1990,Evan,95
CT,M,1990,Ian,95
CT,M,1990,Jesse,94
CT,M,1990,Kenneth,92
CT,M,1990,Jeremy,88
CT,M,1990,Corey,83
CT,M,1990,Alex,82
CT,M,1990,Travis,80
CT,M,1990,Brendan,79
CT,M,1990,Vincent,77
CT,M,1990,Colin,75
CT,M,1990,Nathan,73
CT,M,1990,Shawn,72
CT,M,1990,Raymond,70
CT,M,1990,Derek,69
CT,M,1990,Christian,63
CT,M,1990,Cody,63
CT,M,1990,Douglas,62
CT,M,1990,Shane,62
CT,M,1990,Ethan,61
CT,M,1990,George,61
CT,M,1990,Angel,60
CT,M,1990,Carlos,60
CT,M,1990,Dylan,60
CT,M,1990,Jared,60
CT,M,1990,Frank,57
CT,M,1990,Marcus,56
CT,M,1990,Spencer,55
CT,M,1990,Taylor,55
CT,M,1990,Keith,54
CT,M,1990,Philip,50
CT,M,1990,Marc,49
CT,M,1990,Devin,47
CT,M,1990,Juan,45
CT,M,1990,Louis,45
CT,M,1990,Joel,44
CT,M,1990,Connor,43
CT,M,1990,Craig,43
CT,M,1990,Erik,43
CT,M,1990,Trevor,43
CT,M,1990,Brett,42
CT,M,1990,Casey,42
CT,M,1990,Donald,42
CT,M,1990,Miguel,42
CT,M,1990,Austin,41
CT,M,1990,Carl,41
CT,M,1990,Gary,41
CT,M,1990,Nathaniel,41
CT,M,1990,Victor,39
CT,M,1990,Cameron,38
CT,M,1990,Edwin,37
CT,M,1990,Julian,37
CT,M,1990,Andre,36
CT,M,1990,Dennis,36
CT,M,1990,Gabriel,35
CT,M,1990,Antonio,34
CT,M,1990,Russell,34
CT,M,1990,Todd,34
CT,M,1990,Jake,33
CT,M,1990,Luke,33
CT,M,1990,Mathew,33
CT,M,1990,Max,33
CT,M,1990,Maxwell,33
CT,M,1990,Alan,32
CT,M,1990,Garrett,32
CT,M,1990,Lucas,32
CT,M,1990,Arthur,31
CT,M,1990,Seth,31
CT,M,1990,Chad,30
CT,M,1990,Cory,30
CT,M,1990,Mitchell,30
CT,M,1990,Phillip,30
CT,M,1990,Ronald,30
CT,M,1990,Wesley,30
CT,M,1990,Dustin,28
CT,M,1990,Adrian,27
CT,M,1990,Jack,27
CT,M,1990,Johnathan,27
CT,M,1990,Ricardo,26
CT,M,1990,Curtis,25
CT,M,1990,Dominic,25
CT,M,1990,Geoffrey,25
CT,M,1990,Jorge,25
CT,M,1990,Rafael,25
CT,M,1990,Troy,25
CT,M,1990,Giovanni,24
CT,M,1990,Hector,24
CT,M,1990,Henry,24
CT,M,1990,Nelson,24
CT,M,1990,Ross,24
CT,M,1990,Francisco,23
CT,M,1990,Theodore,23
CT,M,1990,Xavier,23
CT,M,1990,Albert,22
CT,M,1990,Derrick,22
CT,M,1990,Francis,22
CT,M,1990,Lawrence,22
CT,M,1990,Alexis,21
CT,M,1990,Allen,21
CT,M,1990,Bradley,21
CT,M,1990,Emmanuel,21
CT,M,1990,Wayne,21
CT,M,1990,Drew,20
CT,M,1990,Kristopher,20
CT,M,1990,Martin,20
CT,M,1990,Noah,20
CT,M,1990,Roger,20
CT,M,1990,Chase,19
CT,M,1990,Conor,19
CT,M,1990,Jamal,19
CT,M,1990,Javier,19
CT,M,1990,Jesus,19
CT,M,1990,Mario,19
CT,M,1990,Roberto,19
CT,M,1990,Walter,19
CT,M,1990,Bruce,18
CT,M,1990,Dean,18
CT,M,1990,Devon,18
CT,M,1990,Kurt,18
CT,M,1990,Omar,18
CT,M,1990,Dillon,17
CT,M,1990,Frederick,17
CT,M,1990,Jamie,17
CT,M,1990,Jermaine,17
CT,M,1990,Jerome,17
CT,M,1990,Brent,16
CT,M,1990,Gerald,16
CT,M,1990,Harrison,16
CT,M,1990,Jonathon,16
CT,M,1990,Julio,16
CT,M,1990,Orlando,16
CT,M,1990,Tyrone,16
CT,M,1990,Bryce,15
CT,M,1990,Calvin,15
CT,M,1990,Eddie,15
CT,M,1990,Graham,15
CT,M,1990,Jerry,15
CT,M,1990,Lee,15
CT,M,1990,Manuel,15
CT,M,1990,Maurice,15
CT,M,1990,Micheal,15
CT,M,1990,Alberto,14
CT,M,1990,Collin,14
CT,M,1990,Dale,14
CT,M,1990,Elijah,14
CT,M,1990,Emanuel,14
CT,M,1990,Jay,14
CT,M,1990,Jeremiah,14
CT,M,1990,Karl,14
CT,M,1990,Leonard,14
CT,M,1990,Logan,14
CT,M,1990,Rodney,14
CT,M,1990,Terrance,14
CT,M,1990,Alec,13
CT,M,1990,Angelo,13
CT,M,1990,Blake,13
CT,M,1990,Colby,13
CT,M,1990,Harry,13
CT,M,1990,Jaime,13
CT,M,1990,Johnny,13
CT,M,1990,Jon,13
CT,M,1990,Josue,13
CT,M,1990,Miles,13
CT,M,1990,Ricky,13
CT,M,1990,Sebastian,13
CT,M,1990,Terrence,13
CT,M,1990,Darren,12
CT,M,1990,Felix,12
CT,M,1990,Glenn,12
CT,M,1990,Gordon,12
CT,M,1990,Hunter,12
CT,M,1990,Israel,12
CT,M,1990,Jimmy,12
CT,M,1990,Neil,12
CT,M,1990,Pedro,12
CT,M,1990,Preston,12
CT,M,1990,Randall,12
CT,M,1990,Salvatore,12
CT,M,1990,Stefan,12
CT,M,1990,Bernard,11
CT,M,1990,Byron,11
CT,M,1990,Caleb,11
CT,M,1990,Dana,11
CT,M,1990,Dominique,11
CT,M,1990,Larry,11
CT,M,1990,Liam,11
CT,M,1990,Marquis,11
CT,M,1990,Nickolas,11
CT,M,1990,Nicolas,11
CT,M,1990,Norman,11
CT,M,1990,Ralph,11
CT,M,1990,Randy,11
CT,M,1990,Reginald,11
CT,M,1990,Shaun,11
CT,M,1990,Tristan,11
CT,M,1990,Bobby,10
CT,M,1990,Brad,10
CT,M,1990,Bryant,10
CT,M,1990,Chaz,10
CT,M,1990,Cole,10
CT,M,1990,Damon,10
CT,M,1990,Danny,10
CT,M,1990,Davon,10
CT,M,1990,Dominick,10
CT,M,1990,Dwight,10
CT,M,1990,Isaac,10
CT,M,1990,Isaiah,10
CT,M,1990,Ivan,10
CT,M,1990,Jameson,10
CT,M,1990,Malcolm,10
CT,M,1990,Marvin,10
CT,M,1990,Morgan,10
CT,M,1990,Rocco,10
CT,M,1990,Sergio,10
CT,M,1990,Terry,10
CT,M,1990,Tucker,10
CT,M,1990,Tyrell,10
CT,M,1990,Andres,9
CT,M,1990,Dwayne,9
CT,M,1990,Edgar,9
CT,M,1990,Grant,9
CT,M,1990,Ismael,9
CT,M,1990,Jeffery,9
CT,M,1990,Lamar,9
CT,M,1990,Lorenzo,9
CT,M,1990,Marco,9
CT,M,1990,Noel,9
CT,M,1990,Owen,9
CT,M,1990,Ruben,9
CT,M,1990,Steve,9
CT,M,1990,Terrell,9
CT,M,1990,Tory,9
CT,M,1990,Tyshawn,9
CT,M,1990,Akeem,8
CT,M,1990,Alejandro,8
CT,M,1990,Babyboy,8
CT,M,1990,Branden,8
CT,M,1990,Brenden,8
CT,M,1990,Brendon,8
CT,M,1990,Carmen,8
CT,M,1990,Clayton,8
CT,M,1990,Colton,8
CT,M,1990,Damien,8
CT,M,1990,Dante,8
CT,M,1990,Daquan,8
CT,M,1990,Darrell,8
CT,M,1990,Darryl,8
CT,M,1990,Daryl,8
CT,M,1990,Elliot,8
CT,M,1990,Enrique,8
CT,M,1990,Ernest,8
CT,M,1990,Eugene,8
CT,M,1990,Gavin,8
CT,M,1990,Jamar,8
CT,M,1990,Jaquan,8
CT,M,1990,Korey,8
CT,M,1990,Lance,8
CT,M,1990,Maximilian,8
CT,M,1990,Nolan,8
CT,M,1990,Oscar,8
CT,M,1990,Perry,8
CT,M,1990,Ramon,8
CT,M,1990,Rashad,8
CT,M,1990,Sam,8
CT,M,1990,Shayne,8
CT,M,1990,Stanley,8
CT,M,1990,Terence,8
CT,M,1990,Tevin,8
CT,M,1990,Zachariah,8
CT,M,1990,Allan,7
CT,M,1990,Andy,7
CT,M,1990,Carlton,7
CT,M,1990,Cedric,7
CT,M,1990,Clifford,7
CT,M,1990,Dane,7
CT,M,1990,Denzel,7
CT,M,1990,Desmond,7
CT,M,1990,Donovan,7
CT,M,1990,Efrain,7
CT,M,1990,Erick,7
CT,M,1990,Gilbert,7
CT,M,1990,Griffin,7
CT,M,1990,Heriberto,7
CT,M,1990,Jackson,7
CT,M,1990,Jordon,7
CT,M,1990,Kelly,7
CT,M,1990,Kenny,7
CT,M,1990,Leroy,7
CT,M,1990,Mason,7
CT,M,1990,Melvin,7
CT,M,1990,Mike,7
CT,M,1990,Niko,7
CT,M,1990,Pablo,7
CT,M,1990,Reynaldo,7
CT,M,1990,Ronnie,7
CT,M,1990,Stephan,7
CT,M,1990,Tony,7
CT,M,1990,Wilfredo,7
CT,M,1990,Wilson,7
CT,M,1990,Zachery,7
CT,M,1990,Alfred,6
CT,M,1990,Ali,6
CT,M,1990,Alvin,6
CT,M,1990,Anibal,6
CT,M,1990,Antoine,6
CT,M,1990,Baby,6
CT,M,1990,Billy,6
CT,M,1990,Bradford,6
CT,M,1990,Bret,6
CT,M,1990,Carmine,6
CT,M,1990,Cesar,6
CT,M,1990,Dakota,6
CT,M,1990,Damian,6
CT,M,1990,Deshawn,6
CT,M,1990,Dion,6
CT,M,1990,Eduardo,6
CT,M,1990,Elias,6
CT,M,1990,Elliott,6
CT,M,1990,Emilio,6
CT,M,1990,Frankie,6
CT,M,1990,Jayson,6
CT,M,1990,Jean,6
CT,M,1990,Jessie,6
CT,M,1990,Jovan,6
CT,M,1990,Keenan,6
CT,M,1990,Kendall,6
CT,M,1990,Leonardo,6
CT,M,1990,Marcos,6
CT,M,1990,Micahel,6
CT,M,1990,Parker,6
CT,M,1990,Reed,6
CT,M,1990,Shamar,6
CT,M,1990,Simon,6
CT,M,1990,Spenser,6
CT,M,1990,Thaddeus,6
CT,M,1990,Tyron,6
CT,M,1990,Willie,6
CT,M,1990,Winston,6
CT,M,1990,Wyatt,6
CT,M,1990,Abraham,5
CT,M,1990,Alexandre,5
CT,M,1990,Alfredo,5
CT,M,1990,Antwan,5
CT,M,1990,Armando,5
CT,M,1990,Avery,5
CT,M,1990,Barrett,5
CT,M,1990,Barry,5
CT,M,1990,Ben,5
CT,M,1990,Carlo,5
CT,M,1990,Clinton,5
CT,M,1990,Dashawn,5
CT,M,1990,Donnell,5
CT,M,1990,Duane,5
CT,M,1990,Earl,5
CT,M,1990,Edgardo,5
CT,M,1990,Everett,5
CT,M,1990,Gerard,5
CT,M,1990,Gino,5
CT,M,1990,Glen,5
CT,M,1990,Jamison,5
CT,M,1990,Javon,5
CT,M,1990,Kasey,5
CT,M,1990,Kelvin,5
CT,M,1990,Kent,5
CT,M,1990,Kirk,5
CT,M,1990,Kristofer,5
CT,M,1990,Kurtis,5
CT,M,1990,Leland,5
CT,M,1990,Leo,5
CT,M,1990,Mackenzie,5
CT,M,1990,Malik,5
CT,M,1990,Marcello,5
CT,M,1990,Marshall,5
CT,M,1990,Micah,5
CT,M,1990,Moises,5
CT,M,1990,Nikolas,5
CT,M,1990,Oliver,5
CT,M,1990,Ray,5
CT,M,1990,Rayshawn,5
CT,M,1990,Roland,5
CT,M,1990,Rondell,5
CT,M,1990,Rory,5
CT,M,1990,Sebastiano,5
CT,M,1990,Tanner,5
CT,M,1990,Trent,5
CT,M,1990,Vincenzo,5
CT,M,1991,Michael,1074
CT,M,1991,Christopher,726
CT,M,1991,Matthew,707
CT,M,1991,Nicholas,503
CT,M,1991,Daniel,477
CT,M,1991,John,459
CT,M,1991,Ryan,453
CT,M,1991,Joseph,447
CT,M,1991,Andrew,441
CT,M,1991,David,433
CT,M,1991,James,413
CT,M,1991,Joshua,409
CT,M,1991,Robert,388
CT,M,1991,William,385
CT,M,1991,Anthony,363
CT,M,1991,Kyle,360
CT,M,1991,Kevin,348
CT,M,1991,Jonathan,323
CT,M,1991,Alexander,300
CT,M,1991,Thomas,287
CT,M,1991,Brian,279
CT,M,1991,Justin,274
CT,M,1991,Eric,258
CT,M,1991,Zachary,255
CT,M,1991,Tyler,250
CT,M,1991,Patrick,231
CT,M,1991,Sean,221
CT,M,1991,Steven,219
CT,M,1991,Benjamin,213
CT,M,1991,Brandon,208
CT,M,1991,Timothy,188
CT,M,1991,Jeffrey,187
CT,M,1991,Stephen,181
CT,M,1991,Adam,180
CT,M,1991,Richard,173
CT,M,1991,Jacob,167
CT,M,1991,Samuel,159
CT,M,1991,Mark,142
CT,M,1991,Jason,141
CT,M,1991,Paul,137
CT,M,1991,Gregory,136
CT,M,1991,Jordan,135
CT,M,1991,Peter,127
CT,M,1991,Charles,124
CT,M,1991,Aaron,118
CT,M,1991,Dylan,113
CT,M,1991,Scott,113
CT,M,1991,Christian,110
CT,M,1991,Jeremy,105
CT,M,1991,Luis,101
CT,M,1991,Jose,100
CT,M,1991,Bryan,99
CT,M,1991,Edward,99
CT,M,1991,Ian,98
CT,M,1991,Brendan,95
CT,M,1991,Nathan,95
CT,M,1991,Kenneth,91
CT,M,1991,Cody,90
CT,M,1991,Jesse,84
CT,M,1991,Connor,83
CT,M,1991,Evan,80
CT,M,1991,Alex,77
CT,M,1991,George,76
CT,M,1991,Corey,72
CT,M,1991,Raymond,70
CT,M,1991,Taylor,70
CT,M,1991,Ethan,68
CT,M,1991,Shane,66
CT,M,1991,Derek,65
CT,M,1991,Austin,63
CT,M,1991,Erik,63
CT,M,1991,Keith,61
CT,M,1991,Shawn,59
CT,M,1991,Travis,59
CT,M,1991,Vincent,56
CT,M,1991,Carlos,55
CT,M,1991,Trevor,54
CT,M,1991,Douglas,53
CT,M,1991,Colin,52
CT,M,1991,Devin,52
CT,M,1991,Jared,52
CT,M,1991,Brett,50
CT,M,1991,Frank,49
CT,M,1991,Spencer,48
CT,M,1991,Victor,45
CT,M,1991,Gabriel,44
CT,M,1991,Jake,43
CT,M,1991,Philip,43
CT,M,1991,Casey,42
CT,M,1991,Craig,42
CT,M,1991,Juan,42
CT,M,1991,Miguel,42
CT,M,1991,Marc,41
CT,M,1991,Ronald,40
CT,M,1991,Seth,40
CT,M,1991,Marcus,39
CT,M,1991,Angel,38
CT,M,1991,Edwin,38
CT,M,1991,Nathaniel,38
CT,M,1991,Cameron,37
CT,M,1991,Donald,37
CT,M,1991,Garrett,37
CT,M,1991,Gary,36
CT,M,1991,Luke,35
CT,M,1991,Joel,33
CT,M,1991,Cory,32
CT,M,1991,Martin,32
CT,M,1991,Mitchell,32
CT,M,1991,Hector,31
CT,M,1991,Mathew,30
CT,M,1991,Max,30
CT,M,1991,Antonio,29
CT,M,1991,Dillon,29
CT,M,1991,Drew,29
CT,M,1991,Henry,28
CT,M,1991,Maxwell,28
CT,M,1991,Phillip,28
CT,M,1991,Alan,27
CT,M,1991,Frederick,27
CT,M,1991,Carl,26
CT,M,1991,Dennis,26
CT,M,1991,Devon,26
CT,M,1991,Louis,26
CT,M,1991,Troy,26
CT,M,1991,Johnathan,25
CT,M,1991,Julian,25
CT,M,1991,Andre,24
CT,M,1991,Arthur,24
CT,M,1991,Bradley,24
CT,M,1991,Dustin,24
CT,M,1991,Curtis,23
CT,M,1991,Jorge,23
CT,M,1991,Lucas,23
CT,M,1991,Giovanni,22
CT,M,1991,Jeremiah,22
CT,M,1991,Ross,22
CT,M,1991,Todd,22
CT,M,1991,Chad,21
CT,M,1991,Geoffrey,21
CT,M,1991,Orlando,21
CT,M,1991,Shaun,21
CT,M,1991,Xavier,21
CT,M,1991,Blake,20
CT,M,1991,Collin,20
CT,M,1991,Derrick,20
CT,M,1991,Caleb,19
CT,M,1991,Conor,19
CT,M,1991,Dominique,19
CT,M,1991,Francis,19
CT,M,1991,Gerald,19
CT,M,1991,Jay,19
CT,M,1991,Lawrence,19
CT,M,1991,Pedro,19
CT,M,1991,Rafael,19
CT,M,1991,Adrian,18
CT,M,1991,Dominic,18
CT,M,1991,Erick,18
CT,M,1991,Jack,18
CT,M,1991,Kurt,18
CT,M,1991,Roberto,18
CT,M,1991,Salvatore,18
CT,M,1991,Brent,17
CT,M,1991,Elijah,17
CT,M,1991,Julio,17
CT,M,1991,Manuel,17
CT,M,1991,Mason,17
CT,M,1991,Nicolas,17
CT,M,1991,Stanley,17
CT,M,1991,Theodore,17
CT,M,1991,Wesley,17
CT,M,1991,Alejandro,16
CT,M,1991,Allen,16
CT,M,1991,Bruce,16
CT,M,1991,Chase,16
CT,M,1991,Jermaine,16
CT,M,1991,Jesus,16
CT,M,1991,Kristopher,16
CT,M,1991,Maurice,16
CT,M,1991,Ramon,16
CT,M,1991,Russell,16
CT,M,1991,Albert,15
CT,M,1991,Alexis,15
CT,M,1991,Angelo,15
CT,M,1991,Francisco,15
CT,M,1991,Harrison,15
CT,M,1991,Javier,15
CT,M,1991,Karl,15
CT,M,1991,Noah,15
CT,M,1991,Walter,15
CT,M,1991,Alec,14
CT,M,1991,Graham,14
CT,M,1991,Harry,14
CT,M,1991,Isaac,14
CT,M,1991,Isaiah,14
CT,M,1991,Jamie,14
CT,M,1991,Jonathon,14
CT,M,1991,Larry,14
CT,M,1991,Nelson,14
CT,M,1991,Ricardo,14
CT,M,1991,Sebastian,14
CT,M,1991,Terrell,14
CT,M,1991,Wayne,14
CT,M,1991,Brendon,13
CT,M,1991,Calvin,13
CT,M,1991,Damian,13
CT,M,1991,Dane,13
CT,M,1991,Darren,13
CT,M,1991,Dean,13
CT,M,1991,Eugene,13
CT,M,1991,Fernando,13
CT,M,1991,Glenn,13
CT,M,1991,Jackson,13
CT,M,1991,Johnny,13
CT,M,1991,Leonard,13
CT,M,1991,Marquis,13
CT,M,1991,Micheal,13
CT,M,1991,Morgan,13
CT,M,1991,Randy,13
CT,M,1991,Bryant,12
CT,M,1991,Colby,12
CT,M,1991,Cole,12
CT,M,1991,Jamal,12
CT,M,1991,Jordon,12
CT,M,1991,Josue,12
CT,M,1991,Mario,12
CT,M,1991,Oliver,12
CT,M,1991,Ralph,12
CT,M,1991,Randall,12
CT,M,1991,Raul,12
CT,M,1991,Stephan,12
CT,M,1991,Dalton,11
CT,M,1991,Danny,11
CT,M,1991,Dante,11
CT,M,1991,Dashawn,11
CT,M,1991,Davon,11
CT,M,1991,Eduardo,11
CT,M,1991,Gene,11
CT,M,1991,Grant,11
CT,M,1991,Ivan,11
CT,M,1991,Lance,11
CT,M,1991,Leon,11
CT,M,1991,Logan,11
CT,M,1991,Neil,11
CT,M,1991,Stefan,11
CT,M,1991,Terrence,11
CT,M,1991,Alberto,10
CT,M,1991,Dakota,10
CT,M,1991,Darrell,10
CT,M,1991,Dominick,10
CT,M,1991,Donovan,10
CT,M,1991,Emmanuel,10
CT,M,1991,Harold,10
CT,M,1991,Hunter,10
CT,M,1991,Lee,10
CT,M,1991,Malcolm,10
CT,M,1991,Melvin,10
CT,M,1991,Omar,10
CT,M,1991,Owen,10
CT,M,1991,Ricky,10
CT,M,1991,Roger,10
CT,M,1991,Terrance,10
CT,M,1991,Tevin,10
CT,M,1991,Tony,10
CT,M,1991,Ariel,9
CT,M,1991,Brenden,9
CT,M,1991,Dale,9
CT,M,1991,Darius,9
CT,M,1991,Eddie,9
CT,M,1991,Franklin,9
CT,M,1991,Griffin,9
CT,M,1991,Jaime,9
CT,M,1991,Jimmy,9
CT,M,1991,Kelvin,9
CT,M,1991,Malik,9
CT,M,1991,Marcos,9
CT,M,1991,Marshall,9
CT,M,1991,Miles,9
CT,M,1991,Norman,9
CT,M,1991,Oscar,9
CT,M,1991,Terry,9
CT,M,1991,Tyrell,9
CT,M,1991,Branden,8
CT,M,1991,Daryl,8
CT,M,1991,Dwight,8
CT,M,1991,Elliot,8
CT,M,1991,Gavin,8
CT,M,1991,Geraldo,8
CT,M,1991,Howard,8
CT,M,1991,Jamar,8
CT,M,1991,Jaquan,8
CT,M,1991,Jean,8
CT,M,1991,Jeffery,8
CT,M,1991,Jon,8
CT,M,1991,Lorenzo,8
CT,M,1991,Marco,8
CT,M,1991,Marlon,8
CT,M,1991,Milton,8
CT,M,1991,Perry,8
CT,M,1991,Preston,8
CT,M,1991,Rodney,8
CT,M,1991,Sergio,8
CT,M,1991,Steve,8
CT,M,1991,Terence,8
CT,M,1991,Tucker,8
CT,M,1991,Tyshawn,8
CT,M,1991,Wade,8
CT,M,1991,Wilfredo,8
CT,M,1991,Willie,8
CT,M,1991,Zachery,8
CT,M,1991,Akeem,7
CT,M,1991,Alvin,7
CT,M,1991,Amir,7
CT,M,1991,Antoine,7
CT,M,1991,Beau,7
CT,M,1991,Bobby,7
CT,M,1991,Byron,7
CT,M,1991,Carlton,7
CT,M,1991,Chaz,7
CT,M,1991,Chris,7
CT,M,1991,Colton,7
CT,M,1991,Dana,7
CT,M,1991,Deshawn,7
CT,M,1991,Edgar,7
CT,M,1991,Edgardo,7
CT,M,1991,Emanuel,7
CT,M,1991,Ernest,7
CT,M,1991,Felix,7
CT,M,1991,Forrest,7
CT,M,1991,Gerard,7
CT,M,1991,Gilbert,7
CT,M,1991,Gordon,7
CT,M,1991,Kendall,7
CT,M,1991,Kristian,7
CT,M,1991,Kwame,7
CT,M,1991,Rashad,7
CT,M,1991,Reginald,7
CT,M,1991,Sam,7
CT,M,1991,Shaquille,7
CT,M,1991,Shayne,7
CT,M,1991,Simon,7
CT,M,1991,Stuart,7
CT,M,1991,Tristan,7
CT,M,1991,Tyquan,7
CT,M,1991,Tyrone,7
CT,M,1991,Andres,6
CT,M,1991,Armando,6
CT,M,1991,Ben,6
CT,M,1991,Billy,6
CT,M,1991,Brad,6
CT,M,1991,Bradford,6
CT,M,1991,Carter,6
CT,M,1991,Clayton,6
CT,M,1991,Conner,6
CT,M,1991,Daquan,6
CT,M,1991,Demetrius,6
CT,M,1991,Denzel,6
CT,M,1991,Dwayne,6
CT,M,1991,Earl,6
CT,M,1991,Efrain,6
CT,M,1991,Giuseppe,6
CT,M,1991,Guillermo,6
CT,M,1991,Herbert,6
CT,M,1991,Ismael,6
CT,M,1991,Jerry,6
CT,M,1991,Jovan,6
CT,M,1991,Keegan,6
CT,M,1991,Kelly,6
CT,M,1991,Kendrick,6
CT,M,1991,Kurtis,6
CT,M,1991,Lamar,6
CT,M,1991,Marvin,6
CT,M,1991,Maximillian,6
CT,M,1991,Moises,6
CT,M,1991,Myles,6
CT,M,1991,Nigel,6
CT,M,1991,Noel,6
CT,M,1991,Nolan,6
CT,M,1991,Reynaldo,6
CT,M,1991,Rory,6
CT,M,1991,Roy,6
CT,M,1991,Ruben,6
CT,M,1991,Tanner,6
CT,M,1991,Terrel,6
CT,M,1991,Travon,6
CT,M,1991,Trevon,6
CT,M,1991,Abraham,5
CT,M,1991,Alfred,5
CT,M,1991,Allan,5
CT,M,1991,Andy,5
CT,M,1991,Ari,5
CT,M,1991,Avery,5
CT,M,1991,Bennett,5
CT,M,1991,Brandyn,5
CT,M,1991,Bryce,5
CT,M,1991,Cesar,5
CT,M,1991,Courtney,5
CT,M,1991,Cristian,5
CT,M,1991,Damien,5
CT,M,1991,Darnell,5
CT,M,1991,Desmond,5
CT,M,1991,Domenic,5
CT,M,1991,Duncan,5
CT,M,1991,Eliot,5
CT,M,1991,Elliott,5
CT,M,1991,Enrique,5
CT,M,1991,Fabian,5
CT,M,1991,Francesco,5
CT,M,1991,Fredrick,5
CT,M,1991,Gilberto,5
CT,M,1991,Harvey,5
CT,M,1991,Irving,5
CT,M,1991,Jameson,5
CT,M,1991,Jarrett,5
CT,M,1991,Jerome,5
CT,M,1991,Jessie,5
CT,M,1991,Julius,5
CT,M,1991,Kendell,5
CT,M,1991,Kerry,5
CT,M,1991,Korey,5
CT,M,1991,Leo,5
CT,M,1991,Lester,5
CT,M,1991,Lewis,5
CT,M,1991,Mackenzie,5
CT,M,1991,Marcel,5
CT,M,1991,Nathanael,5
CT,M,1991,Nico,5
CT,M,1991,Pablo,5
CT,M,1991,Parker,5
CT,M,1991,Pasquale,5
CT,M,1991,Quinn,5
CT,M,1991,Rocco,5
CT,M,1991,Rohan,5
CT,M,1991,Syed,5
CT,M,1991,Tommy,5
CT,M,1991,Tylon,5
CT,M,1991,Tyron,5
CT,M,1991,Warren,5
CT,M,1991,Weston,5
CT,M,1991,Wilson,5
CT,M,1991,Zachariah,5
CT,M,1992,Michael,901
CT,M,1992,Matthew,665
CT,M,1992,Christopher,606
CT,M,1992,Nicholas,513
CT,M,1992,Daniel,502
CT,M,1992,Joseph,446
CT,M,1992,Ryan,446
CT,M,1992,Andrew,426
CT,M,1992,David,406
CT,M,1992,John,397
CT,M,1992,Robert,379
CT,M,1992,James,372
CT,M,1992,Kevin,366
CT,M,1992,Alexander,354
CT,M,1992,Joshua,340
CT,M,1992,Tyler,337
CT,M,1992,Kyle,322
CT,M,1992,Anthony,321
CT,M,1992,Zachary,320
CT,M,1992,William,311
CT,M,1992,Brian,302
CT,M,1992,Jonathan,296
CT,M,1992,Brandon,282
CT,M,1992,Thomas,268
CT,M,1992,Eric,263
CT,M,1992,Justin,240
CT,M,1992,Sean,229
CT,M,1992,Benjamin,219
CT,M,1992,Timothy,211
CT,M,1992,Patrick,204
CT,M,1992,Steven,189
CT,M,1992,Jeffrey,177
CT,M,1992,Stephen,174
CT,M,1992,Jacob,166
CT,M,1992,Adam,160
CT,M,1992,Dylan,160
CT,M,1992,Samuel,158
CT,M,1992,Gregory,151
CT,M,1992,Richard,148
CT,M,1992,Jordan,138
CT,M,1992,Jason,136
CT,M,1992,Mark,133
CT,M,1992,Charles,125
CT,M,1992,Paul,122
CT,M,1992,Christian,120
CT,M,1992,Peter,117
CT,M,1992,Aaron,116
CT,M,1992,Connor,116
CT,M,1992,Evan,114
CT,M,1992,Scott,114
CT,M,1992,Bryan,98
CT,M,1992,Cody,96
CT,M,1992,Nathan,94
CT,M,1992,Jose,92
CT,M,1992,Taylor,87
CT,M,1992,Luis,82
CT,M,1992,Alex,81
CT,M,1992,Jesse,80
CT,M,1992,Kenneth,78
CT,M,1992,Vincent,76
CT,M,1992,Ian,75
CT,M,1992,Jeremy,75
CT,M,1992,Austin,74
CT,M,1992,Edward,73
CT,M,1992,Erik,65
CT,M,1992,Shawn,65
CT,M,1992,Corey,63
CT,M,1992,Angel,62
CT,M,1992,Trevor,61
CT,M,1992,Brendan,59
CT,M,1992,Cameron,59
CT,M,1992,Nathaniel,59
CT,M,1992,Carlos,57
CT,M,1992,Travis,57
CT,M,1992,Shane,55
CT,M,1992,Colin,53
CT,M,1992,Luke,52
CT,M,1992,Ethan,51
CT,M,1992,George,51
CT,M,1992,Juan,51
CT,M,1992,Raymond,50
CT,M,1992,Derek,49
CT,M,1992,Spencer,48
CT,M,1992,Mitchell,46
CT,M,1992,Brett,45
CT,M,1992,Jake,45
CT,M,1992,Hector,44
CT,M,1992,Jared,44
CT,M,1992,Conor,43
CT,M,1992,Maxwell,43
CT,M,1992,Miguel,43
CT,M,1992,Philip,43
CT,M,1992,Andre,42
CT,M,1992,Douglas,42
CT,M,1992,Gabriel,41
CT,M,1992,Marcus,41
CT,M,1992,Victor,39
CT,M,1992,Dennis,38
CT,M,1992,Dillon,38
CT,M,1992,Jack,38
CT,M,1992,Ronald,38
CT,M,1992,Edwin,37
CT,M,1992,Devin,36
CT,M,1992,Keith,36
CT,M,1992,Donald,35
CT,M,1992,Frank,35
CT,M,1992,Louis,35
CT,M,1992,Lucas,35
CT,M,1992,Antonio,33
CT,M,1992,Troy,33
CT,M,1992,Casey,32
CT,M,1992,Max,31
CT,M,1992,Alan,30
CT,M,1992,Chad,30
CT,M,1992,Garrett,30
CT,M,1992,Gary,29
CT,M,1992,Oliver,29
CT,M,1992,Seth,29
CT,M,1992,Adrian,28
CT,M,1992,Marc,28
CT,M,1992,Devon,27
CT,M,1992,Mathew,27
CT,M,1992,Sebastian,27
CT,M,1992,Cory,26
CT,M,1992,Craig,26
CT,M,1992,Theodore,26
CT,M,1992,Albert,25
CT,M,1992,Alec,25
CT,M,1992,Joel,25
CT,M,1992,Julian,25
CT,M,1992,Xavier,25
CT,M,1992,Henry,24
CT,M,1992,Johnathan,24
CT,M,1992,Todd,24
CT,M,1992,Wesley,24
CT,M,1992,Nicolas,22
CT,M,1992,Dominic,21
CT,M,1992,Geoffrey,21
CT,M,1992,Giovanni,21
CT,M,1992,Drew,20
CT,M,1992,Dustin,20
CT,M,1992,Francis,20
CT,M,1992,Isaac,20
CT,M,1992,Jonathon,20
CT,M,1992,Rafael,20
CT,M,1992,Alexis,19
CT,M,1992,Arthur,19
CT,M,1992,Carl,19
CT,M,1992,Lawrence,19
CT,M,1992,Martin,19
CT,M,1992,Morgan,19
CT,M,1992,Parker,19
CT,M,1992,Phillip,19
CT,M,1992,Ricardo,19
CT,M,1992,Collin,18
CT,M,1992,Frederick,18
CT,M,1992,Ivan,18
CT,M,1992,Ross,18
CT,M,1992,Russell,18
CT,M,1992,Bradley,17
CT,M,1992,Caleb,17
CT,M,1992,Darren,17
CT,M,1992,Jaime,17
CT,M,1992,Julio,17
CT,M,1992,Karl,17
CT,M,1992,Logan,17
CT,M,1992,Randy,17
CT,M,1992,Tyrell,17
CT,M,1992,Blake,16
CT,M,1992,Branden,16
CT,M,1992,Jerome,16
CT,M,1992,Manuel,16
CT,M,1992,Pedro,16
CT,M,1992,Salvatore,16
CT,M,1992,Allen,15
CT,M,1992,Clayton,15
CT,M,1992,Colby,15
CT,M,1992,Davon,15
CT,M,1992,Grant,15
CT,M,1992,Isaiah,15
CT,M,1992,Jamie,15
CT,M,1992,Jeremiah,15
CT,M,1992,Jorge,15
CT,M,1992,Ricky,15
CT,M,1992,Roberto,15
CT,M,1992,Brenden,14
CT,M,1992,Brendon,14
CT,M,1992,Cole,14
CT,M,1992,Curtis,14
CT,M,1992,Derrick,14
CT,M,1992,Eduardo,14
CT,M,1992,Gerald,14
CT,M,1992,Harrison,14
CT,M,1992,Hunter,14
CT,M,1992,Kristopher,14
CT,M,1992,Leonard,14
CT,M,1992,Miles,14
CT,M,1992,Noah,14
CT,M,1992,Tanner,14
CT,M,1992,Tevin,14
CT,M,1992,Andres,13
CT,M,1992,Byron,13
CT,M,1992,Dakota,13
CT,M,1992,Elijah,13
CT,M,1992,Gavin,13
CT,M,1992,Jermaine,13
CT,M,1992,Jerry,13
CT,M,1992,Kurt,13
CT,M,1992,Malcolm,13
CT,M,1992,Micheal,13
CT,M,1992,Nelson,13
CT,M,1992,Roger,13
CT,M,1992,Alejandro,12
CT,M,1992,Brent,12
CT,M,1992,Bryce,12
CT,M,1992,Dean,12
CT,M,1992,Dominick,12
CT,M,1992,Graham,12
CT,M,1992,Harry,12
CT,M,1992,Jesus,12
CT,M,1992,Lance,12
CT,M,1992,Mario,12
CT,M,1992,Marvin,12
CT,M,1992,Mason,12
CT,M,1992,Maurice,12
CT,M,1992,Myles,12
CT,M,1992,Omar,12
CT,M,1992,Quinn,12
CT,M,1992,Sam,12
CT,M,1992,Tucker,12
CT,M,1992,Bruce,11
CT,M,1992,Calvin,11
CT,M,1992,Devonte,11
CT,M,1992,Efrain,11
CT,M,1992,Emmanuel,11
CT,M,1992,Felix,11
CT,M,1992,Francisco,11
CT,M,1992,Jeffery,11
CT,M,1992,Johnny,11
CT,M,1992,Jovan,11
CT,M,1992,Ralph,11
CT,M,1992,Rodney,11
CT,M,1992,Shaun,11
CT,M,1992,Stanley,11
CT,M,1992,Allan,10
CT,M,1992,Bryant,10
CT,M,1992,Chase,10
CT,M,1992,Colton,10
CT,M,1992,Conner,10
CT,M,1992,Danny,10
CT,M,1992,Dante,10
CT,M,1992,Edgar,10
CT,M,1992,Elias,10
CT,M,1992,Erick,10
CT,M,1992,Javon,10
CT,M,1992,Jay,10
CT,M,1992,Leo,10
CT,M,1992,Nico,10
CT,M,1992,Owen,10
CT,M,1992,Walter,10
CT,M,1992,Wayne,10
CT,M,1992,Zachariah,10
CT,M,1992,Alberto,9
CT,M,1992,Dalton,9
CT,M,1992,Damian,9
CT,M,1992,Darius,9
CT,M,1992,Darnell,9
CT,M,1992,Devante,9
CT,M,1992,Edgardo,9
CT,M,1992,Franklin,9
CT,M,1992,Glenn,9
CT,M,1992,Jackson,9
CT,M,1992,Jamal,9
CT,M,1992,Javier,9
CT,M,1992,Larry,9
CT,M,1992,Lee,9
CT,M,1992,Noel,9
CT,M,1992,Quincy,9
CT,M,1992,Reginald,9
CT,M,1992,Stuart,9
CT,M,1992,Wilfredo,9
CT,M,1992,Zachery,9
CT,M,1992,Akeem,8
CT,M,1992,Bernard,8
CT,M,1992,Cesar,8
CT,M,1992,Denzel,8
CT,M,1992,Eddie,8
CT,M,1992,Elliot,8
CT,M,1992,Griffin,8
CT,M,1992,Harold,8
CT,M,1992,Kelvin,8
CT,M,1992,Kristian,8
CT,M,1992,Liam,8
CT,M,1992,Malik,8
CT,M,1992,Melvin,8
CT,M,1992,Neil,8
CT,M,1992,Norman,8
CT,M,1992,Ramon,8
CT,M,1992,Randall,8
CT,M,1992,Shaquille,8
CT,M,1992,Terrance,8
CT,M,1992,Tomas,8
CT,M,1992,Tyshawn,8
CT,M,1992,Alfred,7
CT,M,1992,Babyboy,7
CT,M,1992,Brad,7
CT,M,1992,Brock,7
CT,M,1992,Cristian,7
CT,M,1992,Dana,7
CT,M,1992,Dane,7
CT,M,1992,Dimitri,7
CT,M,1992,Donovan,7
CT,M,1992,Gordon,7
CT,M,1992,Isiah,7
CT,M,1992,Israel,7
CT,M,1992,Jaquan,7
CT,M,1992,Josiah,7
CT,M,1992,Josue,7
CT,M,1992,Kareem,7
CT,M,1992,Kirk,7
CT,M,1992,Leon,7
CT,M,1992,Lorenzo,7
CT,M,1992,Mackenzie,7
CT,M,1992,Marcos,7
CT,M,1992,Markus,7
CT,M,1992,Marquis,7
CT,M,1992,Oscar,7
CT,M,1992,Rashad,7
CT,M,1992,Rory,7
CT,M,1992,Terrell,7
CT,M,1992,Terrence,7
CT,M,1992,Terry,7
CT,M,1992,Tony,7
CT,M,1992,Tyrone,7
CT,M,1992,Vaughn,7
CT,M,1992,Warren,7
CT,M,1992,Wilson,7
CT,M,1992,Abraham,6
CT,M,1992,Ariel,6
CT,M,1992,Bennett,6
CT,M,1992,Bobby,6
CT,M,1992,Bradford,6
CT,M,1992,Carter,6
CT,M,1992,Cullen,6
CT,M,1992,Darryl,6
CT,M,1992,Eli,6
CT,M,1992,Elliott,6
CT,M,1992,Emanuel,6
CT,M,1992,Fernando,6
CT,M,1992,Freddie,6
CT,M,1992,Hans,6
CT,M,1992,Jean,6
CT,M,1992,Jessie,6
CT,M,1992,Johnathon,6
CT,M,1992,Jon,6
CT,M,1992,Jordon,6
CT,M,1992,Keenan,6
CT,M,1992,Kenny,6
CT,M,1992,Lamar,6
CT,M,1992,Lewis,6
CT,M,1992,Mohammad,6
CT,M,1992,Nathanael,6
CT,M,1992,Nickolas,6
CT,M,1992,Orlando,6
CT,M,1992,Pablo,6
CT,M,1992,Reid,6
CT,M,1992,Reynaldo,6
CT,M,1992,Ruben,6
CT,M,1992,Sergio,6
CT,M,1992,Stefano,6
CT,M,1992,Stephan,6
CT,M,1992,Tommy,6
CT,M,1992,Tyquan,6
CT,M,1992,Vincenzo,6
CT,M,1992,Willie,6
CT,M,1992,Ali,5
CT,M,1992,Alvin,5
CT,M,1992,Angelo,5
CT,M,1992,Antoine,5
CT,M,1992,Ari,5
CT,M,1992,Beau,5
CT,M,1992,Billy,5
CT,M,1992,Bret,5
CT,M,1992,Carlton,5
CT,M,1992,Carson,5
CT,M,1992,Clinton,5
CT,M,1992,Corbin,5
CT,M,1992,Dale,5
CT,M,1992,Damien,5
CT,M,1992,Damon,5
CT,M,1992,Daquan,5
CT,M,1992,Deandre,5
CT,M,1992,Demetrius,5
CT,M,1992,Deshawn,5
CT,M,1992,Desmond,5
CT,M,1992,Devan,5
CT,M,1992,Domenic,5
CT,M,1992,Dominique,5
CT,M,1992,Dwayne,5
CT,M,1992,Earl,5
CT,M,1992,Elvin,5
CT,M,1992,Emmett,5
CT,M,1992,Enrique,5
CT,M,1992,Ernest,5
CT,M,1992,Eugene,5
CT,M,1992,Frankie,5
CT,M,1992,Gage,5
CT,M,1992,Gerard,5
CT,M,1992,Gilbert,5
CT,M,1992,Ismael,5
CT,M,1992,Jameson,5
CT,M,1992,Jayson,5
CT,M,1992,Joey,5
CT,M,1992,Keegan,5
CT,M,1992,Kory,5
CT,M,1992,Laurence,5
CT,M,1992,Luigi,5
CT,M,1992,Marco,5
CT,M,1992,Mike,5
CT,M,1992,Nigel,5
CT,M,1992,Quinton,5
CT,M,1992,Riley,5
CT,M,1992,Ronnie,5
CT,M,1992,Simon,5
CT,M,1992,Stefan,5
CT,M,1992,Ted,5
CT,M,1992,Terence,5
CT,M,1992,Tylor,5
CT,M,1992,Wade,5
CT,M,1992,Zackary,5
CT,M,1993,Michael,886
CT,M,1993,Matthew,662
CT,M,1993,Christopher,603
CT,M,1993,Nicholas,529
CT,M,1993,Ryan,472
CT,M,1993,John,417
CT,M,1993,Joseph,417
CT,M,1993,Daniel,409
CT,M,1993,Andrew,404
CT,M,1993,Joshua,380
CT,M,1993,Tyler,364
CT,M,1993,James,347
CT,M,1993,Alexander,338
CT,M,1993,David,338
CT,M,1993,William,335
CT,M,1993,Kyle,331
CT,M,1993,Kevin,324
CT,M,1993,Anthony,310
CT,M,1993,Robert,309
CT,M,1993,Zachary,302
CT,M,1993,Brandon,291
CT,M,1993,Jonathan,288
CT,M,1993,Thomas,273
CT,M,1993,Brian,236
CT,M,1993,Justin,234
CT,M,1993,Eric,222
CT,M,1993,Jacob,210
CT,M,1993,Patrick,195
CT,M,1993,Benjamin,194
CT,M,1993,Sean,172
CT,M,1993,Samuel,170
CT,M,1993,Steven,167
CT,M,1993,Timothy,167
CT,M,1993,Jordan,159
CT,M,1993,Richard,157
CT,M,1993,Dylan,153
CT,M,1993,Adam,151
CT,M,1993,Jeffrey,149
CT,M,1993,Stephen,149
CT,M,1993,Jason,145
CT,M,1993,Connor,139
CT,M,1993,Peter,128
CT,M,1993,Christian,123
CT,M,1993,Mark,120
CT,M,1993,Paul,119
CT,M,1993,Evan,117
CT,M,1993,Charles,111
CT,M,1993,Aaron,107
CT,M,1993,Nathan,105
CT,M,1993,Scott,99
CT,M,1993,Gregory,98
CT,M,1993,Cody,94
CT,M,1993,Austin,86
CT,M,1993,Jeremy,86
CT,M,1993,Alex,81
CT,M,1993,Ian,80
CT,M,1993,Jesse,80
CT,M,1993,Luis,79
CT,M,1993,Bryan,78
CT,M,1993,Kenneth,78
CT,M,1993,Jose,76
CT,M,1993,Edward,74
CT,M,1993,Brendan,70
CT,M,1993,Colin,70
CT,M,1993,Trevor,68
CT,M,1993,Shane,66
CT,M,1993,Shawn,66
CT,M,1993,Jake,65
CT,M,1993,Taylor,65
CT,M,1993,Angel,64
CT,M,1993,Luke,61
CT,M,1993,Mitchell,59
CT,M,1993,Juan,58
CT,M,1993,Travis,58
CT,M,1993,Keith,57
CT,M,1993,Jared,55
CT,M,1993,Cameron,54
CT,M,1993,Conor,54
CT,M,1993,Nathaniel,54
CT,M,1993,Philip,52
CT,M,1993,Raymond,51
CT,M,1993,Devin,50
CT,M,1993,Corey,49
CT,M,1993,Spencer,48
CT,M,1993,Carlos,47
CT,M,1993,Miguel,47
CT,M,1993,Brett,46
CT,M,1993,Frank,46
CT,M,1993,Derek,45
CT,M,1993,Vincent,45
CT,M,1993,Victor,44
CT,M,1993,Garrett,42
CT,M,1993,Dillon,41
CT,M,1993,Erik,41
CT,M,1993,Ethan,41
CT,M,1993,George,41
CT,M,1993,Marc,39
CT,M,1993,Jack,38
CT,M,1993,Ronald,38
CT,M,1993,Andre,37
CT,M,1993,Edwin,37
CT,M,1993,Gabriel,37
CT,M,1993,Lucas,37
CT,M,1993,Louis,36
CT,M,1993,Troy,36
CT,M,1993,Craig,35
CT,M,1993,Max,35
CT,M,1993,Seth,35
CT,M,1993,Douglas,34
CT,M,1993,Devon,33
CT,M,1993,Maxwell,33
CT,M,1993,Chad,31
CT,M,1993,Donald,31
CT,M,1993,Marcus,31
CT,M,1993,Henry,30
CT,M,1993,Antonio,29
CT,M,1993,Blake,29
CT,M,1993,Collin,29
CT,M,1993,Xavier,29
CT,M,1993,Johnathan,28
CT,M,1993,Casey,27
CT,M,1993,Alan,26
CT,M,1993,Alec,26
CT,M,1993,Dominic,26
CT,M,1993,Hector,26
CT,M,1993,Joel,26
CT,M,1993,Bradley,25
CT,M,1993,Cory,25
CT,M,1993,Mathew,25
CT,M,1993,Hunter,23
CT,M,1993,Albert,22
CT,M,1993,Drew,22
CT,M,1993,Geoffrey,21
CT,M,1993,Harrison,21
CT,M,1993,Shaquille,21
CT,M,1993,Arthur,20
CT,M,1993,Dustin,20
CT,M,1993,Jorge,20
CT,M,1993,Julian,20
CT,M,1993,Tucker,20
CT,M,1993,Wesley,20
CT,M,1993,Caleb,19
CT,M,1993,Dennis,19
CT,M,1993,Javier,19
CT,M,1993,Lawrence,19
CT,M,1993,Maurice,19
CT,M,1993,Dalton,18
CT,M,1993,Francis,18
CT,M,1993,Jeremiah,18
CT,M,1993,Liam,18
CT,M,1993,Rafael,18
CT,M,1993,Randy,18
CT,M,1993,Salvatore,18
CT,M,1993,Todd,18
CT,M,1993,Walter,18
CT,M,1993,Adrian,17
CT,M,1993,Allen,17
CT,M,1993,Giovanni,17
CT,M,1993,Julio,17
CT,M,1993,Logan,17
CT,M,1993,Micheal,17
CT,M,1993,Miles,17
CT,M,1993,Neil,17
CT,M,1993,Noah,17
CT,M,1993,Sebastian,17
CT,M,1993,Branden,16
CT,M,1993,Carl,16
CT,M,1993,Cole,16
CT,M,1993,Jesus,16
CT,M,1993,Mario,16
CT,M,1993,Martin,16
CT,M,1993,Myles,16
CT,M,1993,Russell,16
CT,M,1993,Tanner,16
CT,M,1993,Theodore,16
CT,M,1993,Wayne,16
CT,M,1993,Dakota,15
CT,M,1993,Damien,15
CT,M,1993,Derrick,15
CT,M,1993,Emmanuel,15
CT,M,1993,Isaac,15
CT,M,1993,Jonathon,15
CT,M,1993,Kurt,15
CT,M,1993,Manuel,15
CT,M,1993,Mason,15
CT,M,1993,Phillip,15
CT,M,1993,Ricardo,15
CT,M,1993,Bruce,14
CT,M,1993,Colby,14
CT,M,1993,Dean,14
CT,M,1993,Isaiah,14
CT,M,1993,Nelson,14
CT,M,1993,Nicolas,14
CT,M,1993,Parker,14
CT,M,1993,Pedro,14
CT,M,1993,Roberto,14
CT,M,1993,Avery,13
CT,M,1993,Brendon,13
CT,M,1993,Curtis,13
CT,M,1993,Dante,13
CT,M,1993,Davon,13
CT,M,1993,Elijah,13
CT,M,1993,Gary,13
CT,M,1993,Jaime,13
CT,M,1993,Jalen,13
CT,M,1993,Jamie,13
CT,M,1993,Javon,13
CT,M,1993,Sam,13
CT,M,1993,Zachery,13
CT,M,1993,Alexis,12
CT,M,1993,Felix,12
CT,M,1993,Francisco,12
CT,M,1993,Jerome,12
CT,M,1993,Jon,12
CT,M,1993,Malcolm,12
CT,M,1993,Oliver,12
CT,M,1993,Tony,12
CT,M,1993,Ahmed,11
CT,M,1993,Aidan,11
CT,M,1993,Alejandro,11
CT,M,1993,Clayton,11
CT,M,1993,Cooper,11
CT,M,1993,Cristian,11
CT,M,1993,Damian,11
CT,M,1993,Danny,11
CT,M,1993,Erick,11
CT,M,1993,Gerald,11
CT,M,1993,Jaquan,11
CT,M,1993,Jimmy,11
CT,M,1993,Melvin,11
CT,M,1993,Omar,11
CT,M,1993,Riley,11
CT,M,1993,Ross,11
CT,M,1993,Shaun,11
CT,M,1993,Calvin,10
CT,M,1993,Dale,10
CT,M,1993,Denzel,10
CT,M,1993,Eduardo,10
CT,M,1993,Frederick,10
CT,M,1993,Griffin,10
CT,M,1993,Jackson,10
CT,M,1993,Karl,10
CT,M,1993,Kendall,10
CT,M,1993,Leonard,10
CT,M,1993,Marco,10
CT,M,1993,Orlando,10
CT,M,1993,Owen,10
CT,M,1993,Ramon,10
CT,M,1993,Roger,10
CT,M,1993,Trevon,10
CT,M,1993,Alberto,9
CT,M,1993,Andy,9
CT,M,1993,Bennett,9
CT,M,1993,Bernard,9
CT,M,1993,Chase,9
CT,M,1993,Dana,9
CT,M,1993,Daquan,9
CT,M,1993,Emanuel,9
CT,M,1993,Glenn,9
CT,M,1993,Harold,9
CT,M,1993,Hayden,9
CT,M,1993,Howard,9
CT,M,1993,Jay,9
CT,M,1993,Kristopher,9
CT,M,1993,Malik,9
CT,M,1993,Noel,9
CT,M,1993,Stefan,9
CT,M,1993,Tevin,9
CT,M,1993,Willie,9
CT,M,1993,Angelo,8
CT,M,1993,Brad,8
CT,M,1993,Brenden,8
CT,M,1993,Brent,8
CT,M,1993,Cesar,8
CT,M,1993,Colton,8
CT,M,1993,Darren,8
CT,M,1993,Darryl,8
CT,M,1993,Devan,8
CT,M,1993,Devante,8
CT,M,1993,Don,8
CT,M,1993,Edgar,8
CT,M,1993,Edgardo,8
CT,M,1993,Eli,8
CT,M,1993,Fabian,8
CT,M,1993,Gage,8
CT,M,1993,Gordon,8
CT,M,1993,Graham,8
CT,M,1993,Jerry,8
CT,M,1993,Josue,8
CT,M,1993,Kirk,8
CT,M,1993,Lewis,8
CT,M,1993,Lorenzo,8
CT,M,1993,Marquis,8
CT,M,1993,Maximilian,8
CT,M,1993,Micah,8
CT,M,1993,Morgan,8
CT,M,1993,Nolan,8
CT,M,1993,Quinn,8
CT,M,1993,Reginald,8
CT,M,1993,Rohan,8
CT,M,1993,Solomon,8
CT,M,1993,Terence,8
CT,M,1993,Terrell,8
CT,M,1993,Terrence,8
CT,M,1993,Tre,8
CT,M,1993,Tyrone,8
CT,M,1993,Wade,8
CT,M,1993,Zackary,8
CT,M,1993,Anton,7
CT,M,1993,Carter,7
CT,M,1993,Darrin,7
CT,M,1993,Dimitri,7
CT,M,1993,Dominick,7
CT,M,1993,Elliott,7
CT,M,1993,Eugene,7
CT,M,1993,Gilbert,7
CT,M,1993,Jaron,7
CT,M,1993,Jermaine,7
CT,M,1993,Johnny,7
CT,M,1993,Kristofer,7
CT,M,1993,Lance,7
CT,M,1993,Larry,7
CT,M,1993,Lee,7
CT,M,1993,Leo,7
CT,M,1993,Nigel,7
CT,M,1993,Oscar,7
CT,M,1993,Preston,7
CT,M,1993,Ralph,7
CT,M,1993,Rashad,7
CT,M,1993,Raul,7
CT,M,1993,Steve,7
CT,M,1993,Trey,7
CT,M,1993,Zackery,7
CT,M,1993,Abraham,6
CT,M,1993,Alexandre,6
CT,M,1993,Andres,6
CT,M,1993,Ariel,6
CT,M,1993,Bryce,6
CT,M,1993,Dane,6
CT,M,1993,Darien,6
CT,M,1993,Domenic,6
CT,M,1993,Donte,6
CT,M,1993,Edmund,6
CT,M,1993,Elias,6
CT,M,1993,Emilio,6
CT,M,1993,Franklin,6
CT,M,1993,Giuseppe,6
CT,M,1993,Ivan,6
CT,M,1993,Jeffery,6
CT,M,1993,Jonah,6
CT,M,1993,Jovanni,6
CT,M,1993,Kelvin,6
CT,M,1993,Kenny,6
CT,M,1993,Marcel,6
CT,M,1993,Marlon,6
CT,M,1993,Moises,6
CT,M,1993,Muhammad,6
CT,M,1993,Nathanael,6
CT,M,1993,Niko,6
CT,M,1993,Quincy,6
CT,M,1993,Raheem,6
CT,M,1993,Randall,6
CT,M,1993,Raphael,6
CT,M,1993,Rodney,6
CT,M,1993,Rory,6
CT,M,1993,Roy,6
CT,M,1993,Ruben,6
CT,M,1993,Shayne,6
CT,M,1993,Tariq,6
CT,M,1993,Terrance,6
CT,M,1993,Tomas,6
CT,M,1993,Tyrell,6
CT,M,1993,Tyshawn,6
CT,M,1993,Wilfredo,6
CT,M,1993,Ali,5
CT,M,1993,Allan,5
CT,M,1993,Alvin,5
CT,M,1993,Barry,5
CT,M,1993,Benedict,5
CT,M,1993,Bobby,5
CT,M,1993,Bradford,5
CT,M,1993,Brady,5
CT,M,1993,Bret,5
CT,M,1993,Bryant,5
CT,M,1993,Chaz,5
CT,M,1993,Clinton,5
CT,M,1993,Conner,5
CT,M,1993,Damon,5
CT,M,1993,Darrell,5
CT,M,1993,Daryl,5
CT,M,1993,Dashawn,5
CT,M,1993,Dexter,5
CT,M,1993,Dorian,5
CT,M,1993,Dwight,5
CT,M,1993,Elliot,5
CT,M,1993,Enrique,5
CT,M,1993,Ernesto,5
CT,M,1993,Felipe,5
CT,M,1993,Fernando,5
CT,M,1993,Franco,5
CT,M,1993,Freddie,5
CT,M,1993,Gavin,5
CT,M,1993,Gerardo,5
CT,M,1993,Grant,5
CT,M,1993,Guillermo,5
CT,M,1993,Hugh,5
CT,M,1993,Jamal,5
CT,M,1993,Jamel,5
CT,M,1993,Jefferson,5
CT,M,1993,Jordon,5
CT,M,1993,Keegan,5
CT,M,1993,Keenan,5
CT,M,1993,Lamar,5
CT,M,1993,Leon,5
CT,M,1993,Lester,5
CT,M,1993,Lloyd,5
CT,M,1993,Lukas,5
CT,M,1993,Marshall,5
CT,M,1993,Montel,5
CT,M,1993,Nickolas,5
CT,M,1993,Ray,5
CT,M,1993,Reece,5
CT,M,1993,Reid,5
CT,M,1993,Ricky,5
CT,M,1993,Robin,5
CT,M,1993,Santos,5
CT,M,1993,Sergio,5
CT,M,1993,Skyler,5
CT,M,1993,Stanley,5
CT,M,1993,Tyrese,5
CT,M,1993,Vernon,5
CT,M,1993,Vincenzo,5
CT,M,1993,Warren,5
CT,M,1993,Wilson,5
CT,M,1993,Wyatt,5
CT,M,1994,Michael,775
CT,M,1994,Matthew,571
CT,M,1994,Christopher,523
CT,M,1994,Nicholas,508
CT,M,1994,Ryan,433
CT,M,1994,Daniel,424
CT,M,1994,Joseph,419
CT,M,1994,Tyler,412
CT,M,1994,John,386
CT,M,1994,Andrew,370
CT,M,1994,William,339
CT,M,1994,Joshua,334
CT,M,1994,Kevin,333
CT,M,1994,Alexander,332
CT,M,1994,David,328
CT,M,1994,Kyle,325
CT,M,1994,James,319
CT,M,1994,Anthony,305
CT,M,1994,Zachary,290
CT,M,1994,Robert,286
CT,M,1994,Brandon,267
CT,M,1994,Brian,256
CT,M,1994,Thomas,248
CT,M,1994,Jonathan,247
CT,M,1994,Justin,226
CT,M,1994,Jacob,217
CT,M,1994,Benjamin,194
CT,M,1994,Timothy,187
CT,M,1994,Patrick,186
CT,M,1994,Sean,172
CT,M,1994,Eric,165
CT,M,1994,Dylan,160
CT,M,1994,Jordan,157
CT,M,1994,Adam,156
CT,M,1994,Samuel,149
CT,M,1994,Austin,146
CT,M,1994,Steven,142
CT,M,1994,Aaron,135
CT,M,1994,Peter,134
CT,M,1994,Jeffrey,131
CT,M,1994,Connor,130
CT,M,1994,Mark,130
CT,M,1994,Christian,129
CT,M,1994,Jason,126
CT,M,1994,Richard,111
CT,M,1994,Stephen,108
CT,M,1994,Nathan,103
CT,M,1994,Cody,101
CT,M,1994,Gregory,94
CT,M,1994,Paul,93
CT,M,1994,Evan,92
CT,M,1994,Jesse,92
CT,M,1994,Scott,90
CT,M,1994,Luis,85
CT,M,1994,Alex,84
CT,M,1994,Charles,84
CT,M,1994,Jose,84
CT,M,1994,Brendan,83
CT,M,1994,Edward,78
CT,M,1994,Ian,77
CT,M,1994,Jeremy,76
CT,M,1994,Bryan,70
CT,M,1994,Jake,70
CT,M,1994,Corey,66
CT,M,1994,Shawn,66
CT,M,1994,Jack,61
CT,M,1994,Colin,60
CT,M,1994,George,60
CT,M,1994,Travis,60
CT,M,1994,Cameron,59
CT,M,1994,Nathaniel,59
CT,M,1994,Angel,57
CT,M,1994,Spencer,56
CT,M,1994,Raymond,55
CT,M,1994,Shane,55
CT,M,1994,Marcus,54
CT,M,1994,Gabriel,53
CT,M,1994,Taylor,53
CT,M,1994,Devin,52
CT,M,1994,Erik,52
CT,M,1994,Luke,52
CT,M,1994,Kenneth,51
CT,M,1994,Trevor,50
CT,M,1994,Carlos,49
CT,M,1994,Henry,49
CT,M,1994,Andre,48
CT,M,1994,Jared,48
CT,M,1994,Juan,47
CT,M,1994,Seth,46
CT,M,1994,Ethan,45
CT,M,1994,Douglas,44
CT,M,1994,Vincent,44
CT,M,1994,Miguel,43
CT,M,1994,Mitchell,43
CT,M,1994,Joel,42
CT,M,1994,Frank,41
CT,M,1994,Brett,40
CT,M,1994,Caleb,40
CT,M,1994,Derek,40
CT,M,1994,Hunter,40
CT,M,1994,Lucas,40
CT,M,1994,Troy,40
CT,M,1994,Marc,39
CT,M,1994,Devon,38
CT,M,1994,Victor,38
CT,M,1994,Cory,37
CT,M,1994,Hector,36
CT,M,1994,Keith,36
CT,M,1994,Harrison,35
CT,M,1994,Philip,35
CT,M,1994,Donald,34
CT,M,1994,Alec,33
CT,M,1994,Bradley,33
CT,M,1994,Casey,33
CT,M,1994,Craig,33
CT,M,1994,Antonio,32
CT,M,1994,Conor,31
CT,M,1994,Noah,31
CT,M,1994,Elijah,30
CT,M,1994,Louis,30
CT,M,1994,Nicolas,30
CT,M,1994,Garrett,29
CT,M,1994,Ronald,27
CT,M,1994,Blake,26
CT,M,1994,Dean,26
CT,M,1994,Max,26
CT,M,1994,Xavier,26
CT,M,1994,Dominic,25
CT,M,1994,Johnathan,25
CT,M,1994,Mathew,25
CT,M,1994,Sebastian,25
CT,M,1994,Chad,24
CT,M,1994,Derrick,24
CT,M,1994,Theodore,24
CT,M,1994,Alexis,23
CT,M,1994,Arthur,23
CT,M,1994,Cole,23
CT,M,1994,Collin,23
CT,M,1994,Dustin,23
CT,M,1994,Avery,22
CT,M,1994,Julian,22
CT,M,1994,Tanner,22
CT,M,1994,Calvin,21
CT,M,1994,Dillon,21
CT,M,1994,Isaiah,21
CT,M,1994,Maxwell,21
CT,M,1994,Adrian,20
CT,M,1994,Colby,20
CT,M,1994,Liam,20
CT,M,1994,Logan,20
CT,M,1994,Brent,19
CT,M,1994,Chase,19
CT,M,1994,Drew,19
CT,M,1994,Gary,19
CT,M,1994,Mario,19
CT,M,1994,Phillip,19
CT,M,1994,Dennis,18
CT,M,1994,Marco,18
CT,M,1994,Randy,18
CT,M,1994,Shaquille,18
CT,M,1994,Wesley,18
CT,M,1994,Albert,17
CT,M,1994,Edwin,17
CT,M,1994,Grant,17
CT,M,1994,Griffin,17
CT,M,1994,Oliver,17
CT,M,1994,Roberto,17
CT,M,1994,Branden,16
CT,M,1994,Edgar,16
CT,M,1994,Gavin,16
CT,M,1994,Jackson,16
CT,M,1994,Shaun,16
CT,M,1994,Todd,16
CT,M,1994,Tucker,16
CT,M,1994,Alan,15
CT,M,1994,Andres,15
CT,M,1994,Francis,15
CT,M,1994,Francisco,15
CT,M,1994,Giovanni,15
CT,M,1994,Jeremiah,15
CT,M,1994,Julio,15
CT,M,1994,Mason,15
CT,M,1994,Miles,15
CT,M,1994,Pedro,15
CT,M,1994,Zachery,15
CT,M,1994,Carl,14
CT,M,1994,Curtis,14
CT,M,1994,Dalton,14
CT,M,1994,Geoffrey,14
CT,M,1994,Jamie,14
CT,M,1994,Javier,14
CT,M,1994,Johnny,14
CT,M,1994,Jorge,14
CT,M,1994,Lee,14
CT,M,1994,Morgan,14
CT,M,1994,Omar,14
CT,M,1994,Tevin,14
CT,M,1994,Allen,13
CT,M,1994,Brenden,13
CT,M,1994,Colton,13
CT,M,1994,Conner,13
CT,M,1994,Dakota,13
CT,M,1994,Dante,13
CT,M,1994,Davon,13
CT,M,1994,Denzel,13
CT,M,1994,Emmanuel,13
CT,M,1994,Frederick,13
CT,M,1994,Jalen,13
CT,M,1994,Jaquan,13
CT,M,1994,Martin,13
CT,M,1994,Nelson,13
CT,M,1994,Ramon,13
CT,M,1994,Russell,13
CT,M,1994,Terrance,13
CT,M,1994,Damian,12
CT,M,1994,Jaime,12
CT,M,1994,Jay,12
CT,M,1994,Kurt,12
CT,M,1994,Myles,12
CT,M,1994,Owen,12
CT,M,1994,Roger,12
CT,M,1994,Roy,12
CT,M,1994,Salvatore,12
CT,M,1994,Tony,12
CT,M,1994,Alejandro,11
CT,M,1994,Bryce,11
CT,M,1994,Cristian,11
CT,M,1994,Dallas,11
CT,M,1994,Damien,11
CT,M,1994,Forrest,11
CT,M,1994,Graham,11
CT,M,1994,Isaac,11
CT,M,1994,Jamal,11
CT,M,1994,Jermaine,11
CT,M,1994,Jesus,11
CT,M,1994,Kristopher,11
CT,M,1994,Mackenzie,11
CT,M,1994,Malik,11
CT,M,1994,Nolan,11
CT,M,1994,Pablo,11
CT,M,1994,Rafael,11
CT,M,1994,Ricardo,11
CT,M,1994,Ricky,11
CT,M,1994,Aidan,10
CT,M,1994,Dana,10
CT,M,1994,Daquan,10
CT,M,1994,Darren,10
CT,M,1994,Darryl,10
CT,M,1994,Elliot,10
CT,M,1994,Erick,10
CT,M,1994,Gunnar,10
CT,M,1994,Jonathon,10
CT,M,1994,Lawrence,10
CT,M,1994,Manuel,10
CT,M,1994,Melvin,10
CT,M,1994,Orlando,10
CT,M,1994,Parker,10
CT,M,1994,Ross,10
CT,M,1994,Simon,10
CT,M,1994,Stefan,10
CT,M,1994,Bryant,9
CT,M,1994,Clifford,9
CT,M,1994,Cooper,9
CT,M,1994,Demetrius,9
CT,M,1994,Devante,9
CT,M,1994,Gage,9
CT,M,1994,Glenn,9
CT,M,1994,Hayden,9
CT,M,1994,Ivan,9
CT,M,1994,Jarrett,9
CT,M,1994,Jonah,9
CT,M,1994,Karl,9
CT,M,1994,Lance,9
CT,M,1994,Larry,9
CT,M,1994,Lorenzo,9
CT,M,1994,Micheal,9
CT,M,1994,Ruben,9
CT,M,1994,Sam,9
CT,M,1994,Tyrone,9
CT,M,1994,Angelo,8
CT,M,1994,Ariel,8
CT,M,1994,Brendon,8
CT,M,1994,Charlie,8
CT,M,1994,Clayton,8
CT,M,1994,Conrad,8
CT,M,1994,Courtney,8
CT,M,1994,Dominick,8
CT,M,1994,Donovan,8
CT,M,1994,Eddie,8
CT,M,1994,Eduardo,8
CT,M,1994,Gilberto,8
CT,M,1994,Jerome,8
CT,M,1994,Jessie,8
CT,M,1994,Jon,8
CT,M,1994,Kendrick,8
CT,M,1994,Marquis,8
CT,M,1994,Maximilian,8
CT,M,1994,Neil,8
CT,M,1994,Noel,8
CT,M,1994,Riley,8
CT,M,1994,Rodney,8
CT,M,1994,Steve,8
CT,M,1994,Tavon,8
CT,M,1994,Trevon,8
CT,M,1994,Tristan,8
CT,M,1994,Tyshawn,8
CT,M,1994,Wilfredo,8
CT,M,1994,Alfred,7
CT,M,1994,Alvin,7
CT,M,1994,Bernard,7
CT,M,1994,Bruce,7
CT,M,1994,Carter,7
CT,M,1994,Clinton,7
CT,M,1994,Dale,7
CT,M,1994,Darius,7
CT,M,1994,Diego,7
CT,M,1994,Dondre,7
CT,M,1994,Edgardo,7
CT,M,1994,Eli,7
CT,M,1994,Elias,7
CT,M,1994,Emanuel,7
CT,M,1994,Felix,7
CT,M,1994,Francesco,7
CT,M,1994,Gerald,7
CT,M,1994,Harold,7
CT,M,1994,Harry,7
CT,M,1994,Javon,7
CT,M,1994,Josiah,7
CT,M,1994,Kendall,7
CT,M,1994,Lamar,7
CT,M,1994,Lukas,7
CT,M,1994,Malcolm,7
CT,M,1994,Maurice,7
CT,M,1994,Quinton,7
CT,M,1994,Reynaldo,7
CT,M,1994,Rocco,7
CT,M,1994,Ronnie,7
CT,M,1994,Terrence,7
CT,M,1994,Tommy,7
CT,M,1994,Abraham,6
CT,M,1994,Andy,6
CT,M,1994,Austen,6
CT,M,1994,Billy,6
CT,M,1994,Darien,6
CT,M,1994,Desmond,6
CT,M,1994,Devonte,6
CT,M,1994,Dimitri,6
CT,M,1994,Dwayne,6
CT,M,1994,Emilio,6
CT,M,1994,Giancarlo,6
CT,M,1994,Grayson,6
CT,M,1994,Harley,6
CT,M,1994,Heriberto,6
CT,M,1994,Ismael,6
CT,M,1994,Israel,6
CT,M,1994,Jameson,6
CT,M,1994,Joe,6
CT,M,1994,Josue,6
CT,M,1994,Jovanny,6
CT,M,1994,Kasey,6
CT,M,1994,Keegan,6
CT,M,1994,Keenan,6
CT,M,1994,Kelvin,6
CT,M,1994,Kenny,6
CT,M,1994,Marcel,6
CT,M,1994,Mitchel,6
CT,M,1994,Najee,6
CT,M,1994,Neal,6
CT,M,1994,Oscar,6
CT,M,1994,Quentin,6
CT,M,1994,Rashad,6
CT,M,1994,Reginald,6
CT,M,1994,Rick,6
CT,M,1994,Roland,6
CT,M,1994,Shaquan,6
CT,M,1994,Shayne,6
CT,M,1994,Skyler,6
CT,M,1994,Terence,6
CT,M,1994,Terrell,6
CT,M,1994,Terry,6
CT,M,1994,Trent,6
CT,M,1994,Trey,6
CT,M,1994,Tyrell,6
CT,M,1994,Walter,6
CT,M,1994,Will,6
CT,M,1994,Willie,6
CT,M,1994,Wyatt,6
CT,M,1994,Zackary,6
CT,M,1994,Zackery,6
CT,M,1994,Barry,5
CT,M,1994,Beau,5
CT,M,1994,Bruno,5
CT,M,1994,Cesar,5
CT,M,1994,Chris,5
CT,M,1994,Clark,5
CT,M,1994,Dane,5
CT,M,1994,Danny,5
CT,M,1994,Deshawn,5
CT,M,1994,Domenic,5
CT,M,1994,Dylon,5
CT,M,1994,Ernest,5
CT,M,1994,Esteban,5
CT,M,1994,Fernando,5
CT,M,1994,Gino,5
CT,M,1994,Gordon,5
CT,M,1994,Jamel,5
CT,M,1994,Jan,5
CT,M,1994,Jevon,5
CT,M,1994,Jimmy,5
CT,M,1994,Jovan,5
CT,M,1994,Kareem,5
CT,M,1994,Kurtis,5
CT,M,1994,Kyron,5
CT,M,1994,Landon,5
CT,M,1994,Markus,5
CT,M,1994,Marvin,5
CT,M,1994,Mike,5
CT,M,1994,Nigel,5
CT,M,1994,Nikolas,5
CT,M,1994,Quinn,5
CT,M,1994,Raheem,5
CT,M,1994,Ralph,5
CT,M,1994,Rashawn,5
CT,M,1994,Reid,5
CT,M,1994,Rene,5
CT,M,1994,Sawyer,5
CT,M,1994,Schuyler,5
CT,M,1994,Tyquan,5
CT,M,1994,Tyron,5
CT,M,1994,Vincenzo,5
CT,M,1994,Warren,5
CT,M,1994,Yusef,5
CT,M,1995,Michael,723
CT,M,1995,Matthew,590
CT,M,1995,Nicholas,508
CT,M,1995,Christopher,504
CT,M,1995,Ryan,459
CT,M,1995,Daniel,391
CT,M,1995,Joseph,389
CT,M,1995,Tyler,380
CT,M,1995,John,364
CT,M,1995,Joshua,357
CT,M,1995,James,344
CT,M,1995,Andrew,342
CT,M,1995,Zachary,295
CT,M,1995,William,290
CT,M,1995,David,287
CT,M,1995,Alexander,285
CT,M,1995,Thomas,285
CT,M,1995,Anthony,282
CT,M,1995,Kyle,282
CT,M,1995,Kevin,268
CT,M,1995,Jonathan,265
CT,M,1995,Justin,255
CT,M,1995,Jacob,248
CT,M,1995,Robert,248
CT,M,1995,Brandon,246
CT,M,1995,Brian,209
CT,M,1995,Eric,196
CT,M,1995,Benjamin,187
CT,M,1995,Patrick,184
CT,M,1995,Samuel,164
CT,M,1995,Timothy,162
CT,M,1995,Sean,160
CT,M,1995,Austin,157
CT,M,1995,Christian,151
CT,M,1995,Adam,140
CT,M,1995,Jason,139
CT,M,1995,Richard,139
CT,M,1995,Stephen,135
CT,M,1995,Dylan,134
CT,M,1995,Jordan,134
CT,M,1995,Steven,130
CT,M,1995,Connor,119
CT,M,1995,Peter,119
CT,M,1995,Mark,110
CT,M,1995,Cody,109
CT,M,1995,Jeffrey,108
CT,M,1995,Charles,102
CT,M,1995,Aaron,99
CT,M,1995,Jake,98
CT,M,1995,Evan,95
CT,M,1995,Nathan,93
CT,M,1995,Scott,92
CT,M,1995,Ian,90
CT,M,1995,Alex,85
CT,M,1995,Jose,85
CT,M,1995,Luis,84
CT,M,1995,Jeremy,83
CT,M,1995,Paul,82
CT,M,1995,Bryan,81
CT,M,1995,Edward,75
CT,M,1995,Gregory,75
CT,M,1995,Brendan,71
CT,M,1995,Luke,69
CT,M,1995,Shane,66
CT,M,1995,George,65
CT,M,1995,Jack,64
CT,M,1995,Cameron,60
CT,M,1995,Kenneth,60
CT,M,1995,Corey,58
CT,M,1995,Jared,58
CT,M,1995,Jesse,58
CT,M,1995,Colin,57
CT,M,1995,Ethan,57
CT,M,1995,Vincent,57
CT,M,1995,Devin,56
CT,M,1995,Nathaniel,56
CT,M,1995,Noah,56
CT,M,1995,Travis,54
CT,M,1995,Carlos,53
CT,M,1995,Raymond,52
CT,M,1995,Alec,51
CT,M,1995,Angel,50
CT,M,1995,Gabriel,49
CT,M,1995,Shawn,49
CT,M,1995,Spencer,49
CT,M,1995,Brett,48
CT,M,1995,Elijah,47
CT,M,1995,Trevor,47
CT,M,1995,Isaiah,44
CT,M,1995,Miguel,44
CT,M,1995,Mitchell,44
CT,M,1995,Erik,43
CT,M,1995,Taylor,42
CT,M,1995,Henry,41
CT,M,1995,Andre,39
CT,M,1995,Philip,39
CT,M,1995,Juan,38
CT,M,1995,Lucas,38
CT,M,1995,Maxwell,37
CT,M,1995,Donald,36
CT,M,1995,Derek,35
CT,M,1995,Liam,35
CT,M,1995,Marcus,35
CT,M,1995,Antonio,33
CT,M,1995,Douglas,33
CT,M,1995,Malik,33
CT,M,1995,Victor,33
CT,M,1995,Drew,32
CT,M,1995,Max,32
CT,M,1995,Seth,32
CT,M,1995,Tristan,32
CT,M,1995,Hunter,31
CT,M,1995,Troy,31
CT,M,1995,Casey,30
CT,M,1995,Dustin,29
CT,M,1995,Julian,29
CT,M,1995,Keith,29
CT,M,1995,Caleb,28
CT,M,1995,Cory,28
CT,M,1995,Alan,27
CT,M,1995,Collin,26
CT,M,1995,Louis,26
CT,M,1995,Marc,26
CT,M,1995,Bradley,25
CT,M,1995,Devon,25
CT,M,1995,Edwin,25
CT,M,1995,Garrett,25
CT,M,1995,Jorge,25
CT,M,1995,Xavier,25
CT,M,1995,Aidan,24
CT,M,1995,Mathew,24
CT,M,1995,Carl,23
CT,M,1995,Craig,23
CT,M,1995,Francisco,23
CT,M,1995,Giovanni,23
CT,M,1995,Grant,23
CT,M,1995,Cole,22
CT,M,1995,Conor,22
CT,M,1995,Gary,22
CT,M,1995,Logan,22
CT,M,1995,Owen,22
CT,M,1995,Ronald,22
CT,M,1995,Theodore,22
CT,M,1995,Adrian,21
CT,M,1995,Dennis,21
CT,M,1995,Cristian,20
CT,M,1995,Dakota,20
CT,M,1995,Frank,20
CT,M,1995,Isaac,20
CT,M,1995,Joel,20
CT,M,1995,Nicolas,20
CT,M,1995,Dominic,19
CT,M,1995,Geoffrey,19
CT,M,1995,Jeremiah,19
CT,M,1995,Pedro,19
CT,M,1995,Wesley,19
CT,M,1995,Chad,18
CT,M,1995,Dillon,18
CT,M,1995,Griffin,18
CT,M,1995,Jackson,18
CT,M,1995,Manuel,18
CT,M,1995,Roberto,18
CT,M,1995,Todd,18
CT,M,1995,Wyatt,18
CT,M,1995,Blake,17
CT,M,1995,Curtis,17
CT,M,1995,Gavin,17
CT,M,1995,Javier,17
CT,M,1995,Marco,17
CT,M,1995,Myles,17
CT,M,1995,Randy,17
CT,M,1995,Ricardo,17
CT,M,1995,Walter,17
CT,M,1995,Albert,16
CT,M,1995,Andres,16
CT,M,1995,Bailey,16
CT,M,1995,Calvin,16
CT,M,1995,Colby,16
CT,M,1995,Dante,16
CT,M,1995,Dean,16
CT,M,1995,Johnathan,16
CT,M,1995,Lawrence,16
CT,M,1995,Phillip,16
CT,M,1995,Sebastian,16
CT,M,1995,Tanner,16
CT,M,1995,Brendon,15
CT,M,1995,Chase,15
CT,M,1995,Daquan,15
CT,M,1995,Francis,15
CT,M,1995,Harrison,15
CT,M,1995,Hector,15
CT,M,1995,Jonathon,15
CT,M,1995,Mason,15
CT,M,1995,Neil,15
CT,M,1995,Russell,15
CT,M,1995,Trevon,15
CT,M,1995,Darren,14
CT,M,1995,Edgar,14
CT,M,1995,Gage,14
CT,M,1995,Jerry,14
CT,M,1995,Khalil,14
CT,M,1995,Morgan,14
CT,M,1995,Oscar,14
CT,M,1995,Alejandro,13
CT,M,1995,Allen,13
CT,M,1995,Avery,13
CT,M,1995,Damien,13
CT,M,1995,Donovan,13
CT,M,1995,Fernando,13
CT,M,1995,Ivan,13
CT,M,1995,Jamie,13
CT,M,1995,Jesus,13
CT,M,1995,Lorenzo,13
CT,M,1995,Omar,13
CT,M,1995,Preston,13
CT,M,1995,Riley,13
CT,M,1995,Salvatore,13
CT,M,1995,Shaun,13
CT,M,1995,Vincenzo,13
CT,M,1995,Arthur,12
CT,M,1995,Branden,12
CT,M,1995,Conner,12
CT,M,1995,Dale,12
CT,M,1995,Derrick,12
CT,M,1995,Frederick,12
CT,M,1995,Harold,12
CT,M,1995,Javon,12
CT,M,1995,Jermaine,12
CT,M,1995,Karl,12
CT,M,1995,Orlando,12
CT,M,1995,Parker,12
CT,M,1995,Stefan,12
CT,M,1995,Andy,11
CT,M,1995,Julio,11
CT,M,1995,Kurt,11
CT,M,1995,Micheal,11
CT,M,1995,Miles,11
CT,M,1995,Nolan,11
CT,M,1995,Randall,11
CT,M,1995,Sam,11
CT,M,1995,Wayne,11
CT,M,1995,Alexis,10
CT,M,1995,Bernard,10
CT,M,1995,Chandler,10
CT,M,1995,Clayton,10
CT,M,1995,Darius,10
CT,M,1995,Elliot,10
CT,M,1995,Gerald,10
CT,M,1995,Jalen,10
CT,M,1995,Jaquan,10
CT,M,1995,Jeffery,10
CT,M,1995,Jonah,10
CT,M,1995,Kristopher,10
CT,M,1995,Martin,10
CT,M,1995,Nelson,10
CT,M,1995,Noel,10
CT,M,1995,Quinton,10
CT,M,1995,Reginald,10
CT,M,1995,Roger,10
CT,M,1995,Ross,10
CT,M,1995,Terrell,10
CT,M,1995,Zachery,10
CT,M,1995,Colton,9
CT,M,1995,Dalton,9
CT,M,1995,Emmanuel,9
CT,M,1995,Erick,9
CT,M,1995,Ernest,9
CT,M,1995,Graham,9
CT,M,1995,Hayden,9
CT,M,1995,Jay,9
CT,M,1995,Johnny,9
CT,M,1995,Jon,9
CT,M,1995,Malcolm,9
CT,M,1995,Mario,9
CT,M,1995,Maurice,9
CT,M,1995,Quinn,9
CT,M,1995,Rafael,9
CT,M,1995,Raphael,9
CT,M,1995,Tyrone,9
CT,M,1995,Angelo,8
CT,M,1995,Ariel,8
CT,M,1995,Bruce,8
CT,M,1995,Carter,8
CT,M,1995,Darien,8
CT,M,1995,Denzel,8
CT,M,1995,Donte,8
CT,M,1995,Emanuel,8
CT,M,1995,Enrique,8
CT,M,1995,Eugene,8
CT,M,1995,Felix,8
CT,M,1995,Howard,8
CT,M,1995,Ismael,8
CT,M,1995,Jayson,8
CT,M,1995,Josue,8
CT,M,1995,Oliver,8
CT,M,1995,Raekwon,8
CT,M,1995,Reed,8
CT,M,1995,Reid,8
CT,M,1995,Rodney,8
CT,M,1995,Roy,8
CT,M,1995,Terrance,8
CT,M,1995,Tevin,8
CT,M,1995,Tony,8
CT,M,1995,Trey,8
CT,M,1995,Tucker,8
CT,M,1995,Ali,7
CT,M,1995,Aron,7
CT,M,1995,Cooper,7
CT,M,1995,Damian,7
CT,M,1995,Dana,7
CT,M,1995,Deshawn,7
CT,M,1995,Devante,7
CT,M,1995,Dwayne,7
CT,M,1995,Eli,7
CT,M,1995,Frankie,7
CT,M,1995,Giuseppe,7
CT,M,1995,Harry,7
CT,M,1995,Josiah,7
CT,M,1995,Kenny,7
CT,M,1995,Lee,7
CT,M,1995,Leo,7
CT,M,1995,Levi,7
CT,M,1995,Mackenzie,7
CT,M,1995,Marcos,7
CT,M,1995,Marquis,7
CT,M,1995,Marshall,7
CT,M,1995,Marvin,7
CT,M,1995,Micah,7
CT,M,1995,Ralph,7
CT,M,1995,Ramon,7
CT,M,1995,Raul,7
CT,M,1995,Ricky,7
CT,M,1995,Stephan,7
CT,M,1995,Stuart,7
CT,M,1995,Terrence,7
CT,M,1995,Willie,7
CT,M,1995,Alfredo,6
CT,M,1995,Andreas,6
CT,M,1995,Ben,6
CT,M,1995,Bennett,6
CT,M,1995,Brenden,6
CT,M,1995,Bryce,6
CT,M,1995,Courtney,6
CT,M,1995,Dajon,6
CT,M,1995,Dallas,6
CT,M,1995,Devan,6
CT,M,1995,Devonte,6
CT,M,1995,Eddie,6
CT,M,1995,Elias,6
CT,M,1995,Ezekiel,6
CT,M,1995,Ezequiel,6
CT,M,1995,Forrest,6
CT,M,1995,Gino,6
CT,M,1995,Glenn,6
CT,M,1995,Gordon,6
CT,M,1995,Hakeem,6
CT,M,1995,Isiah,6
CT,M,1995,Israel,6
CT,M,1995,Jaime,6
CT,M,1995,Jakob,6
CT,M,1995,Jerome,6
CT,M,1995,Johnathon,6
CT,M,1995,Jovan,6
CT,M,1995,Kendall,6
CT,M,1995,Kurtis,6
CT,M,1995,Larry,6
CT,M,1995,Lukas,6
CT,M,1995,Marlon,6
CT,M,1995,Mohammed,6
CT,M,1995,Muhammad,6
CT,M,1995,Raheem,6
CT,M,1995,Rodrigo,6
CT,M,1995,Santiago,6
CT,M,1995,Seamus,6
CT,M,1995,Shaquille,6
CT,M,1995,Stanley,6
CT,M,1995,Stavros,6
CT,M,1995,Tomas,6
CT,M,1995,Warren,6
CT,M,1995,Alessandro,5
CT,M,1995,Allan,5
CT,M,1995,Alvin,5
CT,M,1995,Antwan,5
CT,M,1995,Armando,5
CT,M,1995,Brad,5
CT,M,1995,Brady,5
CT,M,1995,Byron,5
CT,M,1995,Carlton,5
CT,M,1995,Charlie,5
CT,M,1995,Coty,5
CT,M,1995,Danny,5
CT,M,1995,Daryl,5
CT,M,1995,Declan,5
CT,M,1995,Dejon,5
CT,M,1995,Desmond,5
CT,M,1995,Deven,5
CT,M,1995,Domenic,5
CT,M,1995,Dominick,5
CT,M,1995,Dominique,5
CT,M,1995,Edgardo,5
CT,M,1995,Edmond,5
CT,M,1995,Efrain,5
CT,M,1995,Elliott,5
CT,M,1995,Emilio,5
CT,M,1995,Everett,5
CT,M,1995,Gerard,5
CT,M,1995,Hugh,5
CT,M,1995,Jamal,5
CT,M,1995,Jamar,5
CT,M,1995,Jarrett,5
CT,M,1995,Jimmy,5
CT,M,1995,Joe,5
CT,M,1995,Jordon,5
CT,M,1995,Julius,5
CT,M,1995,Kadeem,5
CT,M,1995,Keanu,5
CT,M,1995,Kelvin,5
CT,M,1995,Kerry,5
CT,M,1995,Keven,5
CT,M,1995,Kirk,5
CT,M,1995,Kory,5
CT,M,1995,Kristian,5
CT,M,1995,Leonardo,5
CT,M,1995,Lloyd,5
CT,M,1995,Markus,5
CT,M,1995,Marquise,5
CT,M,1995,Melvin,5
CT,M,1995,Michal,5
CT,M,1995,Mohammad,5
CT,M,1995,Niko,5
CT,M,1995,Nikolas,5
CT,M,1995,Reinaldo,5
CT,M,1995,Rene,5
CT,M,1995,Roderick,5
CT,M,1995,Ronnie,5
CT,M,1995,Sammy,5
CT,M,1995,Shayne,5
CT,M,1995,Silas,5
CT,M,1995,Trent,5
CT,M,1995,Tyrell,5
CT,M,1995,Tyshawn,5
CT,M,1995,Weston,5
CT,M,1995,Zachariah,5
CT,M,1995,Zackary,5
CT,M,1995,Zackery,5
CT,M,1996,Michael,663
CT,M,1996,Matthew,577
CT,M,1996,Nicholas,521
CT,M,1996,Christopher,496
CT,M,1996,John,399
CT,M,1996,Ryan,385
CT,M,1996,Joseph,367
CT,M,1996,Daniel,362
CT,M,1996,Andrew,353
CT,M,1996,Tyler,352
CT,M,1996,Joshua,336
CT,M,1996,William,306
CT,M,1996,Zachary,303
CT,M,1996,David,293
CT,M,1996,Jacob,289
CT,M,1996,Alexander,288
CT,M,1996,Anthony,276
CT,M,1996,Kyle,274
CT,M,1996,Thomas,273
CT,M,1996,James,271
CT,M,1996,Brandon,264
CT,M,1996,Justin,260
CT,M,1996,Kevin,248
CT,M,1996,Robert,240
CT,M,1996,Jonathan,213
CT,M,1996,Benjamin,210
CT,M,1996,Austin,184
CT,M,1996,Eric,184
CT,M,1996,Samuel,180
CT,M,1996,Brian,175
CT,M,1996,Patrick,170
CT,M,1996,Jordan,157
CT,M,1996,Christian,155
CT,M,1996,Timothy,151
CT,M,1996,Sean,145
CT,M,1996,Jason,138
CT,M,1996,Adam,137
CT,M,1996,Dylan,135
CT,M,1996,Peter,134
CT,M,1996,Steven,132
CT,M,1996,Connor,125
CT,M,1996,Charles,119
CT,M,1996,Richard,113
CT,M,1996,Alex,107
CT,M,1996,Aaron,105
CT,M,1996,Stephen,105
CT,M,1996,Evan,101
CT,M,1996,Mark,101
CT,M,1996,Jack,100
CT,M,1996,Jeffrey,98
CT,M,1996,Brendan,97
CT,M,1996,Nathan,95
CT,M,1996,Jose,93
CT,M,1996,Jeremy,85
CT,M,1996,Noah,85
CT,M,1996,Ian,81
CT,M,1996,Colin,80
CT,M,1996,Paul,78
CT,M,1996,Gregory,76
CT,M,1996,Luis,75
CT,M,1996,Luke,75
CT,M,1996,Edward,70
CT,M,1996,Jake,70
CT,M,1996,Spencer,69
CT,M,1996,Jesse,68
CT,M,1996,Nathaniel,67
CT,M,1996,Cameron,66
CT,M,1996,Isaiah,65
CT,M,1996,Bryan,64
CT,M,1996,Mitchell,63
CT,M,1996,Antonio,57
CT,M,1996,Ethan,57
CT,M,1996,George,57
CT,M,1996,Cody,56
CT,M,1996,Hunter,56
CT,M,1996,Jared,56
CT,M,1996,Angel,54
CT,M,1996,Corey,54
CT,M,1996,Devin,54
CT,M,1996,Elijah,54
CT,M,1996,Alec,53
CT,M,1996,Carlos,52
CT,M,1996,Liam,52
CT,M,1996,Shawn,52
CT,M,1996,Trevor,52
CT,M,1996,Brett,50
CT,M,1996,Malik,50
CT,M,1996,Scott,49
CT,M,1996,Travis,48
CT,M,1996,Kenneth,47
CT,M,1996,Shane,47
CT,M,1996,Vincent,47
CT,M,1996,Marcus,46
CT,M,1996,Gabriel,45
CT,M,1996,Juan,44
CT,M,1996,Logan,43
CT,M,1996,Philip,42
CT,M,1996,Derek,41
CT,M,1996,Julian,41
CT,M,1996,Raymond,40
CT,M,1996,Bradley,39
CT,M,1996,Frank,39
CT,M,1996,Garrett,39
CT,M,1996,Lucas,39
CT,M,1996,Collin,38
CT,M,1996,Devon,38
CT,M,1996,Henry,38
CT,M,1996,Tristan,37
CT,M,1996,Dominic,36
CT,M,1996,Maxwell,36
CT,M,1996,Seth,36
CT,M,1996,Marc,35
CT,M,1996,Grant,34
CT,M,1996,Griffin,33
CT,M,1996,Miguel,33
CT,M,1996,Xavier,33
CT,M,1996,Andre,32
CT,M,1996,Erik,31
CT,M,1996,Harrison,31
CT,M,1996,Nicolas,31
CT,M,1996,Taylor,31
CT,M,1996,Troy,31
CT,M,1996,Victor,31
CT,M,1996,Chase,30
CT,M,1996,Owen,30
CT,M,1996,Donald,29
CT,M,1996,Joel,29
CT,M,1996,Aidan,28
CT,M,1996,Caleb,27
CT,M,1996,Cole,27
CT,M,1996,Dakota,27
CT,M,1996,Hector,27
CT,M,1996,Douglas,26
CT,M,1996,Louis,26
CT,M,1996,Max,25
CT,M,1996,Dante,24
CT,M,1996,Dustin,24
CT,M,1996,Keith,24
CT,M,1996,Drew,23
CT,M,1996,Emmanuel,23
CT,M,1996,Jackson,23
CT,M,1996,Ronald,23
CT,M,1996,Chad,22
CT,M,1996,Craig,22
CT,M,1996,Jesus,22
CT,M,1996,Mathew,22
CT,M,1996,Adrian,21
CT,M,1996,Carl,21
CT,M,1996,Cristian,21
CT,M,1996,Gary,21
CT,M,1996,Isaac,21
CT,M,1996,Javier,21
CT,M,1996,Riley,21
CT,M,1996,Blake,20
CT,M,1996,Calvin,20
CT,M,1996,Edwin,20
CT,M,1996,Jonah,20
CT,M,1996,Lawrence,20
CT,M,1996,Mason,20
CT,M,1996,Rafael,20
CT,M,1996,Sebastian,20
CT,M,1996,Andres,19
CT,M,1996,Alexis,18
CT,M,1996,Clayton,18
CT,M,1996,Cory,18
CT,M,1996,Dean,18
CT,M,1996,Dennis,18
CT,M,1996,Dillon,18
CT,M,1996,Julio,18
CT,M,1996,Wesley,18
CT,M,1996,Wyatt,18
CT,M,1996,Bryce,17
CT,M,1996,Casey,17
CT,M,1996,Conor,17
CT,M,1996,Dominick,17
CT,M,1996,Gerald,17
CT,M,1996,Phillip,17
CT,M,1996,Alejandro,16
CT,M,1996,Jeremiah,16
CT,M,1996,Martin,16
CT,M,1996,Omar,16
CT,M,1996,Randy,16
CT,M,1996,Danny,15
CT,M,1996,Hayden,15
CT,M,1996,Jonathon,15
CT,M,1996,Jorge,15
CT,M,1996,Quinn,15
CT,M,1996,Alan,14
CT,M,1996,Alberto,14
CT,M,1996,Damian,14
CT,M,1996,Edgar,14
CT,M,1996,Johnathan,14
CT,M,1996,Manuel,14
CT,M,1996,Maurice,14
CT,M,1996,Micheal,14
CT,M,1996,Pedro,14
CT,M,1996,Skyler,14
CT,M,1996,Theodore,14
CT,M,1996,Avery,13
CT,M,1996,Carter,13
CT,M,1996,Chance,13
CT,M,1996,Cooper,13
CT,M,1996,Curtis,13
CT,M,1996,Giovanni,13
CT,M,1996,Harry,13
CT,M,1996,Neil,13
CT,M,1996,Ricardo,13
CT,M,1996,Roger,13
CT,M,1996,Salvatore,13
CT,M,1996,Tanner,13
CT,M,1996,Walter,13
CT,M,1996,Albert,12
CT,M,1996,Arthur,12
CT,M,1996,Brenden,12
CT,M,1996,Brendon,12
CT,M,1996,Chandler,12
CT,M,1996,Dalton,12
CT,M,1996,Derrick,12
CT,M,1996,Eli,12
CT,M,1996,Frederick,12
CT,M,1996,Javon,12
CT,M,1996,Jermaine,12
CT,M,1996,Kurt,12
CT,M,1996,Raekwon,12
CT,M,1996,Ross,12
CT,M,1996,Russell,12
CT,M,1996,Tyrone,12
CT,M,1996,Allen,11
CT,M,1996,Branden,11
CT,M,1996,Colby,11
CT,M,1996,Colton,11
CT,M,1996,Damien,11
CT,M,1996,Deion,11
CT,M,1996,Eduardo,11
CT,M,1996,Felix,11
CT,M,1996,Gage,11
CT,M,1996,Graham,11
CT,M,1996,Ivan,11
CT,M,1996,Jerome,11
CT,M,1996,Josiah,11
CT,M,1996,Parker,11
CT,M,1996,Rory,11
CT,M,1996,Shaun,11
CT,M,1996,Todd,11
CT,M,1996,Angelo,10
CT,M,1996,Brent,10
CT,M,1996,Eddie,10
CT,M,1996,Gavin,10
CT,M,1996,Jalen,10
CT,M,1996,Jamal,10
CT,M,1996,Jamie,10
CT,M,1996,Jaquan,10
CT,M,1996,Jay,10
CT,M,1996,Morgan,10
CT,M,1996,Quentin,10
CT,M,1996,Quinton,10
CT,M,1996,Roberto,10
CT,M,1996,Terrance,10
CT,M,1996,Warren,10
CT,M,1996,Zachery,10
CT,M,1996,Zackary,10
CT,M,1996,Bailey,9
CT,M,1996,Francis,9
CT,M,1996,Francisco,9
CT,M,1996,Jeffery,9
CT,M,1996,Jerry,9
CT,M,1996,Jimmy,9
CT,M,1996,Kristian,9
CT,M,1996,Kristopher,9
CT,M,1996,Lorenzo,9
CT,M,1996,Marco,9
CT,M,1996,Myles,9
CT,M,1996,Nelson,9
CT,M,1996,Nikolas,9
CT,M,1996,Nolan,9
CT,M,1996,Oliver,9
CT,M,1996,Oscar,9
CT,M,1996,Reed,9
CT,M,1996,Reginald,9
CT,M,1996,Trent,9
CT,M,1996,Tucker,9
CT,M,1996,Tylor,9
CT,M,1996,Tyrell,9
CT,M,1996,Wayne,9
CT,M,1996,Zachariah,9
CT,M,1996,Alvin,8
CT,M,1996,Andy,8
CT,M,1996,Bryant,8
CT,M,1996,Dale,8
CT,M,1996,Damon,8
CT,M,1996,Darren,8
CT,M,1996,Donovan,8
CT,M,1996,Efrain,8
CT,M,1996,Howard,8
CT,M,1996,Jayson,8
CT,M,1996,Johnny,8
CT,M,1996,Jon,8
CT,M,1996,Kendall,8
CT,M,1996,Mackenzie,8
CT,M,1996,Mario,8
CT,M,1996,Marquis,8
CT,M,1996,Orlando,8
CT,M,1996,Ralph,8
CT,M,1996,Reid,8
CT,M,1996,Ruben,8
CT,M,1996,Sam,8
CT,M,1996,Seamus,8
CT,M,1996,Sergio,8
CT,M,1996,Stefan,8
CT,M,1996,Terrence,8
CT,M,1996,Tommy,8
CT,M,1996,Austen,7
CT,M,1996,Bennett,7
CT,M,1996,Brad,7
CT,M,1996,Dandre,7
CT,M,1996,Darius,7
CT,M,1996,Darryl,7
CT,M,1996,Denzel,7
CT,M,1996,Edgardo,7
CT,M,1996,Elias,7
CT,M,1996,Grayson,7
CT,M,1996,Jakob,7
CT,M,1996,Jean,7
CT,M,1996,Justice,7
CT,M,1996,Karl,7
CT,M,1996,Lance,7
CT,M,1996,Leonard,7
CT,M,1996,Malcolm,7
CT,M,1996,Melvin,7
CT,M,1996,Milton,7
CT,M,1996,Nickolas,7
CT,M,1996,Nigel,7
CT,M,1996,Noel,7
CT,M,1996,Pierce,7
CT,M,1996,Preston,7
CT,M,1996,Ramon,7
CT,M,1996,Raul,7
CT,M,1996,Vincenzo,7
CT,M,1996,Wilfredo,7
CT,M,1996,Willie,7
CT,M,1996,Alessandro,6
CT,M,1996,Ari,6
CT,M,1996,Carson,6
CT,M,1996,Dana,6
CT,M,1996,Dane,6
CT,M,1996,Darian,6
CT,M,1996,Darnell,6
CT,M,1996,Davon,6
CT,M,1996,Deon,6
CT,M,1996,Desmond,6
CT,M,1996,Devan,6
CT,M,1996,Duncan,6
CT,M,1996,Ellis,6
CT,M,1996,Ernest,6
CT,M,1996,Felipe,6
CT,M,1996,Fernando,6
CT,M,1996,Franklin,6
CT,M,1996,Harold,6
CT,M,1996,Jaime,6
CT,M,1996,Jamar,6
CT,M,1996,Jessie,6
CT,M,1996,Josef,6
CT,M,1996,Juwan,6
CT,M,1996,Kent,6
CT,M,1996,Larry,6
CT,M,1996,Lexus,6
CT,M,1996,Luciano,6
CT,M,1996,Marlon,6
CT,M,1996,Marquise,6
CT,M,1996,Marshall,6
CT,M,1996,Nico,6
CT,M,1996,Pablo,6
CT,M,1996,Randall,6
CT,M,1996,Ricky,6
CT,M,1996,Rodney,6
CT,M,1996,Sawyer,6
CT,M,1996,Simon,6
CT,M,1996,Trevon,6
CT,M,1996,Abraham,5
CT,M,1996,Addison,5
CT,M,1996,Ahmed,5
CT,M,1996,Alfred,5
CT,M,1996,Asa,5
CT,M,1996,Asante,5
CT,M,1996,Braden,5
CT,M,1996,Byron,5
CT,M,1996,Carlton,5
CT,M,1996,Cesar,5
CT,M,1996,Clarence,5
CT,M,1996,Clint,5
CT,M,1996,Conner,5
CT,M,1996,Dallas,5
CT,M,1996,Dashawn,5
CT,M,1996,Devante,5
CT,M,1996,Domenic,5
CT,M,1996,Dwayne,5
CT,M,1996,Elliot,5
CT,M,1996,Emanuel,5
CT,M,1996,Erick,5
CT,M,1996,Francesco,5
CT,M,1996,Frankie,5
CT,M,1996,Geoffrey,5
CT,M,1996,Gilberto,5
CT,M,1996,Gordon,5
CT,M,1996,Gunnar,5
CT,M,1996,Isiah,5
CT,M,1996,Jacques,5
CT,M,1996,Jaylen,5
CT,M,1996,Johnathon,5
CT,M,1996,Jonas,5
CT,M,1996,Jordon,5
CT,M,1996,Josue,5
CT,M,1996,Julius,5
CT,M,1996,Kaleb,5
CT,M,1996,Keanu,5
CT,M,1996,Keegan,5
CT,M,1996,Kieran,5
CT,M,1996,Lamar,5
CT,M,1996,Levi,5
CT,M,1996,Lewis,5
CT,M,1996,Maximillian,5
CT,M,1996,Miles,5
CT,M,1996,Mitchel,5
CT,M,1996,Quintin,5
CT,M,1996,Raphael,5
CT,M,1996,Reynaldo,5
CT,M,1996,Terry,5
CT,M,1996,Trenton,5
CT,M,1996,Tyquan,5
CT,M,1996,Zackery,5
CT,M,1996,Zavier,5
CT,M,1997,Michael,615
CT,M,1997,Matthew,585
CT,M,1997,Nicholas,457
CT,M,1997,Christopher,422
CT,M,1997,Daniel,374
CT,M,1997,John,357
CT,M,1997,Ryan,355
CT,M,1997,Joseph,345
CT,M,1997,Andrew,321
CT,M,1997,Zachary,319
CT,M,1997,Joshua,318
CT,M,1997,Tyler,306
CT,M,1997,Kyle,293
CT,M,1997,Anthony,283
CT,M,1997,Jacob,283
CT,M,1997,Alexander,279
CT,M,1997,David,272
CT,M,1997,William,269
CT,M,1997,Thomas,256
CT,M,1997,Justin,250
CT,M,1997,James,243
CT,M,1997,Brandon,240
CT,M,1997,Robert,232
CT,M,1997,Kevin,227
CT,M,1997,Jonathan,218
CT,M,1997,Benjamin,196
CT,M,1997,Samuel,195
CT,M,1997,Austin,183
CT,M,1997,Christian,178
CT,M,1997,Patrick,176
CT,M,1997,Jordan,159
CT,M,1997,Timothy,158
CT,M,1997,Eric,150
CT,M,1997,Connor,148
CT,M,1997,Dylan,147
CT,M,1997,Brian,144
CT,M,1997,Sean,136
CT,M,1997,Jason,121
CT,M,1997,Richard,115
CT,M,1997,Peter,111
CT,M,1997,Brendan,110
CT,M,1997,Charles,107
CT,M,1997,Mark,104
CT,M,1997,Adam,103
CT,M,1997,Nathan,102
CT,M,1997,Alex,101
CT,M,1997,Jack,99
CT,M,1997,Steven,98
CT,M,1997,Jake,96
CT,M,1997,Ian,89
CT,M,1997,Paul,89
CT,M,1997,Noah,88
CT,M,1997,Jose,86
CT,M,1997,Evan,85
CT,M,1997,Luis,85
CT,M,1997,Stephen,85
CT,M,1997,Aaron,84
CT,M,1997,Jeffrey,82
CT,M,1997,Jeremy,77
CT,M,1997,Cameron,76
CT,M,1997,Ethan,70
CT,M,1997,Colin,69
CT,M,1997,Trevor,68
CT,M,1997,Devin,66
CT,M,1997,Gregory,66
CT,M,1997,Jared,66
CT,M,1997,Isaiah,62
CT,M,1997,Angel,61
CT,M,1997,Lucas,58
CT,M,1997,Nathaniel,58
CT,M,1997,Scott,58
CT,M,1997,Vincent,58
CT,M,1997,Bryan,57
CT,M,1997,Cody,57
CT,M,1997,Gabriel,57
CT,M,1997,Mitchell,56
CT,M,1997,Edward,55
CT,M,1997,Elijah,55
CT,M,1997,Luke,55
CT,M,1997,Carlos,54
CT,M,1997,Shawn,54
CT,M,1997,Derek,49
CT,M,1997,Liam,48
CT,M,1997,Victor,48
CT,M,1997,Hunter,47
CT,M,1997,Corey,45
CT,M,1997,George,45
CT,M,1997,Alec,44
CT,M,1997,Antonio,44
CT,M,1997,Maxwell,44
CT,M,1997,Spencer,44
CT,M,1997,Cole,43
CT,M,1997,Kenneth,41
CT,M,1997,Travis,41
CT,M,1997,Devon,40
CT,M,1997,Jesse,40
CT,M,1997,Tristan,40
CT,M,1997,Juan,39
CT,M,1997,Malik,39
CT,M,1997,Marcus,39
CT,M,1997,Erik,38
CT,M,1997,Griffin,38
CT,M,1997,Collin,37
CT,M,1997,Henry,37
CT,M,1997,Brett,36
CT,M,1997,Caleb,36
CT,M,1997,Joel,36
CT,M,1997,Owen,36
CT,M,1997,Shane,36
CT,M,1997,Jackson,35
CT,M,1997,Logan,35
CT,M,1997,Philip,35
CT,M,1997,Dante,33
CT,M,1997,Raymond,33
CT,M,1997,Julian,31
CT,M,1997,Ronald,31
CT,M,1997,Andre,30
CT,M,1997,Drew,30
CT,M,1997,Garrett,30
CT,M,1997,Harrison,30
CT,M,1997,Aidan,29
CT,M,1997,Max,29
CT,M,1997,Frank,28
CT,M,1997,Mason,28
CT,M,1997,Miguel,28
CT,M,1997,Chase,27
CT,M,1997,Troy,27
CT,M,1997,Xavier,27
CT,M,1997,Dominic,26
CT,M,1997,Johnathan,26
CT,M,1997,Taylor,26
CT,M,1997,Blake,25
CT,M,1997,Bradley,25
CT,M,1997,Dillon,25
CT,M,1997,Marc,25
CT,M,1997,Seth,25
CT,M,1997,Douglas,24
CT,M,1997,Grant,24
CT,M,1997,Nicolas,24
CT,M,1997,Conor,23
CT,M,1997,Giovanni,23
CT,M,1997,Jorge,23
CT,M,1997,Ricardo,23
CT,M,1997,Sebastian,23
CT,M,1997,Jeremiah,22
CT,M,1997,Keith,22
CT,M,1997,Mathew,22
CT,M,1997,Brenden,21
CT,M,1997,Bryce,21
CT,M,1997,Chad,21
CT,M,1997,Gavin,21
CT,M,1997,Isaac,21
CT,M,1997,Dakota,20
CT,M,1997,Dennis,20
CT,M,1997,Edwin,20
CT,M,1997,Hector,20
CT,M,1997,Omar,20
CT,M,1997,Riley,20
CT,M,1997,Albert,19
CT,M,1997,Dean,19
CT,M,1997,Wesley,19
CT,M,1997,Casey,18
CT,M,1997,Colby,18
CT,M,1997,Cory,18
CT,M,1997,Craig,18
CT,M,1997,Gary,18
CT,M,1997,Julio,18
CT,M,1997,Russell,18
CT,M,1997,Cristian,17
CT,M,1997,Nikolas,17
CT,M,1997,Theodore,17
CT,M,1997,Adrian,16
CT,M,1997,Avery,16
CT,M,1997,Carter,16
CT,M,1997,Elias,16
CT,M,1997,Louis,16
CT,M,1997,Manuel,16
CT,M,1997,Oliver,16
CT,M,1997,Rafael,16
CT,M,1997,Tanner,16
CT,M,1997,Donald,15
CT,M,1997,Francis,15
CT,M,1997,Jonathon,15
CT,M,1997,Josiah,15
CT,M,1997,Roberto,15
CT,M,1997,Allen,14
CT,M,1997,Carl,14
CT,M,1997,Derrick,14
CT,M,1997,Hayden,14
CT,M,1997,Jakob,14
CT,M,1997,Marquise,14
CT,M,1997,Parker,14
CT,M,1997,Angelo,13
CT,M,1997,Bailey,13
CT,M,1997,Dominick,13
CT,M,1997,Donte,13
CT,M,1997,Emanuel,13
CT,M,1997,Javier,13
CT,M,1997,Javon,13
CT,M,1997,Marquis,13
CT,M,1997,Martin,13
CT,M,1997,Nelson,13
CT,M,1997,Nolan,13
CT,M,1997,Pedro,13
CT,M,1997,Tucker,13
CT,M,1997,Alan,12
CT,M,1997,Clayton,12
CT,M,1997,Curtis,12
CT,M,1997,Darius,12
CT,M,1997,Jay,12
CT,M,1997,Jonah,12
CT,M,1997,Kurt,12
CT,M,1997,Phillip,12
CT,M,1997,Raekwon,12
CT,M,1997,Shaun,12
CT,M,1997,Alejandro,11
CT,M,1997,Brendon,11
CT,M,1997,Colton,11
CT,M,1997,Cooper,11
CT,M,1997,Damian,11
CT,M,1997,Diego,11
CT,M,1997,Donovan,11
CT,M,1997,Emmanuel,11
CT,M,1997,Erick,11
CT,M,1997,Felix,11
CT,M,1997,Gerald,11
CT,M,1997,Graham,11
CT,M,1997,Ivan,11
CT,M,1997,Josue,11
CT,M,1997,Justice,11
CT,M,1997,Kristopher,11
CT,M,1997,Ramon,11
CT,M,1997,Ruben,11
CT,M,1997,Salvatore,11
CT,M,1997,Wade,11
CT,M,1997,Walter,11
CT,M,1997,Alexis,10
CT,M,1997,Andy,10
CT,M,1997,Arthur,10
CT,M,1997,Brennan,10
CT,M,1997,Calvin,10
CT,M,1997,Dalton,10
CT,M,1997,Damien,10
CT,M,1997,Edgar,10
CT,M,1997,Eduardo,10
CT,M,1997,Frederick,10
CT,M,1997,Gage,10
CT,M,1997,Jerry,10
CT,M,1997,Jesus,10
CT,M,1997,Malcolm,10
CT,M,1997,Marco,10
CT,M,1997,Nickolas,10
CT,M,1997,Quinn,10
CT,M,1997,Ricky,10
CT,M,1997,Stefan,10
CT,M,1997,Todd,10
CT,M,1997,Bennett,9
CT,M,1997,Brady,9
CT,M,1997,Brent,9
CT,M,1997,Conner,9
CT,M,1997,Damon,9
CT,M,1997,Danny,9
CT,M,1997,Dustin,9
CT,M,1997,Francisco,9
CT,M,1997,Geoffrey,9
CT,M,1997,Isiah,9
CT,M,1997,Jamal,9
CT,M,1997,Jaquan,9
CT,M,1997,Jordon,9
CT,M,1997,Lawrence,9
CT,M,1997,Marvin,9
CT,M,1997,Myles,9
CT,M,1997,Oscar,9
CT,M,1997,Reed,9
CT,M,1997,Seamus,9
CT,M,1997,Stanley,9
CT,M,1997,Trent,9
CT,M,1997,Trevon,9
CT,M,1997,Tyrell,9
CT,M,1997,Tyrone,9
CT,M,1997,Wayne,9
CT,M,1997,Zachery,9
CT,M,1997,Cyrus,8
CT,M,1997,Devan,8
CT,M,1997,Edmund,8
CT,M,1997,Elliot,8
CT,M,1997,Jerome,8
CT,M,1997,Kelvin,8
CT,M,1997,Kendall,8
CT,M,1997,Leo,8
CT,M,1997,Leonard,8
CT,M,1997,Lorenzo,8
CT,M,1997,Lukas,8
CT,M,1997,Mario,8
CT,M,1997,Miles,8
CT,M,1997,Muhammad,8
CT,M,1997,Nathanael,8
CT,M,1997,Neil,8
CT,M,1997,Quinton,8
CT,M,1997,Roger,8
CT,M,1997,Ross,8
CT,M,1997,Trenton,8
CT,M,1997,Wyatt,8
CT,M,1997,Aiden,7
CT,M,1997,Alberto,7
CT,M,1997,Andres,7
CT,M,1997,Brad,7
CT,M,1997,Branden,7
CT,M,1997,Bryant,7
CT,M,1997,Chandler,7
CT,M,1997,Conrad,7
CT,M,1997,Cullen,7
CT,M,1997,Deandre,7
CT,M,1997,Desmond,7
CT,M,1997,Domenic,7
CT,M,1997,Eamon,7
CT,M,1997,Eli,7
CT,M,1997,Enrique,7
CT,M,1997,Erich,7
CT,M,1997,Fernando,7
CT,M,1997,Harold,7
CT,M,1997,Jacques,7
CT,M,1997,Jarrett,7
CT,M,1997,Jayson,7
CT,M,1997,Johnny,7
CT,M,1997,Juwan,7
CT,M,1997,Kenny,7
CT,M,1997,Lance,7
CT,M,1997,Micheal,7
CT,M,1997,Mike,7
CT,M,1997,Morgan,7
CT,M,1997,Rory,7
CT,M,1997,Shea,7
CT,M,1997,Simon,7
CT,M,1997,Terrence,7
CT,M,1997,Tony,7
CT,M,1997,Tristen,7
CT,M,1997,Ty,7
CT,M,1997,Wilson,7
CT,M,1997,Alessandro,6
CT,M,1997,Armando,6
CT,M,1997,Bruce,6
CT,M,1997,Cedric,6
CT,M,1997,Clark,6
CT,M,1997,Dandre,6
CT,M,1997,Daquan,6
CT,M,1997,Davis,6
CT,M,1997,Duncan,6
CT,M,1997,Dwight,6
CT,M,1997,Emerson,6
CT,M,1997,Ezekiel,6
CT,M,1997,Frankie,6
CT,M,1997,Garret,6
CT,M,1997,Gianni,6
CT,M,1997,Glenn,6
CT,M,1997,Israel,6
CT,M,1997,Jalen,6
CT,M,1997,Jameson,6
CT,M,1997,Jermaine,6
CT,M,1997,Karl,6
CT,M,1997,Leon,6
CT,M,1997,Leonardo,6
CT,M,1997,Mackenzie,6
CT,M,1997,Marcel,6
CT,M,1997,Marlon,6
CT,M,1997,Preston,6
CT,M,1997,Quentin,6
CT,M,1997,Randall,6
CT,M,1997,Randy,6
CT,M,1997,Ray,6
CT,M,1997,Shamar,6
CT,M,1997,Sidney,6
CT,M,1997,Tariq,6
CT,M,1997,Terence,6
CT,M,1997,Terrance,6
CT,M,1997,Terrell,6
CT,M,1997,Tyree,6
CT,M,1997,Warren,6
CT,M,1997,Willie,6
CT,M,1997,Zachariah,6
CT,M,1997,Zackary,6
CT,M,1997,Zane,6
CT,M,1997,Alfred,5
CT,M,1997,Alonzo,5
CT,M,1997,Antoine,5
CT,M,1997,Ari,5
CT,M,1997,Ashton,5
CT,M,1997,Austen,5
CT,M,1997,Babyboy,5
CT,M,1997,Bret,5
CT,M,1997,Brock,5
CT,M,1997,Brody,5
CT,M,1997,Byron,5
CT,M,1997,Carlo,5
CT,M,1997,Cesar,5
CT,M,1997,Chance,5
CT,M,1997,Dale,5
CT,M,1997,Darren,5
CT,M,1997,Devante,5
CT,M,1997,Devonte,5
CT,M,1997,Dominique,5
CT,M,1997,Dwayne,5
CT,M,1997,Eddie,5
CT,M,1997,Emilio,5
CT,M,1997,Ezra,5
CT,M,1997,Gerard,5
CT,M,1997,Glen,5
CT,M,1997,Gordon,5
CT,M,1997,Harry,5
CT,M,1997,Howard,5
CT,M,1997,Jaime,5
CT,M,1997,Jamie,5
CT,M,1997,Jarrod,5
CT,M,1997,Jayquan,5
CT,M,1997,Jefferson,5
CT,M,1997,Jessie,5
CT,M,1997,Jimmy,5
CT,M,1997,Jon,5
CT,M,1997,Josef,5
CT,M,1997,Jovan,5
CT,M,1997,Karon,5
CT,M,1997,Keenan,5
CT,M,1997,Keion,5
CT,M,1997,Kieran,5
CT,M,1997,Landon,5
CT,M,1997,Malachi,5
CT,M,1997,Marcos,5
CT,M,1997,Maurice,5
CT,M,1997,Mitchel,5
CT,M,1997,Mohamed,5
CT,M,1997,Moses,5
CT,M,1997,Noel,5
CT,M,1997,Raphael,5
CT,M,1997,Reginald,5
CT,M,1997,Reid,5
CT,M,1997,Rocco,5
CT,M,1997,Rodney,5
CT,M,1997,Ronnie,5
CT,M,1997,Sage,5
CT,M,1997,Sam,5
CT,M,1997,Sawyer,5
CT,M,1997,Solomon,5
CT,M,1997,Stephon,5
CT,M,1997,Tate,5
CT,M,1997,Tommy,5
CT,M,1997,Travon,5
CT,M,1997,Tyrese,5
CT,M,1998,Michael,636
CT,M,1998,Matthew,532
CT,M,1998,Nicholas,422
CT,M,1998,Christopher,396
CT,M,1998,Ryan,382
CT,M,1998,Andrew,359
CT,M,1998,Joseph,341
CT,M,1998,Tyler,338
CT,M,1998,John,333
CT,M,1998,Daniel,323
CT,M,1998,Joshua,308
CT,M,1998,William,306
CT,M,1998,Jacob,305
CT,M,1998,Zachary,295
CT,M,1998,James,286
CT,M,1998,Anthony,280
CT,M,1998,Kyle,274
CT,M,1998,Alexander,270
CT,M,1998,Justin,247
CT,M,1998,David,241
CT,M,1998,Brandon,232
CT,M,1998,Jonathan,229
CT,M,1998,Benjamin,215
CT,M,1998,Thomas,213
CT,M,1998,Kevin,207
CT,M,1998,Jordan,182
CT,M,1998,Robert,180
CT,M,1998,Dylan,165
CT,M,1998,Samuel,165
CT,M,1998,Austin,161
CT,M,1998,Christian,160
CT,M,1998,Jack,157
CT,M,1998,Patrick,155
CT,M,1998,Connor,147
CT,M,1998,Jason,137
CT,M,1998,Noah,137
CT,M,1998,Eric,132
CT,M,1998,Brian,131
CT,M,1998,Timothy,130
CT,M,1998,Sean,128
CT,M,1998,Adam,126
CT,M,1998,Nathan,109
CT,M,1998,Cameron,105
CT,M,1998,Peter,104
CT,M,1998,Aaron,102
CT,M,1998,Richard,102
CT,M,1998,Ethan,99
CT,M,1998,Luis,97
CT,M,1998,Evan,95
CT,M,1998,Jake,95
CT,M,1998,Alex,91
CT,M,1998,Charles,91
CT,M,1998,Jose,90
CT,M,1998,Luke,90
CT,M,1998,Steven,89
CT,M,1998,Hunter,88
CT,M,1998,Nathaniel,85
CT,M,1998,Ian,84
CT,M,1998,Brendan,82
CT,M,1998,Stephen,82
CT,M,1998,Mark,81
CT,M,1998,Liam,75
CT,M,1998,Angel,74
CT,M,1998,Jared,74
CT,M,1998,Jeremy,74
CT,M,1998,Colin,72
CT,M,1998,Devin,72
CT,M,1998,Jeffrey,72
CT,M,1998,Paul,71
CT,M,1998,Elijah,69
CT,M,1998,Trevor,63
CT,M,1998,Isaiah,61
CT,M,1998,Gregory,60
CT,M,1998,Gabriel,59
CT,M,1998,Scott,59
CT,M,1998,Cody,57
CT,M,1998,Lucas,57
CT,M,1998,Spencer,57
CT,M,1998,Edward,56
CT,M,1998,Owen,56
CT,M,1998,Bryan,54
CT,M,1998,Vincent,51
CT,M,1998,Shawn,50
CT,M,1998,George,48
CT,M,1998,Mitchell,48
CT,M,1998,Maxwell,47
CT,M,1998,Dante,46
CT,M,1998,Kenneth,45
CT,M,1998,Carlos,43
CT,M,1998,Juan,43
CT,M,1998,Griffin,41
CT,M,1998,Henry,41
CT,M,1998,Shane,41
CT,M,1998,Victor,41
CT,M,1998,Jesse,40
CT,M,1998,Max,40
CT,M,1998,Raymond,40
CT,M,1998,Caleb,39
CT,M,1998,Chase,39
CT,M,1998,Cole,39
CT,M,1998,Devon,39
CT,M,1998,Garrett,39
CT,M,1998,Logan,39
CT,M,1998,Antonio,38
CT,M,1998,Brett,38
CT,M,1998,Jackson,38
CT,M,1998,Dominic,37
CT,M,1998,Marcus,37
CT,M,1998,Xavier,37
CT,M,1998,Alec,36
CT,M,1998,Collin,36
CT,M,1998,Corey,36
CT,M,1998,Aidan,34
CT,M,1998,Nicolas,34
CT,M,1998,Derek,33
CT,M,1998,Harrison,33
CT,M,1998,Adrian,32
CT,M,1998,Julian,32
CT,M,1998,Mathew,32
CT,M,1998,Andre,31
CT,M,1998,Joel,31
CT,M,1998,Malik,31
CT,M,1998,Marc,31
CT,M,1998,Philip,31
CT,M,1998,Erik,30
CT,M,1998,Giovanni,27
CT,M,1998,Isaac,27
CT,M,1998,Jeremiah,27
CT,M,1998,Colby,26
CT,M,1998,Dillon,26
CT,M,1998,Riley,26
CT,M,1998,Travis,26
CT,M,1998,Marco,24
CT,M,1998,Mason,24
CT,M,1998,Tristan,24
CT,M,1998,Bryce,23
CT,M,1998,Cristian,23
CT,M,1998,Edwin,23
CT,M,1998,Frank,23
CT,M,1998,Bailey,22
CT,M,1998,Bradley,22
CT,M,1998,Colton,22
CT,M,1998,Jakob,22
CT,M,1998,Johnathan,22
CT,M,1998,Rafael,22
CT,M,1998,Tanner,22
CT,M,1998,Chad,21
CT,M,1998,Conor,21
CT,M,1998,Grant,21
CT,M,1998,Jorge,21
CT,M,1998,Troy,21
CT,M,1998,Douglas,20
CT,M,1998,Gavin,20
CT,M,1998,Hector,20
CT,M,1998,Miguel,20
CT,M,1998,Ronald,20
CT,M,1998,Theodore,20
CT,M,1998,Alejandro,19
CT,M,1998,Cooper,19
CT,M,1998,Donald,19
CT,M,1998,Julio,19
CT,M,1998,Sebastian,19
CT,M,1998,Seth,19
CT,M,1998,Calvin,18
CT,M,1998,Cory,18
CT,M,1998,Duncan,18
CT,M,1998,Parker,18
CT,M,1998,Tariq,18
CT,M,1998,Blake,17
CT,M,1998,Dakota,17
CT,M,1998,Ricardo,17
CT,M,1998,Taylor,17
CT,M,1998,Alan,16
CT,M,1998,Carl,16
CT,M,1998,Carter,16
CT,M,1998,Craig,16
CT,M,1998,Curtis,16
CT,M,1998,Dean,16
CT,M,1998,Oliver,16
CT,M,1998,Zackary,16
CT,M,1998,Alexis,15
CT,M,1998,Chandler,15
CT,M,1998,Clayton,15
CT,M,1998,Drew,15
CT,M,1998,Keith,15
CT,M,1998,Omar,15
CT,M,1998,Phillip,15
CT,M,1998,Casey,14
CT,M,1998,Damian,14
CT,M,1998,Darius,14
CT,M,1998,Dominick,14
CT,M,1998,Emmanuel,14
CT,M,1998,Gianni,14
CT,M,1998,Ivan,14
CT,M,1998,Jalen,14
CT,M,1998,Jarod,14
CT,M,1998,Louis,14
CT,M,1998,Trent,14
CT,M,1998,Albert,13
CT,M,1998,Derrick,13
CT,M,1998,Dustin,13
CT,M,1998,Isiah,13
CT,M,1998,Jonah,13
CT,M,1998,Miles,13
CT,M,1998,Nikolas,13
CT,M,1998,Nolan,13
CT,M,1998,Andres,12
CT,M,1998,Avery,12
CT,M,1998,Brennan,12
CT,M,1998,Conner,12
CT,M,1998,Edgar,12
CT,M,1998,Francis,12
CT,M,1998,Gage,12
CT,M,1998,Jayson,12
CT,M,1998,Jerry,12
CT,M,1998,Jesus,12
CT,M,1998,Johnny,12
CT,M,1998,Jonathon,12
CT,M,1998,Leonardo,12
CT,M,1998,Manuel,12
CT,M,1998,Marquis,12
CT,M,1998,Orlando,12
CT,M,1998,Oscar,12
CT,M,1998,Quinn,12
CT,M,1998,Roberto,12
CT,M,1998,Sam,12
CT,M,1998,Todd,12
CT,M,1998,Tucker,12
CT,M,1998,Walter,12
CT,M,1998,Wyatt,12
CT,M,1998,Allen,11
CT,M,1998,Andy,11
CT,M,1998,Arthur,11
CT,M,1998,Brendon,11
CT,M,1998,Dalton,11
CT,M,1998,Frederick,11
CT,M,1998,Gary,11
CT,M,1998,Glenn,11
CT,M,1998,Israel,11
CT,M,1998,Javier,11
CT,M,1998,Jay,11
CT,M,1998,Jermaine,11
CT,M,1998,Reed,11
CT,M,1998,Simon,11
CT,M,1998,Angelo,10
CT,M,1998,Brady,10
CT,M,1998,Bruce,10
CT,M,1998,Damon,10
CT,M,1998,Darryl,10
CT,M,1998,Dennis,10
CT,M,1998,Donovan,10
CT,M,1998,Eli,10
CT,M,1998,Elias,10
CT,M,1998,Elliot,10
CT,M,1998,Francisco,10
CT,M,1998,Geoffrey,10
CT,M,1998,Graham,10
CT,M,1998,Hayden,10
CT,M,1998,Josiah,10
CT,M,1998,Justice,10
CT,M,1998,Leo,10
CT,M,1998,Lorenzo,10
CT,M,1998,Mario,10
CT,M,1998,Martin,10
CT,M,1998,Micah,10
CT,M,1998,Ramon,10
CT,M,1998,Raul,10
CT,M,1998,Shaun,10
CT,M,1998,Stefan,10
CT,M,1998,Trevon,10
CT,M,1998,Trey,10
CT,M,1998,Wayne,10
CT,M,1998,Wesley,10
CT,M,1998,Armando,9
CT,M,1998,Brenden,9
CT,M,1998,Camron,9
CT,M,1998,Darren,9
CT,M,1998,Dwayne,9
CT,M,1998,Fernando,9
CT,M,1998,Grayson,9
CT,M,1998,Javon,9
CT,M,1998,Jayvon,9
CT,M,1998,Kurt,9
CT,M,1998,Larry,9
CT,M,1998,Micheal,9
CT,M,1998,Pablo,9
CT,M,1998,Raheem,9
CT,M,1998,Roger,9
CT,M,1998,Ross,9
CT,M,1998,Seamus,9
CT,M,1998,Aiden,8
CT,M,1998,Bennett,8
CT,M,1998,Carson,8
CT,M,1998,Dale,8
CT,M,1998,Davon,8
CT,M,1998,Declan,8
CT,M,1998,Eugene,8
CT,M,1998,Jaylen,8
CT,M,1998,Jimmy,8
CT,M,1998,Jon,8
CT,M,1998,Kendall,8
CT,M,1998,Kenny,8
CT,M,1998,Khalil,8
CT,M,1998,Kristopher,8
CT,M,1998,Lance,8
CT,M,1998,Leon,8
CT,M,1998,Lewis,8
CT,M,1998,Malcolm,8
CT,M,1998,Marcos,8
CT,M,1998,Morgan,8
CT,M,1998,Myles,8
CT,M,1998,Neil,8
CT,M,1998,Quentin,8
CT,M,1998,Reece,8
CT,M,1998,Salvatore,8
CT,M,1998,Sergio,8
CT,M,1998,Tommy,8
CT,M,1998,Tyrone,8
CT,M,1998,Vincenzo,8
CT,M,1998,Amir,7
CT,M,1998,Dallas,7
CT,M,1998,Dane,7
CT,M,1998,Dashawn,7
CT,M,1998,Dawson,7
CT,M,1998,Deandre,7
CT,M,1998,Demetrius,7
CT,M,1998,Earl,7
CT,M,1998,Emilio,7
CT,M,1998,Erick,7
CT,M,1998,Ernest,7
CT,M,1998,Esteban,7
CT,M,1998,Gino,7
CT,M,1998,Heriberto,7
CT,M,1998,Jaime,7
CT,M,1998,Jamie,7
CT,M,1998,Jaquan,7
CT,M,1998,Josue,7
CT,M,1998,Jovan,7
CT,M,1998,Juwan,7
CT,M,1998,Kelvin,7
CT,M,1998,Kobe,7
CT,M,1998,Lawrence,7
CT,M,1998,Maurice,7
CT,M,1998,Melvin,7
CT,M,1998,Nelson,7
CT,M,1998,Nickolas,7
CT,M,1998,Noel,7
CT,M,1998,Pedro,7
CT,M,1998,Ralph,7
CT,M,1998,Randy,7
CT,M,1998,Reginald,7
CT,M,1998,Ricky,7
CT,M,1998,Rodney,7
CT,M,1998,Russell,7
CT,M,1998,Tomas,7
CT,M,1998,Tyrell,7
CT,M,1998,Warren,7
CT,M,1998,Zachariah,7
CT,M,1998,Abraham,6
CT,M,1998,Alberto,6
CT,M,1998,Ariel,6
CT,M,1998,Ashton,6
CT,M,1998,Ben,6
CT,M,1998,Cesar,6
CT,M,1998,Chance,6
CT,M,1998,Chris,6
CT,M,1998,Damien,6
CT,M,1998,Dandre,6
CT,M,1998,Danny,6
CT,M,1998,Deshawn,6
CT,M,1998,Dwight,6
CT,M,1998,Edmund,6
CT,M,1998,Ezra,6
CT,M,1998,Felix,6
CT,M,1998,Gordon,6
CT,M,1998,Harold,6
CT,M,1998,Jarred,6
CT,M,1998,Jayquan,6
CT,M,1998,Jean,6
CT,M,1998,Jonas,6
CT,M,1998,Jovanni,6
CT,M,1998,Julius,6
CT,M,1998,Karl,6
CT,M,1998,Keegan,6
CT,M,1998,Kieran,6
CT,M,1998,Kristian,6
CT,M,1998,Markus,6
CT,M,1998,Mathieu,6
CT,M,1998,Maximilian,6
CT,M,1998,Mohammed,6
CT,M,1998,Preston,6
CT,M,1998,Quinton,6
CT,M,1998,Reid,6
CT,M,1998,Reilly,6
CT,M,1998,Rocco,6
CT,M,1998,Ruben,6
CT,M,1998,Santino,6
CT,M,1998,Stuart,6
CT,M,1998,Terrell,6
CT,M,1998,Terrence,6
CT,M,1998,Tony,6
CT,M,1998,Tyrek,6
CT,M,1998,Tyson,6
CT,M,1998,Wilfredo,6
CT,M,1998,Zachery,6
CT,M,1998,Zackery,6
CT,M,1998,Alfredo,5
CT,M,1998,Ali,5
CT,M,1998,Amari,5
CT,M,1998,Antoine,5
CT,M,1998,Aramis,5
CT,M,1998,Brock,5
CT,M,1998,Brody,5
CT,M,1998,Cade,5
CT,M,1998,Cyrus,5
CT,M,1998,Daquan,5
CT,M,1998,Darrell,5
CT,M,1998,Dashaun,5
CT,M,1998,Dimitri,5
CT,M,1998,Donte,5
CT,M,1998,Efrain,5
CT,M,1998,Fabian,5
CT,M,1998,Harley,5
CT,M,1998,Harry,5
CT,M,1998,Herbert,5
CT,M,1998,Holden,5
CT,M,1998,Ismael,5
CT,M,1998,Jaden,5
CT,M,1998,Jamal,5
CT,M,1998,Jarrod,5
CT,M,1998,Kai,5
CT,M,1998,Kameron,5
CT,M,1998,Kareem,5
CT,M,1998,Lars,5
CT,M,1998,Lee,5
CT,M,1998,Leonard,5
CT,M,1998,Levi,5
CT,M,1998,Luca,5
CT,M,1998,Lukas,5
CT,M,1998,Malachi,5
CT,M,1998,Marshall,5
CT,M,1998,Mateo,5
CT,M,1998,Mateusz,5
CT,M,1998,Mekhi,5
CT,M,1998,Mohammad,5
CT,M,1998,Moses,5
CT,M,1998,Nigel,5
CT,M,1998,Peyton,5
CT,M,1998,Rahul,5
CT,M,1998,Reinaldo,5
CT,M,1998,Roy,5
CT,M,1998,Solomon,5
CT,M,1998,Terry,5
CT,M,1998,Walker,5
CT,M,1998,Willie,5
CT,M,1999,Matthew,589
CT,M,1999,Michael,558
CT,M,1999,Nicholas,438
CT,M,1999,Christopher,414
CT,M,1999,John,410
CT,M,1999,Ryan,375
CT,M,1999,Jacob,326
CT,M,1999,Joseph,322
CT,M,1999,Andrew,319
CT,M,1999,William,309
CT,M,1999,Anthony,300
CT,M,1999,Joshua,295
CT,M,1999,Zachary,285
CT,M,1999,Daniel,283
CT,M,1999,Tyler,283
CT,M,1999,Alexander,261
CT,M,1999,Kyle,260
CT,M,1999,Justin,256
CT,M,1999,Thomas,250
CT,M,1999,James,244
CT,M,1999,David,226
CT,M,1999,Benjamin,208
CT,M,1999,Jonathan,204
CT,M,1999,Samuel,201
CT,M,1999,Brandon,196
CT,M,1999,Kevin,191
CT,M,1999,Robert,190
CT,M,1999,Jack,185
CT,M,1999,Dylan,173
CT,M,1999,Brian,157
CT,M,1999,Noah,157
CT,M,1999,Sean,157
CT,M,1999,Nathan,151
CT,M,1999,Christian,142
CT,M,1999,Jason,142
CT,M,1999,Jordan,135
CT,M,1999,Austin,134
CT,M,1999,Connor,130
CT,M,1999,Patrick,124
CT,M,1999,Cameron,115
CT,M,1999,Ethan,113
CT,M,1999,Adam,108
CT,M,1999,Evan,108
CT,M,1999,Jake,107
CT,M,1999,Timothy,105
CT,M,1999,Eric,102
CT,M,1999,Peter,101
CT,M,1999,Charles,92
CT,M,1999,Jared,92
CT,M,1999,Mark,89
CT,M,1999,Richard,89
CT,M,1999,Brendan,87
CT,M,1999,Ian,85
CT,M,1999,Elijah,82
CT,M,1999,Alex,79
CT,M,1999,Liam,78
CT,M,1999,Luke,78
CT,M,1999,Stephen,77
CT,M,1999,Steven,76
CT,M,1999,Jose,75
CT,M,1999,Spencer,73
CT,M,1999,Luis,72
CT,M,1999,Hunter,71
CT,M,1999,Nathaniel,71
CT,M,1999,Trevor,71
CT,M,1999,Isaiah,70
CT,M,1999,Jeffrey,68
CT,M,1999,Aaron,66
CT,M,1999,Angel,65
CT,M,1999,Carlos,62
CT,M,1999,Bryan,61
CT,M,1999,Jeremy,60
CT,M,1999,Colin,59
CT,M,1999,Gabriel,58
CT,M,1999,Paul,55
CT,M,1999,Shane,55
CT,M,1999,Edward,54
CT,M,1999,Logan,53
CT,M,1999,Antonio,51
CT,M,1999,Devin,50
CT,M,1999,Owen,49
CT,M,1999,Caleb,48
CT,M,1999,Max,48
CT,M,1999,Scott,48
CT,M,1999,Aidan,46
CT,M,1999,Gregory,46
CT,M,1999,Derek,45
CT,M,1999,Kenneth,45
CT,M,1999,Alec,44
CT,M,1999,Jackson,44
CT,M,1999,Xavier,44
CT,M,1999,Maxwell,43
CT,M,1999,Cody,42
CT,M,1999,Corey,42
CT,M,1999,George,42
CT,M,1999,Cole,40
CT,M,1999,Lucas,40
CT,M,1999,Victor,40
CT,M,1999,Shawn,39
CT,M,1999,Brett,38
CT,M,1999,Gavin,37
CT,M,1999,Griffin,37
CT,M,1999,Mitchell,37
CT,M,1999,Vincent,37
CT,M,1999,Garrett,36
CT,M,1999,Chase,35
CT,M,1999,Devon,35
CT,M,1999,Dominic,35
CT,M,1999,Marcus,35
CT,M,1999,Raymond,35
CT,M,1999,Andre,34
CT,M,1999,Julian,34
CT,M,1999,Frank,33
CT,M,1999,Henry,33
CT,M,1999,Nicolas,33
CT,M,1999,Juan,32
CT,M,1999,Marc,32
CT,M,1999,Cristian,31
CT,M,1999,Edwin,31
CT,M,1999,Jesse,31
CT,M,1999,Mason,31
CT,M,1999,Miguel,31
CT,M,1999,Riley,31
CT,M,1999,Tristan,31
CT,M,1999,Adrian,30
CT,M,1999,Philip,30
CT,M,1999,Sebastian,30
CT,M,1999,Seth,30
CT,M,1999,Harrison,29
CT,M,1999,Isaac,29
CT,M,1999,Joel,28
CT,M,1999,Louis,28
CT,M,1999,Troy,28
CT,M,1999,Collin,27
CT,M,1999,Theodore,27
CT,M,1999,Bryce,26
CT,M,1999,Drew,26
CT,M,1999,Colby,25
CT,M,1999,Dante,25
CT,M,1999,Erik,25
CT,M,1999,Julio,25
CT,M,1999,Malik,25
CT,M,1999,Blake,24
CT,M,1999,Bradley,24
CT,M,1999,Dakota,23
CT,M,1999,Travis,23
CT,M,1999,Damian,22
CT,M,1999,Donovan,22
CT,M,1999,Tanner,22
CT,M,1999,Javier,21
CT,M,1999,Jeremiah,21
CT,M,1999,Giovanni,20
CT,M,1999,Mathew,20
CT,M,1999,Quinn,20
CT,M,1999,Chad,19
CT,M,1999,Cory,19
CT,M,1999,Dennis,19
CT,M,1999,Elias,19
CT,M,1999,Johnathan,19
CT,M,1999,Jorge,19
CT,M,1999,Ronald,19
CT,M,1999,Tyrese,19
CT,M,1999,Angelo,18
CT,M,1999,Bailey,18
CT,M,1999,Oliver,18
CT,M,1999,Parker,18
CT,M,1999,Rafael,18
CT,M,1999,Randy,18
CT,M,1999,Ricardo,18
CT,M,1999,Shaun,18
CT,M,1999,Taylor,18
CT,M,1999,Wyatt,18
CT,M,1999,Conor,17
CT,M,1999,Dillon,17
CT,M,1999,Grant,17
CT,M,1999,Jaden,17
CT,M,1999,Keith,17
CT,M,1999,Pedro,17
CT,M,1999,Cooper,16
CT,M,1999,Darius,16
CT,M,1999,Francis,16
CT,M,1999,Jay,16
CT,M,1999,Marco,16
CT,M,1999,Sam,16
CT,M,1999,Wesley,16
CT,M,1999,Alan,15
CT,M,1999,Andy,15
CT,M,1999,Calvin,15
CT,M,1999,Casey,15
CT,M,1999,Douglas,15
CT,M,1999,Gary,15
CT,M,1999,Hayden,15
CT,M,1999,Jayson,15
CT,M,1999,Jesus,15
CT,M,1999,Jonah,15
CT,M,1999,Roberto,15
CT,M,1999,Alejandro,14
CT,M,1999,Alexis,14
CT,M,1999,Brennan,14
CT,M,1999,Curtis,14
CT,M,1999,Dean,14
CT,M,1999,Diego,14
CT,M,1999,Jayden,14
CT,M,1999,Jonathon,14
CT,M,1999,Nolan,14
CT,M,1999,Arthur,13
CT,M,1999,Branden,13
CT,M,1999,Carter,13
CT,M,1999,Clayton,13
CT,M,1999,Conner,13
CT,M,1999,Craig,13
CT,M,1999,Dominick,13
CT,M,1999,Erick,13
CT,M,1999,Francisco,13
CT,M,1999,Hector,13
CT,M,1999,Isiah,13
CT,M,1999,Jalen,13
CT,M,1999,Jaquan,13
CT,M,1999,Martin,13
CT,M,1999,Myles,13
CT,M,1999,Omar,13
CT,M,1999,Quentin,13
CT,M,1999,Todd,13
CT,M,1999,Brent,12
CT,M,1999,Dalton,12
CT,M,1999,Derrick,12
CT,M,1999,Felix,12
CT,M,1999,Jakob,12
CT,M,1999,Malcolm,12
CT,M,1999,Miles,12
CT,M,1999,Preston,12
CT,M,1999,Roger,12
CT,M,1999,Ruben,12
CT,M,1999,Allan,11
CT,M,1999,Andres,11
CT,M,1999,Donald,11
CT,M,1999,Emmanuel,11
CT,M,1999,Javon,11
CT,M,1999,Jaylen,11
CT,M,1999,Josiah,11
CT,M,1999,Josue,11
CT,M,1999,Maximilian,11
CT,M,1999,Nico,11
CT,M,1999,Salvatore,11
CT,M,1999,Avery,10
CT,M,1999,Bryant,10
CT,M,1999,Colton,10
CT,M,1999,Damien,10
CT,M,1999,Darien,10
CT,M,1999,Edgar,10
CT,M,1999,Jamar,10
CT,M,1999,Jarrett,10
CT,M,1999,Kelvin,10
CT,M,1999,Nickolas,10
CT,M,1999,Quincy,10
CT,M,1999,Simon,10
CT,M,1999,Zachery,10
CT,M,1999,Zackary,10
CT,M,1999,Ali,9
CT,M,1999,Carson,9
CT,M,1999,Chandler,9
CT,M,1999,Damon,9
CT,M,1999,Danny,9
CT,M,1999,Davon,9
CT,M,1999,Gerald,9
CT,M,1999,Harry,9
CT,M,1999,Jamie,9
CT,M,1999,Johnny,9
CT,M,1999,Lawrence,9
CT,M,1999,Lorenzo,9
CT,M,1999,Mario,9
CT,M,1999,Nelson,9
CT,M,1999,Peyton,9
CT,M,1999,Trent,9
CT,M,1999,Willie,9
CT,M,1999,Cesar,8
CT,M,1999,Dawson,8
CT,M,1999,Desmond,8
CT,M,1999,Eduardo,8
CT,M,1999,Elliot,8
CT,M,1999,Enrique,8
CT,M,1999,Fabian,8
CT,M,1999,Francesco,8
CT,M,1999,Ismael,8
CT,M,1999,Israel,8
CT,M,1999,Ivan,8
CT,M,1999,Jarod,8
CT,M,1999,Jimmy,8
CT,M,1999,Jon,8
CT,M,1999,Julius,8
CT,M,1999,Khalil,8
CT,M,1999,Kristopher,8
CT,M,1999,Leonardo,8
CT,M,1999,Lukas,8
CT,M,1999,Mohammad,8
CT,M,1999,Neil,8
CT,M,1999,Nikolas,8
CT,M,1999,Orlando,8
CT,M,1999,Oscar,8
CT,M,1999,Raphael,8
CT,M,1999,Sergio,8
CT,M,1999,Skyler,8
CT,M,1999,Trenton,8
CT,M,1999,Trey,8
CT,M,1999,Tucker,8
CT,M,1999,Tyriq,8
CT,M,1999,Zion,8
CT,M,1999,Albert,7
CT,M,1999,Alexandre,7
CT,M,1999,Brenden,7
CT,M,1999,Chance,7
CT,M,1999,Dandre,7
CT,M,1999,Declan,7
CT,M,1999,Dustin,7
CT,M,1999,Emanuel,7
CT,M,1999,Gage,7
CT,M,1999,Justice,7
CT,M,1999,Kai,7
CT,M,1999,Manuel,7
CT,M,1999,Nikhil,7
CT,M,1999,Noel,7
CT,M,1999,Phillip,7
CT,M,1999,Reed,7
CT,M,1999,Rohan,7
CT,M,1999,Roland,7
CT,M,1999,Russell,7
CT,M,1999,Tariq,7
CT,M,1999,Terrance,7
CT,M,1999,Trevon,7
CT,M,1999,Tyrell,7
CT,M,1999,Tyrique,7
CT,M,1999,Vincenzo,7
CT,M,1999,Abraham,6
CT,M,1999,Aiden,6
CT,M,1999,Allen,6
CT,M,1999,Amir,6
CT,M,1999,Barry,6
CT,M,1999,Brendon,6
CT,M,1999,Camden,6
CT,M,1999,Camron,6
CT,M,1999,Carl,6
CT,M,1999,Conrad,6
CT,M,1999,Denzel,6
CT,M,1999,Devonte,6
CT,M,1999,Duncan,6
CT,M,1999,Eddie,6
CT,M,1999,Efrain,6
CT,M,1999,Eli,6
CT,M,1999,Eugene,6
CT,M,1999,Ezekiel,6
CT,M,1999,Frankie,6
CT,M,1999,Gerardo,6
CT,M,1999,Hugo,6
CT,M,1999,Jovan,6
CT,M,1999,Keenan,6
CT,M,1999,Kieran,6
CT,M,1999,Kristian,6
CT,M,1999,Marshall,6
CT,M,1999,Marvin,6
CT,M,1999,Micah,6
CT,M,1999,Mohammed,6
CT,M,1999,Pablo,6
CT,M,1999,Ralph,6
CT,M,1999,Raul,6
CT,M,1999,Ross,6
CT,M,1999,Stefan,6
CT,M,1999,Syed,6
CT,M,1999,Terrence,6
CT,M,1999,Tony,6
CT,M,1999,Tyquan,6
CT,M,1999,Tyrone,6
CT,M,1999,Walter,6
CT,M,1999,Wayne,6
CT,M,1999,Zane,6
CT,M,1999,Abdul,5
CT,M,1999,Alden,5
CT,M,1999,Anderson,5
CT,M,1999,Ari,5
CT,M,1999,Armando,5
CT,M,1999,Bennett,5
CT,M,1999,Bradford,5
CT,M,1999,Brayden,5
CT,M,1999,Brooks,5
CT,M,1999,Chris,5
CT,M,1999,Dajon,5
CT,M,1999,Dale,5
CT,M,1999,Darnell,5
CT,M,1999,Darren,5
CT,M,1999,Domenick,5
CT,M,1999,Dwight,5
CT,M,1999,Edmund,5
CT,M,1999,Elliott,5
CT,M,1999,Elvis,5
CT,M,1999,Frederick,5
CT,M,1999,Giuseppe,5
CT,M,1999,Gordon,5
CT,M,1999,Graham,5
CT,M,1999,Hugh,5
CT,M,1999,Izaiah,5
CT,M,1999,Jadon,5
CT,M,1999,Jakai,5
CT,M,1999,Jameson,5
CT,M,1999,Jerome,5
CT,M,1999,Jordon,5
CT,M,1999,Kameron,5
CT,M,1999,Kendrick,5
CT,M,1999,Kobe,5
CT,M,1999,Kolby,5
CT,M,1999,Kunal,5
CT,M,1999,Kurt,5
CT,M,1999,Leon,5
CT,M,1999,Marquise,5
CT,M,1999,Mateo,5
CT,M,1999,Maurice,5
CT,M,1999,Michal,5
CT,M,1999,Micheal,5
CT,M,1999,Moises,5
CT,M,1999,Morgan,5
CT,M,1999,Nasir,5
CT,M,1999,Nathanael,5
CT,M,1999,Nathanial,5
CT,M,1999,Paris,5
CT,M,1999,Pierce,5
CT,M,1999,Randall,5
CT,M,1999,Ricky,5
CT,M,1999,Rory,5
CT,M,1999,Roy,5
CT,M,1999,Rudy,5
CT,M,1999,Shayne,5
CT,M,1999,Shemar,5
CT,M,1999,Sidney,5
CT,M,1999,Stanley,5
CT,M,1999,Tahj,5
CT,M,1999,Tommy,5
CT,M,1999,Ty,5
CT,M,1999,Vaughn,5
CT,M,1999,Wade,5
CT,M,1999,Wilfredo,5
CT,M,1999,Wilson,5
CT,M,1999,Zackery,5
CT,M,1999,Zaire,5
CT,M,2000,Michael,553
CT,M,2000,Matthew,461
CT,M,2000,Nicholas,440
CT,M,2000,Christopher,384
CT,M,2000,Ryan,369
CT,M,2000,Jacob,326
CT,M,2000,John,325
CT,M,2000,Joshua,322
CT,M,2000,Joseph,321
CT,M,2000,William,308
CT,M,2000,Alexander,300
CT,M,2000,Zachary,293
CT,M,2000,Andrew,292
CT,M,2000,Daniel,282
CT,M,2000,Tyler,273
CT,M,2000,Anthony,267
CT,M,2000,James,247
CT,M,2000,Thomas,229
CT,M,2000,David,228
CT,M,2000,Justin,228
CT,M,2000,Benjamin,226
CT,M,2000,Kyle,209
CT,M,2000,Jonathan,199
CT,M,2000,Robert,191
CT,M,2000,Kevin,187
CT,M,2000,Brandon,180
CT,M,2000,Christian,179
CT,M,2000,Dylan,176
CT,M,2000,Jack,176
CT,M,2000,Samuel,159
CT,M,2000,Noah,157
CT,M,2000,Nathan,154
CT,M,2000,Sean,153
CT,M,2000,Jason,146
CT,M,2000,Cameron,140
CT,M,2000,Jordan,140
CT,M,2000,Ethan,137
CT,M,2000,Brian,129
CT,M,2000,Connor,129
CT,M,2000,Evan,128
CT,M,2000,Eric,117
CT,M,2000,Timothy,115
CT,M,2000,Patrick,108
CT,M,2000,Alex,103
CT,M,2000,Jared,103
CT,M,2000,Adam,100
CT,M,2000,Austin,99
CT,M,2000,Charles,99
CT,M,2000,Steven,97
CT,M,2000,Jake,94
CT,M,2000,Richard,94
CT,M,2000,Gabriel,89
CT,M,2000,Elijah,88
CT,M,2000,Brendan,86
CT,M,2000,Luke,86
CT,M,2000,Hunter,83
CT,M,2000,Jeremy,79
CT,M,2000,Jose,78
CT,M,2000,Isaiah,77
CT,M,2000,Liam,76
CT,M,2000,Nathaniel,76
CT,M,2000,Peter,72
CT,M,2000,Mark,71
CT,M,2000,Shane,71
CT,M,2000,Stephen,70
CT,M,2000,Aaron,69
CT,M,2000,Ian,69
CT,M,2000,Luis,69
CT,M,2000,Colin,67
CT,M,2000,Aidan,66
CT,M,2000,Trevor,65
CT,M,2000,Angel,63
CT,M,2000,Henry,62
CT,M,2000,Logan,62
CT,M,2000,Maxwell,60
CT,M,2000,Spencer,59
CT,M,2000,Owen,58
CT,M,2000,Lucas,57
CT,M,2000,Derek,56
CT,M,2000,Bryan,55
CT,M,2000,Carlos,54
CT,M,2000,Cole,53
CT,M,2000,Sebastian,53
CT,M,2000,Caleb,52
CT,M,2000,Seth,52
CT,M,2000,Vincent,50
CT,M,2000,Garrett,49
CT,M,2000,Jackson,49
CT,M,2000,Julian,49
CT,M,2000,Mason,49
CT,M,2000,Edward,48
CT,M,2000,Joel,48
CT,M,2000,Dominic,47
CT,M,2000,Kenneth,47
CT,M,2000,Antonio,46
CT,M,2000,Cody,46
CT,M,2000,Devin,46
CT,M,2000,Paul,45
CT,M,2000,Xavier,45
CT,M,2000,Nicolas,44
CT,M,2000,Scott,44
CT,M,2000,Jeffrey,43
CT,M,2000,Juan,43
CT,M,2000,George,40
CT,M,2000,Gregory,40
CT,M,2000,Chase,39
CT,M,2000,Gavin,39
CT,M,2000,Isaac,39
CT,M,2000,Travis,39
CT,M,2000,Marcus,38
CT,M,2000,Collin,37
CT,M,2000,Devon,36
CT,M,2000,Erik,36
CT,M,2000,Max,35
CT,M,2000,Alec,34
CT,M,2000,Riley,34
CT,M,2000,Victor,34
CT,M,2000,Adrian,32
CT,M,2000,Jaden,32
CT,M,2000,Corey,31
CT,M,2000,Shawn,31
CT,M,2000,Tristan,31
CT,M,2000,Jesse,30
CT,M,2000,Frank,29
CT,M,2000,Griffin,29
CT,M,2000,Harrison,29
CT,M,2000,Miguel,29
CT,M,2000,Mitchell,27
CT,M,2000,Raymond,27
CT,M,2000,Tanner,27
CT,M,2000,Dante,26
CT,M,2000,Giovanni,26
CT,M,2000,Jalen,26
CT,M,2000,Philip,26
CT,M,2000,Troy,26
CT,M,2000,Blake,25
CT,M,2000,Jakob,25
CT,M,2000,Bradley,23
CT,M,2000,Brett,23
CT,M,2000,Calvin,23
CT,M,2000,Hector,23
CT,M,2000,Edwin,22
CT,M,2000,Malik,22
CT,M,2000,Colby,21
CT,M,2000,Francisco,21
CT,M,2000,Grant,21
CT,M,2000,Jayden,21
CT,M,2000,Marc,21
CT,M,2000,Omar,21
CT,M,2000,Carter,20
CT,M,2000,Drew,20
CT,M,2000,Jesus,20
CT,M,2000,Wyatt,20
CT,M,2000,Alexis,19
CT,M,2000,Andre,19
CT,M,2000,Conor,19
CT,M,2000,Douglas,19
CT,M,2000,Emmanuel,19
CT,M,2000,Javier,19
CT,M,2000,Mathew,19
CT,M,2000,Oliver,19
CT,M,2000,Chad,18
CT,M,2000,Cooper,18
CT,M,2000,Dennis,18
CT,M,2000,Dillon,18
CT,M,2000,Nolan,18
CT,M,2000,Quinn,18
CT,M,2000,Theodore,18
CT,M,2000,Alejandro,17
CT,M,2000,Carson,17
CT,M,2000,Hayden,17
CT,M,2000,Jeremiah,17
CT,M,2000,Luca,17
CT,M,2000,Preston,17
CT,M,2000,Walter,17
CT,M,2000,Avery,16
CT,M,2000,Jaylen,16
CT,M,2000,Marco,16
CT,M,2000,Marcos,16
CT,M,2000,Pedro,16
CT,M,2000,Angelo,15
CT,M,2000,Carl,15
CT,M,2000,Dakota,15
CT,M,2000,Donald,15
CT,M,2000,Eli,15
CT,M,2000,Keith,15
CT,M,2000,Martin,15
CT,M,2000,Rafael,15
CT,M,2000,Shaun,15
CT,M,2000,Alan,14
CT,M,2000,Bryce,14
CT,M,2000,Cristian,14
CT,M,2000,Damian,14
CT,M,2000,Dean,14
CT,M,2000,Francis,14
CT,M,2000,Johnathan,14
CT,M,2000,Jonah,14
CT,M,2000,Nikolas,14
CT,M,2000,Taylor,14
CT,M,2000,Casey,13
CT,M,2000,Clayton,13
CT,M,2000,Curtis,13
CT,M,2000,Duncan,13
CT,M,2000,Elias,13
CT,M,2000,Gary,13
CT,M,2000,Josiah,13
CT,M,2000,Leonardo,13
CT,M,2000,Malachi,13
CT,M,2000,Noel,13
CT,M,2000,Ricardo,13
CT,M,2000,Salvatore,13
CT,M,2000,Allen,12
CT,M,2000,Brennan,12
CT,M,2000,Darius,12
CT,M,2000,Deandre,12
CT,M,2000,Donovan,12
CT,M,2000,Felix,12
CT,M,2000,Jaquan,12
CT,M,2000,Jerry,12
CT,M,2000,Jorge,12
CT,M,2000,Keegan,12
CT,M,2000,Kelvin,12
CT,M,2000,Miles,12
CT,M,2000,Nelson,12
CT,M,2000,Parker,12
CT,M,2000,Simon,12
CT,M,2000,Tyrone,12
CT,M,2000,Wesley,12
CT,M,2000,Andres,11
CT,M,2000,Andy,11
CT,M,2000,Cory,11
CT,M,2000,Craig,11
CT,M,2000,Enrique,11
CT,M,2000,Grayson,11
CT,M,2000,Jay,11
CT,M,2000,Jayson,11
CT,M,2000,Jonathon,11
CT,M,2000,Kaleb,11
CT,M,2000,Kieran,11
CT,M,2000,Kobe,11
CT,M,2000,Lawrence,11
CT,M,2000,Mario,11
CT,M,2000,Maurice,11
CT,M,2000,Myles,11
CT,M,2000,Tyrese,11
CT,M,2000,Zackary,11
CT,M,2000,Arthur,10
CT,M,2000,Bailey,10
CT,M,2000,Chandler,10
CT,M,2000,Damien,10
CT,M,2000,Danny,10
CT,M,2000,Declan,10
CT,M,2000,Diego,10
CT,M,2000,Dustin,10
CT,M,2000,Edgar,10
CT,M,2000,Gage,10
CT,M,2000,Josue,10
CT,M,2000,Julio,10
CT,M,2000,Kameron,10
CT,M,2000,Kristopher,10
CT,M,2000,Louis,10
CT,M,2000,Micheal,10
CT,M,2000,Mohammed,10
CT,M,2000,Oscar,10
CT,M,2000,Phillip,10
CT,M,2000,Quincy,10
CT,M,2000,Raul,10
CT,M,2000,Ronald,10
CT,M,2000,Skyler,10
CT,M,2000,Albert,9
CT,M,2000,Colton,9
CT,M,2000,Conner,9
CT,M,2000,Dalton,9
CT,M,2000,Damon,9
CT,M,2000,Dominick,9
CT,M,2000,Erick,9
CT,M,2000,Justice,9
CT,M,2000,Lance,9
CT,M,2000,Lorenzo,9
CT,M,2000,Malcolm,9
CT,M,2000,Manuel,9
CT,M,2000,Maximilian,9
CT,M,2000,Pablo,9
CT,M,2000,Peyton,9
CT,M,2000,Ramon,9
CT,M,2000,Roberto,9
CT,M,2000,Rory,9
CT,M,2000,Tucker,9
CT,M,2000,Zion,9
CT,M,2000,Aiden,8
CT,M,2000,Brad,8
CT,M,2000,Camron,8
CT,M,2000,Cesar,8
CT,M,2000,Desmond,8
CT,M,2000,Devonte,8
CT,M,2000,Elliot,8
CT,M,2000,Finn,8
CT,M,2000,Graham,8
CT,M,2000,Isiah,8
CT,M,2000,Israel,8
CT,M,2000,Ivan,8
CT,M,2000,Jon,8
CT,M,2000,Jordon,8
CT,M,2000,Kevon,8
CT,M,2000,Mike,8
CT,M,2000,Neil,8
CT,M,2000,Pierce,8
CT,M,2000,Quentin,8
CT,M,2000,Reid,8
CT,M,2000,Russell,8
CT,M,2000,Todd,8
CT,M,2000,Ty,8
CT,M,2000,Alexandre,7
CT,M,2000,Alfred,7
CT,M,2000,Brenden,7
CT,M,2000,Brent,7
CT,M,2000,Bruce,7
CT,M,2000,Bryant,7
CT,M,2000,Dawson,7
CT,M,2000,Demetrius,7
CT,M,2000,Derrick,7
CT,M,2000,Eamon,7
CT,M,2000,Ezekiel,7
CT,M,2000,Francesco,7
CT,M,2000,Ismael,7
CT,M,2000,Jace,7
CT,M,2000,Jameson,7
CT,M,2000,Jamie,7
CT,M,2000,Leo,7
CT,M,2000,Leonard,7
CT,M,2000,Lukas,7
CT,M,2000,Nickolas,7
CT,M,2000,Nico,7
CT,M,2000,Orlando,7
CT,M,2000,Payton,7
CT,M,2000,Ricky,7
CT,M,2000,Rohan,7
CT,M,2000,Santiago,7
CT,M,2000,Saul,7
CT,M,2000,Shamar,7
CT,M,2000,Shemar,7
CT,M,2000,Terrell,7
CT,M,2000,Trevon,7
CT,M,2000,Trey,7
CT,M,2000,Tyree,7
CT,M,2000,Wilfredo,7
CT,M,2000,Zachery,7
CT,M,2000,Alberto,6
CT,M,2000,Alessandro,6
CT,M,2000,Ben,6
CT,M,2000,Bennett,6
CT,M,2000,Conrad,6
CT,M,2000,Cullen,6
CT,M,2000,Cyrus,6
CT,M,2000,Dandre,6
CT,M,2000,Dane,6
CT,M,2000,Domenic,6
CT,M,2000,Dwayne,6
CT,M,2000,Eduardo,6
CT,M,2000,Emanuel,6
CT,M,2000,Esteban,6
CT,M,2000,Ezequiel,6
CT,M,2000,Felipe,6
CT,M,2000,Garret,6
CT,M,2000,Glenn,6
CT,M,2000,Harry,6
CT,M,2000,Jarrett,6
CT,M,2000,Jean,6
CT,M,2000,Jimmy,6
CT,M,2000,Julius,6
CT,M,2000,Kareem,6
CT,M,2000,Kendall,6
CT,M,2000,Marquis,6
CT,M,2000,Marvin,6
CT,M,2000,Matteo,6
CT,M,2000,Mohammad,6
CT,M,2000,Nathanael,6
CT,M,2000,Roger,6
CT,M,2000,Roman,6
CT,M,2000,Sage,6
CT,M,2000,Sam,6
CT,M,2000,Sergio,6
CT,M,2000,Terrence,6
CT,M,2000,Tre,6
CT,M,2000,Vincenzo,6
CT,M,2000,Will,6
CT,M,2000,Anderson,5
CT,M,2000,Barry,5
CT,M,2000,Braden,5
CT,M,2000,Branden,5
CT,M,2000,Brendon,5
CT,M,2000,Bruno,5
CT,M,2000,Cade,5
CT,M,2000,Caden,5
CT,M,2000,Camden,5
CT,M,2000,Charlie,5
CT,M,2000,Clifford,5
CT,M,2000,Coleman,5
CT,M,2000,Courtney,5
CT,M,2000,Dale,5
CT,M,2000,Daquan,5
CT,M,2000,Darren,5
CT,M,2000,Dashawn,5
CT,M,2000,Davis,5
CT,M,2000,Davon,5
CT,M,2000,Deon,5
CT,M,2000,Eddie,5
CT,M,2000,Elliott,5
CT,M,2000,Emilio,5
CT,M,2000,Everett,5
CT,M,2000,Ezra,5
CT,M,2000,Frederick,5
CT,M,2000,Gerald,5
CT,M,2000,Guillermo,5
CT,M,2000,Gunnar,5
CT,M,2000,Javon,5
CT,M,2000,Jefferson,5
CT,M,2000,Jelani,5
CT,M,2000,Jermaine,5
CT,M,2000,Johnny,5
CT,M,2000,Johnpaul,5
CT,M,2000,Jorden,5
CT,M,2000,Karl,5
CT,M,2000,Kendrick,5
CT,M,2000,Kent,5
CT,M,2000,Keyon,5
CT,M,2000,Kirk,5
CT,M,2000,Kristian,5
CT,M,2000,Mackenzie,5
CT,M,2000,Marcello,5
CT,M,2000,Marquise,5
CT,M,2000,Marshall,5
CT,M,2000,Maximillian,5
CT,M,2000,Mitchel,5
CT,M,2000,Moises,5
CT,M,2000,Muhammad,5
CT,M,2000,Nigel,5
CT,M,2000,Patryk,5
CT,M,2000,Quintin,5
CT,M,2000,Rahul,5
CT,M,2000,Randy,5
CT,M,2000,Reginald,5
CT,M,2000,Rocco,5
CT,M,2000,Ross,5
CT,M,2000,Shayne,5
CT,M,2000,Stefan,5
CT,M,2000,Steve,5
CT,M,2000,Tavon,5
CT,M,2000,Terence,5
CT,M,2000,Tobias,5
CT,M,2000,Trent,5
CT,M,2000,Tylor,5
CT,M,2000,Tyrell,5
CT,M,2000,Tyshawn,5
CT,M,2000,Wayne,5
CT,M,2000,Willem,5
CT,M,2000,Zachariah,5
CT,M,2000,Zackery,5
CT,M,2001,Michael,489
CT,M,2001,Matthew,457
CT,M,2001,Nicholas,388
CT,M,2001,Christopher,359
CT,M,2001,John,343
CT,M,2001,Ryan,338
CT,M,2001,Jacob,317
CT,M,2001,Joseph,302
CT,M,2001,Anthony,297
CT,M,2001,Joshua,293
CT,M,2001,Andrew,285
CT,M,2001,Alexander,274
CT,M,2001,Daniel,274
CT,M,2001,William,269
CT,M,2001,Zachary,258
CT,M,2001,Justin,245
CT,M,2001,Tyler,233
CT,M,2001,James,229
CT,M,2001,Benjamin,220
CT,M,2001,Thomas,212
CT,M,2001,Jack,209
CT,M,2001,David,203
CT,M,2001,Kevin,193
CT,M,2001,Jonathan,189
CT,M,2001,Ethan,183
CT,M,2001,Dylan,182
CT,M,2001,Samuel,180
CT,M,2001,Kyle,173
CT,M,2001,Robert,171
CT,M,2001,Connor,170
CT,M,2001,Jason,170
CT,M,2001,Christian,162
CT,M,2001,Brandon,161
CT,M,2001,Nathan,150
CT,M,2001,Sean,132
CT,M,2001,Noah,126
CT,M,2001,Patrick,126
CT,M,2001,Adam,116
CT,M,2001,Cameron,113
CT,M,2001,Brian,111
CT,M,2001,Jordan,107
CT,M,2001,Evan,104
CT,M,2001,Luke,101
CT,M,2001,Eric,100
CT,M,2001,Austin,97
CT,M,2001,Timothy,95
CT,M,2001,Colin,93
CT,M,2001,Gabriel,93
CT,M,2001,Aidan,92
CT,M,2001,Charles,92
CT,M,2001,Jake,91
CT,M,2001,Peter,88
CT,M,2001,Logan,87
CT,M,2001,Elijah,85
CT,M,2001,Ian,78
CT,M,2001,Jose,78
CT,M,2001,Alex,77
CT,M,2001,Luis,77
CT,M,2001,Brendan,75
CT,M,2001,Nathaniel,74
CT,M,2001,Devin,71
CT,M,2001,Hunter,71
CT,M,2001,Liam,71
CT,M,2001,Owen,71
CT,M,2001,Spencer,71
CT,M,2001,Angel,68
CT,M,2001,Aaron,67
CT,M,2001,Jared,67
CT,M,2001,Steven,67
CT,M,2001,Cole,65
CT,M,2001,Derek,65
CT,M,2001,Caleb,64
CT,M,2001,Mark,63
CT,M,2001,Richard,63
CT,M,2001,Sebastian,62
CT,M,2001,Cody,61
CT,M,2001,Dominic,61
CT,M,2001,Maxwell,61
CT,M,2001,Isaiah,60
CT,M,2001,Jeffrey,59
CT,M,2001,Edward,58
CT,M,2001,Lucas,58
CT,M,2001,Shane,58
CT,M,2001,Jeremy,55
CT,M,2001,Trevor,55
CT,M,2001,Jackson,54
CT,M,2001,Mason,53
CT,M,2001,Xavier,51
CT,M,2001,Julian,50
CT,M,2001,Antonio,49
CT,M,2001,Bryan,49
CT,M,2001,Henry,49
CT,M,2001,Victor,49
CT,M,2001,Vincent,49
CT,M,2001,Colby,48
CT,M,2001,Gavin,47
CT,M,2001,Stephen,47
CT,M,2001,George,46
CT,M,2001,Max,46
CT,M,2001,Carlos,45
CT,M,2001,Dante,43
CT,M,2001,Jaden,43
CT,M,2001,Juan,43
CT,M,2001,Scott,43
CT,M,2001,Garrett,42
CT,M,2001,Kenneth,42
CT,M,2001,Nicolas,40
CT,M,2001,Seth,40
CT,M,2001,Chase,39
CT,M,2001,Isaac,39
CT,M,2001,Jeremiah,39
CT,M,2001,Paul,38
CT,M,2001,Griffin,36
CT,M,2001,Jesse,34
CT,M,2001,Devon,33
CT,M,2001,Jalen,33
CT,M,2001,Jayden,33
CT,M,2001,Tristan,33
CT,M,2001,Adrian,31
CT,M,2001,Alec,31
CT,M,2001,Bryce,31
CT,M,2001,Giovanni,31
CT,M,2001,Gregory,31
CT,M,2001,Harrison,30
CT,M,2001,Miguel,30
CT,M,2001,Mitchell,30
CT,M,2001,Riley,30
CT,M,2001,Carter,29
CT,M,2001,Marcus,29
CT,M,2001,Brett,28
CT,M,2001,Shawn,28
CT,M,2001,Erik,26
CT,M,2001,Cooper,25
CT,M,2001,Drew,25
CT,M,2001,Frank,25
CT,M,2001,Nolan,25
CT,M,2001,Collin,24
CT,M,2001,Hector,24
CT,M,2001,Marc,24
CT,M,2001,Raymond,24
CT,M,2001,Aiden,23
CT,M,2001,Josiah,23
CT,M,2001,Louis,23
CT,M,2001,Travis,23
CT,M,2001,Wesley,23
CT,M,2001,Wyatt,23
CT,M,2001,Blake,22
CT,M,2001,Corey,22
CT,M,2001,Dillon,22
CT,M,2001,Edwin,22
CT,M,2001,Hayden,22
CT,M,2001,Tanner,22
CT,M,2001,Theodore,22
CT,M,2001,Quinn,21
CT,M,2001,Andre,20
CT,M,2001,Omar,20
CT,M,2001,Parker,20
CT,M,2001,Philip,20
CT,M,2001,Emmanuel,19
CT,M,2001,Jakob,19
CT,M,2001,Joel,19
CT,M,2001,Kobe,19
CT,M,2001,Malik,19
CT,M,2001,Miles,19
CT,M,2001,Carson,18
CT,M,2001,Casey,18
CT,M,2001,Grant,18
CT,M,2001,Jonah,18
CT,M,2001,Lorenzo,18
CT,M,2001,Martin,18
CT,M,2001,Mathew,18
CT,M,2001,Pedro,18
CT,M,2001,Ricardo,18
CT,M,2001,Troy,18
CT,M,2001,Alexis,17
CT,M,2001,Angelo,17
CT,M,2001,Conor,17
CT,M,2001,Myles,17
CT,M,2001,Oliver,17
CT,M,2001,Roberto,17
CT,M,2001,Simon,17
CT,M,2001,Avery,16
CT,M,2001,Damian,16
CT,M,2001,Dominick,16
CT,M,2001,Ivan,16
CT,M,2001,Johnathan,16
CT,M,2001,Keith,16
CT,M,2001,Sam,16
CT,M,2001,Alejandro,15
CT,M,2001,Dean,15
CT,M,2001,Diego,15
CT,M,2001,Douglas,15
CT,M,2001,Elias,15
CT,M,2001,Erick,15
CT,M,2001,Javier,15
CT,M,2001,Jaylen,15
CT,M,2001,Jesus,15
CT,M,2001,Josue,15
CT,M,2001,Mario,15
CT,M,2001,Phillip,15
CT,M,2001,Rafael,15
CT,M,2001,Colton,14
CT,M,2001,Dennis,14
CT,M,2001,Elliot,14
CT,M,2001,Gary,14
CT,M,2001,Jorge,14
CT,M,2001,Leonardo,14
CT,M,2001,Maximus,14
CT,M,2001,Calvin,13
CT,M,2001,Craig,13
CT,M,2001,Donald,13
CT,M,2001,Jaheim,13
CT,M,2001,Jonathon,13
CT,M,2001,Lance,13
CT,M,2001,Luca,13
CT,M,2001,Malachi,13
CT,M,2001,Shaun,13
CT,M,2001,Tucker,13
CT,M,2001,Alan,12
CT,M,2001,Albert,12
CT,M,2001,Andres,12
CT,M,2001,Andy,12
CT,M,2001,Arthur,12
CT,M,2001,Conner,12
CT,M,2001,Cristian,12
CT,M,2001,Dale,12
CT,M,2001,Eli,12
CT,M,2001,Enrique,12
CT,M,2001,Francis,12
CT,M,2001,Francisco,12
CT,M,2001,Frederick,12
CT,M,2001,Jayson,12
CT,M,2001,Julio,12
CT,M,2001,Kaleb,12
CT,M,2001,Marco,12
CT,M,2001,Oscar,12
CT,M,2001,Pablo,12
CT,M,2001,Ronald,12
CT,M,2001,Walter,12
CT,M,2001,Zackary,12
CT,M,2001,Bailey,11
CT,M,2001,Brennan,11
CT,M,2001,Carl,11
CT,M,2001,Cesar,11
CT,M,2001,Chad,11
CT,M,2001,Dakota,11
CT,M,2001,Damien,11
CT,M,2001,Derrick,11
CT,M,2001,Justice,11
CT,M,2001,Lawrence,11
CT,M,2001,Leo,11
CT,M,2001,Lukas,11
CT,M,2001,Skyler,11
CT,M,2001,Trey,11
CT,M,2001,Tyrese,11
CT,M,2001,Ahmad,10
CT,M,2001,Allen,10
CT,M,2001,Bruce,10
CT,M,2001,Cory,10
CT,M,2001,Dalton,10
CT,M,2001,Eddie,10
CT,M,2001,Isiah,10
CT,M,2001,Javon,10
CT,M,2001,Jimmy,10
CT,M,2001,Malcolm,10
CT,M,2001,Nickolas,10
CT,M,2001,Peyton,10
CT,M,2001,Russell,10
CT,M,2001,Sergio,10
CT,M,2001,Todd,10
CT,M,2001,Alberto,9
CT,M,2001,Alessandro,9
CT,M,2001,Ali,9
CT,M,2001,Alvin,9
CT,M,2001,Bradley,9
CT,M,2001,Brenden,9
CT,M,2001,Damon,9
CT,M,2001,Danny,9
CT,M,2001,Davis,9
CT,M,2001,Dustin,9
CT,M,2001,Eduardo,9
CT,M,2001,Emanuel,9
CT,M,2001,Fernando,9
CT,M,2001,Graham,9
CT,M,2001,Harry,9
CT,M,2001,Ismael,9
CT,M,2001,Jarrett,9
CT,M,2001,Jay,9
CT,M,2001,Keegan,9
CT,M,2001,Manuel,9
CT,M,2001,Marquis,9
CT,M,2001,Mekhi,9
CT,M,2001,Nathanael,9
CT,M,2001,Neil,9
CT,M,2001,Pierce,9
CT,M,2001,Preston,9
CT,M,2001,Rocco,9
CT,M,2001,Rohan,9
CT,M,2001,Ruben,9
CT,M,2001,Seamus,9
CT,M,2001,Shamar,9
CT,M,2001,Taylor,9
CT,M,2001,Zane,9
CT,M,2001,Zion,9
CT,M,2001,Brady,8
CT,M,2001,Bryant,8
CT,M,2001,Clayton,8
CT,M,2001,Darius,8
CT,M,2001,Darren,8
CT,M,2001,Declan,8
CT,M,2001,Domenic,8
CT,M,2001,Duncan,8
CT,M,2001,Elvis,8
CT,M,2001,Fabian,8
CT,M,2001,Felix,8
CT,M,2001,Grady,8
CT,M,2001,Izaiah,8
CT,M,2001,Jermaine,8
CT,M,2001,Jon,8
CT,M,2001,Julius,8
CT,M,2001,Micah,8
CT,M,2001,Mohammed,8
CT,M,2001,Moises,8
CT,M,2001,Nikolas,8
CT,M,2001,Noel,8
CT,M,2001,Quentin,8
CT,M,2001,Randy,8
CT,M,2001,Trent,8
CT,M,2001,Trevon,8
CT,M,2001,Ty,8
CT,M,2001,Tyrone,8
CT,M,2001,Ahmed,7
CT,M,2001,Amir,7
CT,M,2001,Anton,7
CT,M,2001,Armando,7
CT,M,2001,Ashton,7
CT,M,2001,Axel,7
CT,M,2001,Branden,7
CT,M,2001,Brendon,7
CT,M,2001,Chandler,7
CT,M,2001,Chris,7
CT,M,2001,Corbin,7
CT,M,2001,Davon,7
CT,M,2001,Donovan,7
CT,M,2001,Eamon,7
CT,M,2001,Emmett,7
CT,M,2001,Everett,7
CT,M,2001,Finn,7
CT,M,2001,Gage,7
CT,M,2001,Jadon,7
CT,M,2001,Jameson,7
CT,M,2001,Jerry,7
CT,M,2001,Kai,7
CT,M,2001,Kelvin,7
CT,M,2001,Khalil,7
CT,M,2001,Kolby,7
CT,M,2001,Kurt,7
CT,M,2001,Leon,7
CT,M,2001,Micheal,7
CT,M,2001,Mohammad,7
CT,M,2001,Nelson,7
CT,M,2001,Nico,7
CT,M,2001,Ralph,7
CT,M,2001,Ramon,7
CT,M,2001,Santiago,7
CT,M,2001,Shemar,7
CT,M,2001,Stefan,7
CT,M,2001,Tyree,7
CT,M,2001,Weston,7
CT,M,2001,Ben,6
CT,M,2001,Brody,6
CT,M,2001,Cade,6
CT,M,2001,Caden,6
CT,M,2001,Cedric,6
CT,M,2001,Cyrus,6
CT,M,2001,Dawson,6
CT,M,2001,Devan,6
CT,M,2001,Devonte,6
CT,M,2001,Dwayne,6
CT,M,2001,Edgar,6
CT,M,2001,Emerson,6
CT,M,2001,Emilio,6
CT,M,2001,Gianni,6
CT,M,2001,Giuseppe,6
CT,M,2001,Holden,6
CT,M,2001,Jaiden,6
CT,M,2001,Jamar,6
CT,M,2001,Jamison,6
CT,M,2001,Jean,6
CT,M,2001,Johnny,6
CT,M,2001,Julien,6
CT,M,2001,Kieran,6
CT,M,2001,Lee,6
CT,M,2001,Marcos,6
CT,M,2001,Mateo,6
CT,M,2001,Matteo,6
CT,M,2001,Maurice,6
CT,M,2001,Morgan,6
CT,M,2001,Muhammad,6
CT,M,2001,Orlando,6
CT,M,2001,Phoenix,6
CT,M,2001,Reese,6
CT,M,2001,Reid,6
CT,M,2001,Ronnie,6
CT,M,2001,Ross,6
CT,M,2001,Terrell,6
CT,M,2001,Trenton,6
CT,M,2001,Tyquan,6
CT,M,2001,Vincenzo,6
CT,M,2001,Warren,6
CT,M,2001,Wayne,6
CT,M,2001,Wilfredo,6
CT,M,2001,Willie,6
CT,M,2001,Zachery,6
CT,M,2001,Abraham,5
CT,M,2001,Alfred,5
CT,M,2001,Alfredo,5
CT,M,2001,Armani,5
CT,M,2001,Brad,5
CT,M,2001,Brayden,5
CT,M,2001,Byron,5
CT,M,2001,Camden,5
CT,M,2001,Curtis,5
CT,M,2001,Dandre,5
CT,M,2001,Darrell,5
CT,M,2001,Dashawn,5
CT,M,2001,Dayton,5
CT,M,2001,Deandre,5
CT,M,2001,Demetrius,5
CT,M,2001,Elliott,5
CT,M,2001,Forrest,5
CT,M,2001,Geoffrey,5
CT,M,2001,Giancarlo,5
CT,M,2001,Glen,5
CT,M,2001,Guilherme,5
CT,M,2001,Guillermo,5
CT,M,2001,Jace,5
CT,M,2001,Jaime,5
CT,M,2001,Jamal,5
CT,M,2001,Jan,5
CT,M,2001,Jarod,5
CT,M,2001,Jasper,5
CT,M,2001,Jaydon,5
CT,M,2001,Jeffery,5
CT,M,2001,Joaquin,5
CT,M,2001,Jovan,5
CT,M,2001,Junior,5
CT,M,2001,Justus,5
CT,M,2001,Kareem,5
CT,M,2001,Keon,5
CT,M,2001,Keven,5
CT,M,2001,Kristian,5
CT,M,2001,Levi,5
CT,M,2001,Marlon,5
CT,M,2001,Matheus,5
CT,M,2001,Maxim,5
CT,M,2001,Maximilian,5
CT,M,2001,Melvin,5
CT,M,2001,Milo,5
CT,M,2001,Nikhil,5
CT,M,2001,Pierre,5
CT,M,2001,Quincy,5
CT,M,2001,Reginald,5
CT,M,2001,Reilly,5
CT,M,2001,Reynaldo,5
CT,M,2001,Roman,5
CT,M,2001,Rory,5
CT,M,2001,Savion,5
CT,M,2001,Shayne,5
CT,M,2001,Shea,5
CT,M,2001,Steve,5
CT,M,2001,Terrence,5
CT,M,2001,Terry,5
CT,M,2001,Tomas,5
CT,M,2001,Tony,5
CT,M,2001,Walker,5
CT,M,2001,Wilson,5
CT,M,2002,Michael,476
CT,M,2002,Matthew,417
CT,M,2002,Nicholas,397
CT,M,2002,Ryan,343
CT,M,2002,Christopher,336
CT,M,2002,Joshua,314
CT,M,2002,Joseph,306
CT,M,2002,Jacob,302
CT,M,2002,Anthony,293
CT,M,2002,John,291
CT,M,2002,Andrew,287
CT,M,2002,William,287
CT,M,2002,Alexander,286
CT,M,2002,Daniel,275
CT,M,2002,Zachary,251
CT,M,2002,Justin,249
CT,M,2002,Tyler,227
CT,M,2002,Jack,221
CT,M,2002,James,218
CT,M,2002,Benjamin,217
CT,M,2002,Kyle,212
CT,M,2002,Ethan,205
CT,M,2002,David,195
CT,M,2002,Thomas,193
CT,M,2002,Jonathan,183
CT,M,2002,Dylan,170
CT,M,2002,Kevin,165
CT,M,2002,Samuel,161
CT,M,2002,Robert,159
CT,M,2002,Nathan,157
CT,M,2002,Brandon,151
CT,M,2002,Jason,151
CT,M,2002,Aidan,150
CT,M,2002,Christian,147
CT,M,2002,Sean,147
CT,M,2002,Connor,130
CT,M,2002,Evan,125
CT,M,2002,Brian,120
CT,M,2002,Luke,118
CT,M,2002,Noah,115
CT,M,2002,Adam,114
CT,M,2002,Cameron,107
CT,M,2002,Gabriel,106
CT,M,2002,Patrick,105
CT,M,2002,Jordan,99
CT,M,2002,Eric,97
CT,M,2002,Hunter,96
CT,M,2002,Austin,95
CT,M,2002,Isaiah,93
CT,M,2002,Logan,91
CT,M,2002,Elijah,90
CT,M,2002,Jake,90
CT,M,2002,Aaron,85
CT,M,2002,Charles,85
CT,M,2002,Owen,85
CT,M,2002,Timothy,80
CT,M,2002,Xavier,80
CT,M,2002,Nathaniel,78
CT,M,2002,Peter,77
CT,M,2002,Liam,75
CT,M,2002,Alex,70
CT,M,2002,Brendan,70
CT,M,2002,Cole,70
CT,M,2002,Jackson,70
CT,M,2002,Jose,70
CT,M,2002,Angel,69
CT,M,2002,Mason,68
CT,M,2002,Antonio,67
CT,M,2002,Ian,67
CT,M,2002,Lucas,67
CT,M,2002,Jaden,66
CT,M,2002,Spencer,64
CT,M,2002,Steven,62
CT,M,2002,Caleb,61
CT,M,2002,Maxwell,61
CT,M,2002,Richard,60
CT,M,2002,Colin,59
CT,M,2002,Dominic,59
CT,M,2002,Sebastian,59
CT,M,2002,Mark,58
CT,M,2002,Devin,57
CT,M,2002,Luis,57
CT,M,2002,Trevor,56
CT,M,2002,Gavin,54
CT,M,2002,Shane,54
CT,M,2002,Henry,51
CT,M,2002,Jayden,51
CT,M,2002,Julian,49
CT,M,2002,Jared,47
CT,M,2002,Adrian,45
CT,M,2002,Edward,44
CT,M,2002,Jeremy,44
CT,M,2002,Riley,44
CT,M,2002,Stephen,44
CT,M,2002,Carlos,43
CT,M,2002,Paul,43
CT,M,2002,Vincent,43
CT,M,2002,Colby,42
CT,M,2002,Dante,42
CT,M,2002,Jeffrey,42
CT,M,2002,Max,41
CT,M,2002,Erik,40
CT,M,2002,Nicolas,40
CT,M,2002,Derek,39
CT,M,2002,Garrett,39
CT,M,2002,Harrison,39
CT,M,2002,Cody,38
CT,M,2002,Giovanni,38
CT,M,2002,Juan,38
CT,M,2002,Bryan,37
CT,M,2002,Griffin,37
CT,M,2002,George,36
CT,M,2002,Gregory,36
CT,M,2002,Jeremiah,36
CT,M,2002,Miguel,35
CT,M,2002,Aiden,34
CT,M,2002,Carter,34
CT,M,2002,Isaac,34
CT,M,2002,Victor,34
CT,M,2002,Jesse,33
CT,M,2002,Kenneth,31
CT,M,2002,Tristan,30
CT,M,2002,Brett,29
CT,M,2002,Bryce,29
CT,M,2002,Chase,29
CT,M,2002,Mitchell,29
CT,M,2002,Shawn,29
CT,M,2002,Blake,28
CT,M,2002,Cristian,28
CT,M,2002,Joel,28
CT,M,2002,Scott,28
CT,M,2002,Marcus,27
CT,M,2002,Quinn,27
CT,M,2002,Raymond,26
CT,M,2002,Seth,26
CT,M,2002,Edwin,25
CT,M,2002,Emmanuel,25
CT,M,2002,Jorge,25
CT,M,2002,Alejandro,24
CT,M,2002,Cooper,24
CT,M,2002,Tanner,24
CT,M,2002,Devon,23
CT,M,2002,Malachi,23
CT,M,2002,Omar,23
CT,M,2002,Philip,23
CT,M,2002,Theodore,23
CT,M,2002,Tucker,23
CT,M,2002,Collin,22
CT,M,2002,Damian,22
CT,M,2002,Drew,22
CT,M,2002,Frank,22
CT,M,2002,Diego,21
CT,M,2002,Hector,21
CT,M,2002,Louis,21
CT,M,2002,Nolan,21
CT,M,2002,Hayden,20
CT,M,2002,Javier,20
CT,M,2002,Pedro,20
CT,M,2002,Travis,20
CT,M,2002,Alexis,19
CT,M,2002,Grant,19
CT,M,2002,Manuel,19
CT,M,2002,Alec,18
CT,M,2002,Brady,18
CT,M,2002,Malik,18
CT,M,2002,Ricardo,18
CT,M,2002,Wesley,18
CT,M,2002,Wyatt,18
CT,M,2002,Alan,17
CT,M,2002,Corey,17
CT,M,2002,Damien,17
CT,M,2002,Dean,17
CT,M,2002,Graham,17
CT,M,2002,Jalen,17
CT,M,2002,Marc,17
CT,M,2002,Andres,16
CT,M,2002,Darren,16
CT,M,2002,Dennis,16
CT,M,2002,Elias,16
CT,M,2002,Francisco,16
CT,M,2002,Gary,16
CT,M,2002,Ivan,16
CT,M,2002,Johnathan,16
CT,M,2002,Jonah,16
CT,M,2002,Oliver,16
CT,M,2002,Simon,16
CT,M,2002,Andre,15
CT,M,2002,Angelo,15
CT,M,2002,Dakota,15
CT,M,2002,Dillon,15
CT,M,2002,Francis,15
CT,M,2002,Jayson,15
CT,M,2002,Jesus,15
CT,M,2002,Kaleb,15
CT,M,2002,Leo,15
CT,M,2002,Marco,15
CT,M,2002,Mathew,15
CT,M,2002,Maximus,15
CT,M,2002,Parker,15
CT,M,2002,Troy,15
CT,M,2002,Calvin,14
CT,M,2002,Dominick,14
CT,M,2002,Felix,14
CT,M,2002,Jaiden,14
CT,M,2002,Josiah,14
CT,M,2002,Miles,14
CT,M,2002,Nasir,14
CT,M,2002,Rafael,14
CT,M,2002,Roberto,14
CT,M,2002,Albert,13
CT,M,2002,Bradley,13
CT,M,2002,Darius,13
CT,M,2002,Lawrence,13
CT,M,2002,Martin,13
CT,M,2002,Myles,13
CT,M,2002,Rohan,13
CT,M,2002,Arthur,12
CT,M,2002,Carson,12
CT,M,2002,Clayton,12
CT,M,2002,Conor,12
CT,M,2002,Donovan,12
CT,M,2002,Edgar,12
CT,M,2002,Eduardo,12
CT,M,2002,Emanuel,12
CT,M,2002,Jakob,12
CT,M,2002,Russell,12
CT,M,2002,Zackary,12
CT,M,2002,Abraham,11
CT,M,2002,Ali,11
CT,M,2002,Allen,11
CT,M,2002,Avery,11
CT,M,2002,Byron,11
CT,M,2002,Cesar,11
CT,M,2002,Cyrus,11
CT,M,2002,Danny,11
CT,M,2002,Erick,11
CT,M,2002,Jaylen,11
CT,M,2002,Luca,11
CT,M,2002,Micah,11
CT,M,2002,Nelson,11
CT,M,2002,Ronald,11
CT,M,2002,Ty,11
CT,M,2002,Vincenzo,11
CT,M,2002,Ahmed,10
CT,M,2002,Alberto,10
CT,M,2002,Brayden,10
CT,M,2002,Brennan,10
CT,M,2002,Charlie,10
CT,M,2002,Colton,10
CT,M,2002,Declan,10
CT,M,2002,Donald,10
CT,M,2002,Javon,10
CT,M,2002,Jermaine,10
CT,M,2002,Johnny,10
CT,M,2002,Justice,10
CT,M,2002,Kristopher,10
CT,M,2002,Mario,10
CT,M,2002,Maximilian,10
CT,M,2002,Quentin,10
CT,M,2002,Salvatore,10
CT,M,2002,Silas,10
CT,M,2002,Trey,10
CT,M,2002,Andy,9
CT,M,2002,Braden,9
CT,M,2002,Camron,9
CT,M,2002,Carl,9
CT,M,2002,Conner,9
CT,M,2002,Craig,9
CT,M,2002,Derrick,9
CT,M,2002,Douglas,9
CT,M,2002,Dustin,9
CT,M,2002,Esteban,9
CT,M,2002,Ezekiel,9
CT,M,2002,Gianni,9
CT,M,2002,Jaheim,9
CT,M,2002,Jaime,9
CT,M,2002,Josue,9
CT,M,2002,Kai,9
CT,M,2002,Kareem,9
CT,M,2002,Kobe,9
CT,M,2002,Leonard,9
CT,M,2002,Marcos,9
CT,M,2002,Marvin,9
CT,M,2002,Melvin,9
CT,M,2002,Noel,9
CT,M,2002,Quincy,9
CT,M,2002,Rocco,9
CT,M,2002,Sam,9
CT,M,2002,Seamus,9
CT,M,2002,Terry,9
CT,M,2002,Tyrese,9
CT,M,2002,Walker,9
CT,M,2002,Walter,9
CT,M,2002,Braeden,8
CT,M,2002,Brayan,8
CT,M,2002,Chad,8
CT,M,2002,Dalton,8
CT,M,2002,Damon,8
CT,M,2002,Davon,8
CT,M,2002,Fabian,8
CT,M,2002,Gage,8
CT,M,2002,Jamal,8
CT,M,2002,Jamison,8
CT,M,2002,Jaylin,8
CT,M,2002,Johan,8
CT,M,2002,Jon,8
CT,M,2002,Julio,8
CT,M,2002,Kameron,8
CT,M,2002,Keegan,8
CT,M,2002,Keenan,8
CT,M,2002,Keith,8
CT,M,2002,Kelvin,8
CT,M,2002,Kristian,8
CT,M,2002,Mateo,8
CT,M,2002,Phillip,8
CT,M,2002,Pierce,8
CT,M,2002,Reese,8
CT,M,2002,Sawyer,8
CT,M,2002,Taylor,8
CT,M,2002,Terrance,8
CT,M,2002,Todd,8
CT,M,2002,Zachery,8
CT,M,2002,Zion,8
CT,M,2002,Alessandro,7
CT,M,2002,Amir,7
CT,M,2002,Ariel,7
CT,M,2002,Baby,7
CT,M,2002,Brenden,7
CT,M,2002,Caden,7
CT,M,2002,Casey,7
CT,M,2002,Chris,7
CT,M,2002,Donte,7
CT,M,2002,Eli,7
CT,M,2002,Enrique,7
CT,M,2002,Felipe,7
CT,M,2002,Frederick,7
CT,M,2002,Grayson,7
CT,M,2002,Jaquan,7
CT,M,2002,Jay,7
CT,M,2002,Jimmy,7
CT,M,2002,Jonathon,7
CT,M,2002,Julius,7
CT,M,2002,Kurt,7
CT,M,2002,Levi,7
CT,M,2002,Lukas,7
CT,M,2002,Marquis,7
CT,M,2002,Mekhi,7
CT,M,2002,Nico,7
CT,M,2002,Nikhil,7
CT,M,2002,Orlando,7
CT,M,2002,Peyton,7
CT,M,2002,Preston,7
CT,M,2002,Quinton,7
CT,M,2002,Reece,7
CT,M,2002,Tobias,7
CT,M,2002,Tomas,7
CT,M,2002,Tommy,7
CT,M,2002,Warren,7
CT,M,2002,Wilson,7
CT,M,2002,Addison,6
CT,M,2002,Ahmad,6
CT,M,2002,Alexandre,6
CT,M,2002,Allan,6
CT,M,2002,Armando,6
CT,M,2002,Ashton,6
CT,M,2002,Ayden,6
CT,M,2002,Bailey,6
CT,M,2002,Bennett,6
CT,M,2002,Branden,6
CT,M,2002,Bruno,6
CT,M,2002,Camden,6
CT,M,2002,Demetrius,6
CT,M,2002,Desmond,6
CT,M,2002,Devonte,6
CT,M,2002,Elliot,6
CT,M,2002,Emilio,6
CT,M,2002,Freddy,6
CT,M,2002,Gordon,6
CT,M,2002,Harry,6
CT,M,2002,Holden,6
CT,M,2002,Isiah,6
CT,M,2002,Jaydon,6
CT,M,2002,Jaylon,6
CT,M,2002,Jerry,6
CT,M,2002,Jordy,6
CT,M,2002,Kaden,6
CT,M,2002,Khalil,6
CT,M,2002,Kieran,6
CT,M,2002,Leandro,6
CT,M,2002,Luciano,6
CT,M,2002,Malcolm,6
CT,M,2002,Marcel,6
CT,M,2002,Matheus,6
CT,M,2002,Mauricio,6
CT,M,2002,Menachem,6
CT,M,2002,Mohamed,6
CT,M,2002,Morgan,6
CT,M,2002,Nikolas,6
CT,M,2002,Oscar,6
CT,M,2002,Pablo,6
CT,M,2002,Ramon,6
CT,M,2002,Ruben,6
CT,M,2002,Stanley,6
CT,M,2002,Terrell,6
CT,M,2002,Aden,5
CT,M,2002,Adrien,5
CT,M,2002,Aedan,5
CT,M,2002,Alexzander,5
CT,M,2002,Amari,5
CT,M,2002,Anton,5
CT,M,2002,Axel,5
CT,M,2002,Brendon,5
CT,M,2002,Brody,5
CT,M,2002,Bryson,5
CT,M,2002,Cade,5
CT,M,2002,Conrad,5
CT,M,2002,Curtis,5
CT,M,2002,Dallas,5
CT,M,2002,Damion,5
CT,M,2002,Dane,5
CT,M,2002,Darien,5
CT,M,2002,Dimitri,5
CT,M,2002,Dominik,5
CT,M,2002,Drake,5
CT,M,2002,Eamon,5
CT,M,2002,Edison,5
CT,M,2002,Elvin,5
CT,M,2002,Emmett,5
CT,M,2002,Eugene,5
CT,M,2002,Ezequiel,5
CT,M,2002,Finn,5
CT,M,2002,Glenn,5
CT,M,2002,Harold,5
CT,M,2002,Hudson,5
CT,M,2002,Ismael,5
CT,M,2002,Izaiah,5
CT,M,2002,Jabari,5
CT,M,2002,Jaeden,5
CT,M,2002,Jakai,5
CT,M,2002,Jamar,5
CT,M,2002,Jamie,5
CT,M,2002,Jan,5
CT,M,2002,Jarod,5
CT,M,2002,Joao,5
CT,M,2002,Jonas,5
CT,M,2002,Julien,5
CT,M,2002,Justyn,5
CT,M,2002,Karl,5
CT,M,2002,Kiernan,5
CT,M,2002,Kody,5
CT,M,2002,Korey,5
CT,M,2002,Kyler,5
CT,M,2002,Lance,5
CT,M,2002,Leonardo,5
CT,M,2002,Leonel,5
CT,M,2002,Lorenzo,5
CT,M,2002,Lucca,5
CT,M,2002,Marshall,5
CT,M,2002,Muhammad,5
CT,M,2002,Nathanael,5
CT,M,2002,Pranav,5
CT,M,2002,Ricky,5
CT,M,2002,Rowan,5
CT,M,2002,Roy,5
CT,M,2002,Shamar,5
CT,M,2002,Sincere,5
CT,M,2002,Steve,5
CT,M,2002,Syed,5
CT,M,2002,Trent,5
CT,M,2002,Trevon,5
CT,M,2002,Tylon,5
CT,M,2002,Tyshawn,5
CT,M,2002,Xander,5
CT,M,2002,Zaire,5
CT,M,2003,Matthew,443
CT,M,2003,Michael,443
CT,M,2003,Ryan,374
CT,M,2003,Nicholas,369
CT,M,2003,Joseph,307
CT,M,2003,Joshua,307
CT,M,2003,John,298
CT,M,2003,Andrew,294
CT,M,2003,Christopher,293
CT,M,2003,Jacob,290
CT,M,2003,Anthony,286
CT,M,2003,Tyler,280
CT,M,2003,Daniel,271
CT,M,2003,Alexander,260
CT,M,2003,William,259
CT,M,2003,Zachary,243
CT,M,2003,Jack,239
CT,M,2003,Justin,229
CT,M,2003,James,225
CT,M,2003,Benjamin,219
CT,M,2003,Ethan,203
CT,M,2003,Samuel,198
CT,M,2003,David,192
CT,M,2003,Dylan,183
CT,M,2003,Kyle,173
CT,M,2003,Thomas,171
CT,M,2003,Aidan,166
CT,M,2003,Nathan,165
CT,M,2003,Connor,162
CT,M,2003,Robert,160
CT,M,2003,Jonathan,157
CT,M,2003,Kevin,156
CT,M,2003,Brandon,153
CT,M,2003,Evan,152
CT,M,2003,Jason,148
CT,M,2003,Christian,146
CT,M,2003,Luke,139
CT,M,2003,Sean,135
CT,M,2003,Gabriel,123
CT,M,2003,Elijah,120
CT,M,2003,Noah,119
CT,M,2003,Logan,113
CT,M,2003,Patrick,112
CT,M,2003,Charles,110
CT,M,2003,Cameron,109
CT,M,2003,Jake,103
CT,M,2003,Owen,102
CT,M,2003,Brian,101
CT,M,2003,Jordan,100
CT,M,2003,Colin,99
CT,M,2003,Isaiah,91
CT,M,2003,Jose,89
CT,M,2003,Adam,88
CT,M,2003,Jayden,86
CT,M,2003,Aaron,80
CT,M,2003,Nathaniel,80
CT,M,2003,Lucas,79
CT,M,2003,Timothy,79
CT,M,2003,Ian,78
CT,M,2003,Angel,77
CT,M,2003,Liam,77
CT,M,2003,Luis,75
CT,M,2003,Aiden,74
CT,M,2003,Austin,74
CT,M,2003,Gavin,74
CT,M,2003,Jackson,74
CT,M,2003,Eric,73
CT,M,2003,Mason,73
CT,M,2003,Alex,70
CT,M,2003,Peter,68
CT,M,2003,Steven,65
CT,M,2003,Xavier,65
CT,M,2003,Brendan,63
CT,M,2003,Caleb,63
CT,M,2003,Cole,63
CT,M,2003,Dominic,63
CT,M,2003,Bryan,60
CT,M,2003,Devin,60
CT,M,2003,Richard,60
CT,M,2003,Jeremy,58
CT,M,2003,Julian,57
CT,M,2003,Stephen,56
CT,M,2003,Hunter,55
CT,M,2003,George,53
CT,M,2003,Mark,53
CT,M,2003,Trevor,52
CT,M,2003,Edward,51
CT,M,2003,Cody,50
CT,M,2003,Jeremiah,50
CT,M,2003,Maxwell,50
CT,M,2003,Vincent,50
CT,M,2003,Henry,48
CT,M,2003,Jaden,48
CT,M,2003,Sebastian,47
CT,M,2003,Shane,47
CT,M,2003,Carlos,44
CT,M,2003,Chase,44
CT,M,2003,Nicolas,44
CT,M,2003,Max,43
CT,M,2003,Paul,43
CT,M,2003,Jeffrey,41
CT,M,2003,Shawn,41
CT,M,2003,Erik,40
CT,M,2003,Garrett,38
CT,M,2003,Jared,38
CT,M,2003,Cooper,37
CT,M,2003,Spencer,37
CT,M,2003,Isaac,36
CT,M,2003,Jesse,35
CT,M,2003,Kenneth,35
CT,M,2003,Victor,35
CT,M,2003,Dante,34
CT,M,2003,Giovanni,33
CT,M,2003,Bryce,32
CT,M,2003,Harrison,32
CT,M,2003,Hayden,32
CT,M,2003,Collin,31
CT,M,2003,Derek,31
CT,M,2003,Dillon,31
CT,M,2003,Mitchell,31
CT,M,2003,Seth,31
CT,M,2003,Theodore,31
CT,M,2003,Antonio,30
CT,M,2003,Carter,30
CT,M,2003,Frank,30
CT,M,2003,Griffin,29
CT,M,2003,Joel,29
CT,M,2003,Juan,29
CT,M,2003,Marcus,29
CT,M,2003,Raymond,29
CT,M,2003,Adrian,28
CT,M,2003,Colby,28
CT,M,2003,Gregory,28
CT,M,2003,Josiah,28
CT,M,2003,Riley,28
CT,M,2003,Scott,28
CT,M,2003,Oliver,27
CT,M,2003,Blake,26
CT,M,2003,Tristan,26
CT,M,2003,Alexis,25
CT,M,2003,Miles,25
CT,M,2003,Cristian,24
CT,M,2003,Travis,24
CT,M,2003,Brett,23
CT,M,2003,Devon,23
CT,M,2003,Drew,23
CT,M,2003,Edwin,23
CT,M,2003,Alec,22
CT,M,2003,Brady,22
CT,M,2003,Carson,22
CT,M,2003,Nolan,22
CT,M,2003,Jorge,21
CT,M,2003,Philip,21
CT,M,2003,Simon,21
CT,M,2003,Tanner,21
CT,M,2003,Brody,20
CT,M,2003,Casey,20
CT,M,2003,Miguel,20
CT,M,2003,Eli,19
CT,M,2003,Elias,19
CT,M,2003,Leonardo,19
CT,M,2003,Luca,19
CT,M,2003,Maximilian,19
CT,M,2003,Ricardo,19
CT,M,2003,Ty,19
CT,M,2003,Andre,18
CT,M,2003,Damian,18
CT,M,2003,Diego,18
CT,M,2003,Dominick,18
CT,M,2003,Ivan,18
CT,M,2003,Jesus,18
CT,M,2003,Malik,18
CT,M,2003,Parker,18
CT,M,2003,Pedro,18
CT,M,2003,Conor,17
CT,M,2003,Eduardo,17
CT,M,2003,Hector,17
CT,M,2003,Jaylen,17
CT,M,2003,Jonah,17
CT,M,2003,Kaleb,17
CT,M,2003,Marc,17
CT,M,2003,Oscar,17
CT,M,2003,Quinn,17
CT,M,2003,Alejandro,16
CT,M,2003,Ashton,16
CT,M,2003,Avery,16
CT,M,2003,Dakota,16
CT,M,2003,Donald,16
CT,M,2003,Douglas,16
CT,M,2003,Malachi,16
CT,M,2003,Mario,16
CT,M,2003,Omar,16
CT,M,2003,Brayden,15
CT,M,2003,Camden,15
CT,M,2003,Dean,15
CT,M,2003,Declan,15
CT,M,2003,Donovan,15
CT,M,2003,Edgar,15
CT,M,2003,Louis,15
CT,M,2003,Manuel,15
CT,M,2003,Mathew,15
CT,M,2003,Wyatt,15
CT,M,2003,Amir,14
CT,M,2003,Corey,14
CT,M,2003,Graham,14
CT,M,2003,Grant,14
CT,M,2003,Jay,14
CT,M,2003,Keith,14
CT,M,2003,Leo,14
CT,M,2003,Troy,14
CT,M,2003,Ayden,13
CT,M,2003,Danny,13
CT,M,2003,Jaiden,13
CT,M,2003,Jalen,13
CT,M,2003,Landon,13
CT,M,2003,Marco,13
CT,M,2003,Mekhi,13
CT,M,2003,Alan,12
CT,M,2003,Conner,12
CT,M,2003,Damon,12
CT,M,2003,Emanuel,12
CT,M,2003,Emmanuel,12
CT,M,2003,Francis,12
CT,M,2003,Isiah,12
CT,M,2003,Jakob,12
CT,M,2003,Kai,12
CT,M,2003,Martin,12
CT,M,2003,Mateo,12
CT,M,2003,Nikolas,12
CT,M,2003,Rohan,12
CT,M,2003,Ronald,12
CT,M,2003,Ruben,12
CT,M,2003,Alessandro,11
CT,M,2003,Angelo,11
CT,M,2003,Braden,11
CT,M,2003,Bradley,11
CT,M,2003,Clayton,11
CT,M,2003,Colton,11
CT,M,2003,Erick,11
CT,M,2003,Fernando,11
CT,M,2003,Frederick,11
CT,M,2003,Jaheim,11
CT,M,2003,Myles,11
CT,M,2003,Phillip,11
CT,M,2003,Ramon,11
CT,M,2003,Shaun,11
CT,M,2003,Wesley,11
CT,M,2003,Andy,10
CT,M,2003,Axel,10
CT,M,2003,Brenden,10
CT,M,2003,Caden,10
CT,M,2003,Chad,10
CT,M,2003,Craig,10
CT,M,2003,Dennis,10
CT,M,2003,Elliott,10
CT,M,2003,Javier,10
CT,M,2003,Johnathan,10
CT,M,2003,Josue,10
CT,M,2003,Jovan,10
CT,M,2003,Karl,10
CT,M,2003,Lukas,10
CT,M,2003,Marquis,10
CT,M,2003,Nickolas,10
CT,M,2003,Nico,10
CT,M,2003,Rafael,10
CT,M,2003,Tyrese,10
CT,M,2003,Alfredo,9
CT,M,2003,Andres,9
CT,M,2003,Bailey,9
CT,M,2003,Brennan,9
CT,M,2003,Calvin,9
CT,M,2003,Camron,9
CT,M,2003,Curtis,9
CT,M,2003,Damien,9
CT,M,2003,Derrick,9
CT,M,2003,Domenic,9
CT,M,2003,Elliot,9
CT,M,2003,Esteban,9
CT,M,2003,Francisco,9
CT,M,2003,Gary,9
CT,M,2003,Grayson,9
CT,M,2003,Javon,9
CT,M,2003,Kaden,9
CT,M,2003,Khalil,9
CT,M,2003,Kolby,9
CT,M,2003,Kristopher,9
CT,M,2003,Lorenzo,9
CT,M,2003,Maurice,9
CT,M,2003,Moises,9
CT,M,2003,Nathanael,9
CT,M,2003,Nelson,9
CT,M,2003,Orlando,9
CT,M,2003,Preston,9
CT,M,2003,Russell,9
CT,M,2003,Sam,9
CT,M,2003,Tucker,9
CT,M,2003,Walter,9
CT,M,2003,Allen,8
CT,M,2003,Arthur,8
CT,M,2003,Branden,8
CT,M,2003,Cory,8
CT,M,2003,Jameson,8
CT,M,2003,Jayson,8
CT,M,2003,Jermaine,8
CT,M,2003,Jonas,8
CT,M,2003,Jonathon,8
CT,M,2003,Julio,8
CT,M,2003,Marcos,8
CT,M,2003,Marvin,8
CT,M,2003,Matteo,8
CT,M,2003,Micah,8
CT,M,2003,Reilly,8
CT,M,2003,Ronan,8
CT,M,2003,Rory,8
CT,M,2003,Rowan,8
CT,M,2003,Shea,8
CT,M,2003,Tobias,8
CT,M,2003,Todd,8
CT,M,2003,Xander,8
CT,M,2003,Zackary,8
CT,M,2003,Zane,8
CT,M,2003,Alberto,7
CT,M,2003,Armando,7
CT,M,2003,Braeden,7
CT,M,2003,Cayden,7
CT,M,2003,Chris,7
CT,M,2003,Cyrus,7
CT,M,2003,Eamon,7
CT,M,2003,Finn,7
CT,M,2003,Gage,7
CT,M,2003,Gianni,7
CT,M,2003,Jasper,7
CT,M,2003,Jean,7
CT,M,2003,Julius,7
CT,M,2003,Kellen,7
CT,M,2003,Kelvin,7
CT,M,2003,Kieran,7
CT,M,2003,Kristian,7
CT,M,2003,Kurt,7
CT,M,2003,Maximus,7
CT,M,2003,Muhammad,7
CT,M,2003,Nazir,7
CT,M,2003,Pablo,7
CT,M,2003,Pierce,7
CT,M,2003,Ralph,7
CT,M,2003,Rodrigo,7
CT,M,2003,Roger,7
CT,M,2003,Roman,7
CT,M,2003,Salvatore,7
CT,M,2003,Sawyer,7
CT,M,2003,Siddharth,7
CT,M,2003,Tiernan,7
CT,M,2003,Tomas,7
CT,M,2003,Tyrell,7
CT,M,2003,Zion,7
CT,M,2003,Abraham,6
CT,M,2003,Ali,6
CT,M,2003,Amari,6
CT,M,2003,Ariel,6
CT,M,2003,Baby,6
CT,M,2003,Beau,6
CT,M,2003,Cesar,6
CT,M,2003,Dalton,6
CT,M,2003,Davon,6
CT,M,2003,Deandre,6
CT,M,2003,Desmond,6
CT,M,2003,Devan,6
CT,M,2003,Devonte,6
CT,M,2003,Dominik,6
CT,M,2003,Dustin,6
CT,M,2003,Emmett,6
CT,M,2003,Eugene,6
CT,M,2003,Felipe,6
CT,M,2003,Felix,6
CT,M,2003,Franklin,6
CT,M,2003,Gian,6
CT,M,2003,Giancarlo,6
CT,M,2003,Greyson,6
CT,M,2003,Harry,6
CT,M,2003,Jerry,6
CT,M,2003,Joaquin,6
CT,M,2003,Joey,6
CT,M,2003,Johan,6
CT,M,2003,Johnny,6
CT,M,2003,Jon,6
CT,M,2003,Justice,6
CT,M,2003,Kenny,6
CT,M,2003,Kobe,6
CT,M,2003,Kyler,6
CT,M,2003,Markus,6
CT,M,2003,Melvin,6
CT,M,2003,Mohamed,6
CT,M,2003,Mohammad,6
CT,M,2003,Morgan,6
CT,M,2003,Nasir,6
CT,M,2003,Nathanial,6
CT,M,2003,Neil,6
CT,M,2003,Noel,6
CT,M,2003,Peyton,6
CT,M,2003,Randy,6
CT,M,2003,Roy,6
CT,M,2003,Shamar,6
CT,M,2003,Tate,6
CT,M,2003,Taylor,6
CT,M,2003,Terrence,6
CT,M,2003,Trent,6
CT,M,2003,Trey,6
CT,M,2003,Wade,6
CT,M,2003,Zachery,6
CT,M,2003,Zakary,6
CT,M,2003,Aditya,5
CT,M,2003,Adonis,5
CT,M,2003,Albert,5
CT,M,2003,Alijah,5
CT,M,2003,Andreas,5
CT,M,2003,Bruce,5
CT,M,2003,Bryant,5
CT,M,2003,Cal,5
CT,M,2003,Corbin,5
CT,M,2003,Dane,5
CT,M,2003,Darius,5
CT,M,2003,Darrell,5
CT,M,2003,Darren,5
CT,M,2003,Davin,5
CT,M,2003,Duncan,5
CT,M,2003,Eddie,5
CT,M,2003,Elian,5
CT,M,2003,Eliezer,5
CT,M,2003,Ernesto,5
CT,M,2003,Everett,5
CT,M,2003,Finnegan,5
CT,M,2003,Francesco,5
CT,M,2003,Gino,5
CT,M,2003,Gustavo,5
CT,M,2003,Hugo,5
CT,M,2003,Israel,5
CT,M,2003,Izaiah,5
CT,M,2003,Jace,5
CT,M,2003,Jamar,5
CT,M,2003,Jerome,5
CT,M,2003,Jimmy,5
CT,M,2003,Johnathon,5
CT,M,2003,Jovanni,5
CT,M,2003,Jude,5
CT,M,2003,Justyn,5
CT,M,2003,Leon,5
CT,M,2003,Leonard,5
CT,M,2003,Malcolm,5
CT,M,2003,Marquise,5
CT,M,2003,Maximillian,5
CT,M,2003,Mike,5
CT,M,2003,Nehemiah,5
CT,M,2003,Nikhil,5
CT,M,2003,Omarion,5
CT,M,2003,Payton,5
CT,M,2003,Quentin,5
CT,M,2003,Raphael,5
CT,M,2003,Roberto,5
CT,M,2003,Rolando,5
CT,M,2003,Ryder,5
CT,M,2003,Sergio,5
CT,M,2003,Trenton,5
CT,M,2003,Vincenzo,5
CT,M,2003,Wilson,5
CT,M,2003,Yash,5
CT,M,2003,Zander,5
CT,M,2004,Michael,408
CT,M,2004,Ryan,406
CT,M,2004,Matthew,388
CT,M,2004,Nicholas,322
CT,M,2004,Joseph,304
CT,M,2004,Jacob,288
CT,M,2004,John,284
CT,M,2004,Alexander,275
CT,M,2004,Christopher,273
CT,M,2004,Anthony,270
CT,M,2004,Joshua,268
CT,M,2004,Andrew,267
CT,M,2004,Daniel,258
CT,M,2004,William,251
CT,M,2004,Tyler,250
CT,M,2004,Benjamin,220
CT,M,2004,Jack,211
CT,M,2004,David,203
CT,M,2004,Justin,199
CT,M,2004,Ethan,194
CT,M,2004,James,192
CT,M,2004,Zachary,185
CT,M,2004,Dylan,176
CT,M,2004,Aidan,175
CT,M,2004,Connor,169
CT,M,2004,Nathan,169
CT,M,2004,Kevin,166
CT,M,2004,Thomas,165
CT,M,2004,Christian,159
CT,M,2004,Kyle,152
CT,M,2004,Samuel,147
CT,M,2004,Evan,142
CT,M,2004,Jason,141
CT,M,2004,Jonathan,140
CT,M,2004,Robert,133
CT,M,2004,Brandon,127
CT,M,2004,Charles,127
CT,M,2004,Luke,121
CT,M,2004,Sean,121
CT,M,2004,Gabriel,120
CT,M,2004,Jayden,118
CT,M,2004,Adam,109
CT,M,2004,Jake,106
CT,M,2004,Logan,104
CT,M,2004,Noah,103
CT,M,2004,Colin,94
CT,M,2004,Alex,93
CT,M,2004,Elijah,93
CT,M,2004,Patrick,90
CT,M,2004,Aiden,89
CT,M,2004,Isaiah,89
CT,M,2004,Lucas,88
CT,M,2004,Cameron,86
CT,M,2004,Jordan,86
CT,M,2004,Nathaniel,86
CT,M,2004,Luis,84
CT,M,2004,Owen,84
CT,M,2004,Ian,83
CT,M,2004,Jackson,81
CT,M,2004,Eric,79
CT,M,2004,Hunter,79
CT,M,2004,Liam,79
CT,M,2004,Brian,78
CT,M,2004,Peter,76
CT,M,2004,Angel,75
CT,M,2004,Gavin,75
CT,M,2004,Mason,75
CT,M,2004,Henry,71
CT,M,2004,Xavier,71
CT,M,2004,Jose,68
CT,M,2004,Caleb,67
CT,M,2004,Aaron,63
CT,M,2004,Cole,63
CT,M,2004,Mark,63
CT,M,2004,Julian,62
CT,M,2004,Austin,58
CT,M,2004,Timothy,58
CT,M,2004,Jaden,55
CT,M,2004,Vincent,55
CT,M,2004,Chase,53
CT,M,2004,Sebastian,52
CT,M,2004,Trevor,51
CT,M,2004,Dominic,50
CT,M,2004,Devin,49
CT,M,2004,Brendan,48
CT,M,2004,Steven,48
CT,M,2004,Edward,47
CT,M,2004,Riley,47
CT,M,2004,Stephen,47
CT,M,2004,Antonio,46
CT,M,2004,Jeremy,46
CT,M,2004,Bryan,45
CT,M,2004,Nicolas,45
CT,M,2004,Paul,45
CT,M,2004,Jeffrey,44
CT,M,2004,Carter,43
CT,M,2004,Derek,43
CT,M,2004,Richard,43
CT,M,2004,Jeremiah,41
CT,M,2004,Jesse,40
CT,M,2004,Kenneth,40
CT,M,2004,George,39
CT,M,2004,Jared,38
CT,M,2004,Carlos,37
CT,M,2004,Isaac,37
CT,M,2004,Maxwell,37
CT,M,2004,Adrian,36
CT,M,2004,Brady,36
CT,M,2004,Cody,36
CT,M,2004,Juan,36
CT,M,2004,Spencer,36
CT,M,2004,Cooper,34
CT,M,2004,Shane,34
CT,M,2004,Miguel,33
CT,M,2004,Wyatt,33
CT,M,2004,Gregory,32
CT,M,2004,Max,32
CT,M,2004,Colby,31
CT,M,2004,Collin,31
CT,M,2004,Raymond,31
CT,M,2004,Giovanni,29
CT,M,2004,Louis,29
CT,M,2004,Marcus,29
CT,M,2004,Tristan,29
CT,M,2004,Cristian,28
CT,M,2004,Hayden,28
CT,M,2004,Jaiden,28
CT,M,2004,Alejandro,27
CT,M,2004,Blake,27
CT,M,2004,Bryce,27
CT,M,2004,Garrett,27
CT,M,2004,Josiah,27
CT,M,2004,Marco,27
CT,M,2004,Griffin,26
CT,M,2004,Oliver,26
CT,M,2004,Victor,26
CT,M,2004,Dante,25
CT,M,2004,Elias,25
CT,M,2004,Malachi,25
CT,M,2004,Quinn,25
CT,M,2004,Brayden,24
CT,M,2004,Damian,24
CT,M,2004,Jonah,24
CT,M,2004,Luca,24
CT,M,2004,Nolan,24
CT,M,2004,Ashton,23
CT,M,2004,Corey,23
CT,M,2004,Devon,23
CT,M,2004,Emmanuel,23
CT,M,2004,Harrison,23
CT,M,2004,Troy,23
CT,M,2004,Andre,22
CT,M,2004,Edwin,22
CT,M,2004,Simon,22
CT,M,2004,Caden,21
CT,M,2004,Drew,21
CT,M,2004,Jesus,21
CT,M,2004,Joel,21
CT,M,2004,Nikolas,21
CT,M,2004,Seth,21
CT,M,2004,Shawn,21
CT,M,2004,Erik,20
CT,M,2004,Frank,20
CT,M,2004,Jalen,20
CT,M,2004,Jayson,20
CT,M,2004,Mitchell,20
CT,M,2004,Theodore,20
CT,M,2004,Angelo,19
CT,M,2004,Diego,19
CT,M,2004,Myles,19
CT,M,2004,Omar,19
CT,M,2004,Parker,19
CT,M,2004,Travis,19
CT,M,2004,Alexis,18
CT,M,2004,Amir,18
CT,M,2004,Javier,18
CT,M,2004,Kaleb,18
CT,M,2004,Leo,18
CT,M,2004,Mekhi,18
CT,M,2004,Scott,18
CT,M,2004,Wesley,18
CT,M,2004,Avery,17
CT,M,2004,Brett,17
CT,M,2004,Calvin,17
CT,M,2004,Dominick,17
CT,M,2004,Eli,17
CT,M,2004,Hector,17
CT,M,2004,Leonardo,17
CT,M,2004,Mathew,17
CT,M,2004,Peyton,17
CT,M,2004,Tanner,17
CT,M,2004,Dillon,16
CT,M,2004,Emanuel,16
CT,M,2004,Grant,16
CT,M,2004,Malik,16
CT,M,2004,Oscar,16
CT,M,2004,Alan,15
CT,M,2004,Andres,15
CT,M,2004,Braden,15
CT,M,2004,Carson,15
CT,M,2004,Damien,15
CT,M,2004,Ivan,15
CT,M,2004,Lorenzo,15
CT,M,2004,Manuel,15
CT,M,2004,Albert,14
CT,M,2004,Alec,14
CT,M,2004,Bradley,14
CT,M,2004,Conner,14
CT,M,2004,Micah,14
CT,M,2004,Miles,14
CT,M,2004,Nickolas,14
CT,M,2004,Philip,14
CT,M,2004,Roberto,14
CT,M,2004,Casey,13
CT,M,2004,Donald,13
CT,M,2004,Donovan,13
CT,M,2004,Gary,13
CT,M,2004,Holden,13
CT,M,2004,Jay,13
CT,M,2004,Martin,13
CT,M,2004,Ayden,12
CT,M,2004,Caiden,12
CT,M,2004,Carl,12
CT,M,2004,Dakota,12
CT,M,2004,Finn,12
CT,M,2004,Gage,12
CT,M,2004,Harry,12
CT,M,2004,Jakob,12
CT,M,2004,Justice,12
CT,M,2004,Kai,12
CT,M,2004,Lukas,12
CT,M,2004,Mario,12
CT,M,2004,Matteo,12
CT,M,2004,Nelson,12
CT,M,2004,Pierce,12
CT,M,2004,Rafael,12
CT,M,2004,Russell,12
CT,M,2004,Andy,11
CT,M,2004,Brody,11
CT,M,2004,Camden,11
CT,M,2004,Fernando,11
CT,M,2004,Jamie,11
CT,M,2004,Jaylen,11
CT,M,2004,Kaden,11
CT,M,2004,Marc,11
CT,M,2004,Maximilian,11
CT,M,2004,Rohan,11
CT,M,2004,Sam,11
CT,M,2004,Todd,11
CT,M,2004,Trey,11
CT,M,2004,Ty,11
CT,M,2004,Yandel,11
CT,M,2004,Abraham,10
CT,M,2004,Brennan,10
CT,M,2004,Deandre,10
CT,M,2004,Declan,10
CT,M,2004,Domenic,10
CT,M,2004,Jakub,10
CT,M,2004,Jorge,10
CT,M,2004,Kanye,10
CT,M,2004,Keegan,10
CT,M,2004,Kelvin,10
CT,M,2004,Kieran,10
CT,M,2004,Landon,10
CT,M,2004,Marcos,10
CT,M,2004,Marlon,10
CT,M,2004,Maximus,10
CT,M,2004,Nasir,10
CT,M,2004,Pedro,10
CT,M,2004,Randy,10
CT,M,2004,Ronald,10
CT,M,2004,Salvatore,10
CT,M,2004,Arthur,9
CT,M,2004,Bailey,9
CT,M,2004,Brayan,9
CT,M,2004,Brenden,9
CT,M,2004,Cayden,9
CT,M,2004,Cesar,9
CT,M,2004,Chad,9
CT,M,2004,Cory,9
CT,M,2004,Damon,9
CT,M,2004,Darren,9
CT,M,2004,Dean,9
CT,M,2004,Eduardo,9
CT,M,2004,Jaeden,9
CT,M,2004,Jan,9
CT,M,2004,Jerry,9
CT,M,2004,Johnathan,9
CT,M,2004,Lance,9
CT,M,2004,Levi,9
CT,M,2004,Mateo,9
CT,M,2004,Melvin,9
CT,M,2004,Pablo,9
CT,M,2004,Preston,9
CT,M,2004,Ruben,9
CT,M,2004,Shaun,9
CT,M,2004,Tucker,9
CT,M,2004,Walter,9
CT,M,2004,Zion,9
CT,M,2004,Aden,8
CT,M,2004,Ali,8
CT,M,2004,Anderson,8
CT,M,2004,Charlie,8
CT,M,2004,Chris,8
CT,M,2004,Conor,8
CT,M,2004,Craig,8
CT,M,2004,Curtis,8
CT,M,2004,Dalton,8
CT,M,2004,Dennis,8
CT,M,2004,Duncan,8
CT,M,2004,Erick,8
CT,M,2004,Felipe,8
CT,M,2004,Felix,8
CT,M,2004,Francis,8
CT,M,2004,Francisco,8
CT,M,2004,Gianni,8
CT,M,2004,Grayson,8
CT,M,2004,Isiah,8
CT,M,2004,Izaiah,8
CT,M,2004,Jadon,8
CT,M,2004,Keith,8
CT,M,2004,Kenny,8
CT,M,2004,Lawrence,8
CT,M,2004,Pranav,8
CT,M,2004,Reid,8
CT,M,2004,Ricardo,8
CT,M,2004,Ricky,8
CT,M,2004,Rocco,8
CT,M,2004,Rory,8
CT,M,2004,Stanley,8
CT,M,2004,Trent,8
CT,M,2004,Tyrese,8
CT,M,2004,Wade,8
CT,M,2004,Xander,8
CT,M,2004,Alberto,7
CT,M,2004,Aryan,7
CT,M,2004,Baby,7
CT,M,2004,Bennett,7
CT,M,2004,Braeden,7
CT,M,2004,Brendon,7
CT,M,2004,Bruno,7
CT,M,2004,Camren,7
CT,M,2004,Colton,7
CT,M,2004,Danny,7
CT,M,2004,Derrick,7
CT,M,2004,Edgar,7
CT,M,2004,Elliott,7
CT,M,2004,Ezequiel,7
CT,M,2004,Ibrahim,7
CT,M,2004,Israel,7
CT,M,2004,Jaidyn,7
CT,M,2004,Jaime,7
CT,M,2004,Javon,7
CT,M,2004,Johnny,7
CT,M,2004,Junior,7
CT,M,2004,Khalil,7
CT,M,2004,Kristopher,7
CT,M,2004,Lewis,7
CT,M,2004,Maurice,7
CT,M,2004,Neil,7
CT,M,2004,Quentin,7
CT,M,2004,Reece,7
CT,M,2004,Ronan,7
CT,M,2004,Santiago,7
CT,M,2004,Sergio,7
CT,M,2004,Shea,7
CT,M,2004,Toby,7
CT,M,2004,Tomas,7
CT,M,2004,Trevon,7
CT,M,2004,Vincenzo,7
CT,M,2004,Zackary,7
CT,M,2004,Zander,7
CT,M,2004,Adonis,6
CT,M,2004,Alvin,6
CT,M,2004,Arjun,6
CT,M,2004,Arnav,6
CT,M,2004,Asher,6
CT,M,2004,Braydon,6
CT,M,2004,Bruce,6
CT,M,2004,Cade,6
CT,M,2004,Clayton,6
CT,M,2004,Corbin,6
CT,M,2004,Cyrus,6
CT,M,2004,Damion,6
CT,M,2004,Davion,6
CT,M,2004,Davon,6
CT,M,2004,Dawson,6
CT,M,2004,Douglas,6
CT,M,2004,Emmett,6
CT,M,2004,Enrique,6
CT,M,2004,Esteban,6
CT,M,2004,Eugene,6
CT,M,2004,Everett,6
CT,M,2004,Graham,6
CT,M,2004,Hudson,6
CT,M,2004,Hugh,6
CT,M,2004,Jomar,6
CT,M,2004,Jon,6
CT,M,2004,Josh,6
CT,M,2004,Julius,6
CT,M,2004,Karl,6
CT,M,2004,Kristian,6
CT,M,2004,Leon,6
CT,M,2004,Maddox,6
CT,M,2004,Marcello,6
CT,M,2004,Marquis,6
CT,M,2004,Matheus,6
CT,M,2004,Mohamed,6
CT,M,2004,Nathanael,6
CT,M,2004,Nikhil,6
CT,M,2004,Noel,6
CT,M,2004,Orlando,6
CT,M,2004,Raphael,6
CT,M,2004,Roman,6
CT,M,2004,Rowan,6
CT,M,2004,Ryder,6
CT,M,2004,Sawyer,6
CT,M,2004,Sincere,6
CT,M,2004,Taylor,6
CT,M,2004,Terrell,6
CT,M,2004,Tobias,6
CT,M,2004,Adriel,5
CT,M,2004,Aleksander,5
CT,M,2004,Allan,5
CT,M,2004,Allen,5
CT,M,2004,Amar,5
CT,M,2004,Axel,5
CT,M,2004,Beckett,5
CT,M,2004,Bobby,5
CT,M,2004,Branden,5
CT,M,2004,Camron,5
CT,M,2004,Cedric,5
CT,M,2004,Chance,5
CT,M,2004,Chauncey,5
CT,M,2004,Cristofer,5
CT,M,2004,Darien,5
CT,M,2004,Darius,5
CT,M,2004,Deven,5
CT,M,2004,Devyn,5
CT,M,2004,Dillan,5
CT,M,2004,Dominik,5
CT,M,2004,Dustin,5
CT,M,2004,Eamon,5
CT,M,2004,Eddy,5
CT,M,2004,Elliot,5
CT,M,2004,Emerson,5
CT,M,2004,Emiliano,5
CT,M,2004,Ernest,5
CT,M,2004,Ezra,5
CT,M,2004,Frankie,5
CT,M,2004,Gerald,5
CT,M,2004,Giancarlo,5
CT,M,2004,Gordon,5
CT,M,2004,Gustavo,5
CT,M,2004,Howard,5
CT,M,2004,Hugo,5
CT,M,2004,Ismael,5
CT,M,2004,Jabari,5
CT,M,2004,Jace,5
CT,M,2004,Jameson,5
CT,M,2004,Jayvon,5
CT,M,2004,Jimmy,5
CT,M,2004,Joey,5
CT,M,2004,Josue,5
CT,M,2004,Jovanni,5
CT,M,2004,Julien,5
CT,M,2004,Kaiden,5
CT,M,2004,Kamari,5
CT,M,2004,Kyler,5
CT,M,2004,Larry,5
CT,M,2004,Makhi,5
CT,M,2004,Marquise,5
CT,M,2004,Marvin,5
CT,M,2004,Mohammad,5
CT,M,2004,Morgan,5
CT,M,2004,Muhammad,5
CT,M,2004,Nico,5
CT,M,2004,Nigel,5
CT,M,2004,Nomar,5
CT,M,2004,Omari,5
CT,M,2004,Phillip,5
CT,M,2004,Prince,5
CT,M,2004,Quincy,5
CT,M,2004,Raul,5
CT,M,2004,Rhys,5
CT,M,2004,Rodney,5
CT,M,2004,Roy,5
CT,M,2004,Saul,5
CT,M,2004,Skyler,5
CT,M,2004,Terrence,5
CT,M,2004,Tony,5
CT,M,2004,Trenton,5
CT,M,2004,Treyvon,5
CT,M,2004,Tyrell,5
CT,M,2004,Tyson,5
CT,M,2004,Wayne,5
CT,M,2004,Will,5
CT,M,2004,Winston,5
CT,M,2004,Zachery,5
CT,M,2005,Ryan,354
CT,M,2005,Matthew,346
CT,M,2005,Michael,344
CT,M,2005,Nicholas,303
CT,M,2005,Anthony,264
CT,M,2005,Joshua,259
CT,M,2005,William,259
CT,M,2005,Alexander,256
CT,M,2005,Andrew,252
CT,M,2005,John,249
CT,M,2005,Jacob,247
CT,M,2005,Jack,245
CT,M,2005,Tyler,242
CT,M,2005,Benjamin,232
CT,M,2005,Joseph,225
CT,M,2005,Christopher,222
CT,M,2005,Daniel,214
CT,M,2005,Ethan,211
CT,M,2005,James,177
CT,M,2005,David,175
CT,M,2005,Thomas,173
CT,M,2005,Dylan,170
CT,M,2005,Christian,164
CT,M,2005,Nathan,162
CT,M,2005,Aidan,160
CT,M,2005,Noah,160
CT,M,2005,Zachary,153
CT,M,2005,Samuel,152
CT,M,2005,Kevin,146
CT,M,2005,Robert,144
CT,M,2005,Jonathan,143
CT,M,2005,Justin,141
CT,M,2005,Gabriel,132
CT,M,2005,Connor,131
CT,M,2005,Evan,131
CT,M,2005,Kyle,128
CT,M,2005,Jason,125
CT,M,2005,Logan,124
CT,M,2005,Jayden,123
CT,M,2005,Luke,123
CT,M,2005,Brandon,108
CT,M,2005,Lucas,107
CT,M,2005,Elijah,99
CT,M,2005,Owen,98
CT,M,2005,Sean,98
CT,M,2005,Charles,97
CT,M,2005,Jordan,95
CT,M,2005,Aiden,94
CT,M,2005,Alex,90
CT,M,2005,Cameron,89
CT,M,2005,Isaiah,88
CT,M,2005,Angel,85
CT,M,2005,Adam,83
CT,M,2005,Colin,82
CT,M,2005,Austin,81
CT,M,2005,Gavin,79
CT,M,2005,Timothy,78
CT,M,2005,Mason,76
CT,M,2005,Brian,75
CT,M,2005,Jake,74
CT,M,2005,Nathaniel,74
CT,M,2005,Eric,68
CT,M,2005,Ian,68
CT,M,2005,Jackson,68
CT,M,2005,Liam,68
CT,M,2005,Jose,67
CT,M,2005,Peter,65
CT,M,2005,Caleb,64
CT,M,2005,Dominic,64
CT,M,2005,Nicolas,64
CT,M,2005,Richard,64
CT,M,2005,Cole,63
CT,M,2005,Jaden,63
CT,M,2005,Patrick,63
CT,M,2005,Sebastian,63
CT,M,2005,Julian,62
CT,M,2005,Luis,62
CT,M,2005,Aaron,59
CT,M,2005,Antonio,59
CT,M,2005,Brendan,56
CT,M,2005,Henry,56
CT,M,2005,Hunter,56
CT,M,2005,Xavier,56
CT,M,2005,Jeremy,54
CT,M,2005,Jeremiah,53
CT,M,2005,Bryan,48
CT,M,2005,Chase,48
CT,M,2005,Vincent,48
CT,M,2005,Cooper,47
CT,M,2005,Steven,46
CT,M,2005,Devin,45
CT,M,2005,Jeffrey,44
CT,M,2005,Trevor,44
CT,M,2005,Carlos,43
CT,M,2005,Stephen,43
CT,M,2005,Maxwell,42
CT,M,2005,Brady,41
CT,M,2005,Joel,41
CT,M,2005,Mark,41
CT,M,2005,Shane,41
CT,M,2005,Edward,39
CT,M,2005,Hayden,39
CT,M,2005,Juan,39
CT,M,2005,Victor,39
CT,M,2005,Carter,38
CT,M,2005,Derek,38
CT,M,2005,Edwin,38
CT,M,2005,Jared,37
CT,M,2005,Paul,37
CT,M,2005,Spencer,37
CT,M,2005,Adrian,36
CT,M,2005,Cody,35
CT,M,2005,Giovanni,35
CT,M,2005,Isaac,35
CT,M,2005,Collin,33
CT,M,2005,Jaiden,33
CT,M,2005,Brayden,32
CT,M,2005,George,32
CT,M,2005,Miguel,32
CT,M,2005,Alejandro,31
CT,M,2005,Griffin,31
CT,M,2005,Bryce,30
CT,M,2005,Gregory,30
CT,M,2005,Quinn,30
CT,M,2005,Riley,30
CT,M,2005,Seth,30
CT,M,2005,Tristan,30
CT,M,2005,Josiah,29
CT,M,2005,Kenneth,29
CT,M,2005,Shawn,29
CT,M,2005,Blake,28
CT,M,2005,Diego,28
CT,M,2005,Jesse,28
CT,M,2005,Alexis,27
CT,M,2005,Braden,27
CT,M,2005,Marcus,27
CT,M,2005,Raymond,27
CT,M,2005,Andre,26
CT,M,2005,Dante,26
CT,M,2005,Harrison,26
CT,M,2005,Malachi,26
CT,M,2005,Max,26
CT,M,2005,Ayden,25
CT,M,2005,Declan,24
CT,M,2005,Erik,24
CT,M,2005,Landon,24
CT,M,2005,Leonardo,24
CT,M,2005,Omar,24
CT,M,2005,Theodore,24
CT,M,2005,Angelo,23
CT,M,2005,Cristian,23
CT,M,2005,Jorge,23
CT,M,2005,Hector,22
CT,M,2005,Andy,21
CT,M,2005,Colby,21
CT,M,2005,Garrett,21
CT,M,2005,Jesus,21
CT,M,2005,Jonah,21
CT,M,2005,Marco,21
CT,M,2005,Oliver,21
CT,M,2005,Ashton,20
CT,M,2005,Caden,20
CT,M,2005,Dillon,20
CT,M,2005,Drew,20
CT,M,2005,Eli,20
CT,M,2005,Nolan,20
CT,M,2005,Travis,20
CT,M,2005,Wyatt,20
CT,M,2005,Fernando,19
CT,M,2005,Mitchell,19
CT,M,2005,Scott,19
CT,M,2005,Brett,18
CT,M,2005,Carson,18
CT,M,2005,Damian,18
CT,M,2005,Damien,18
CT,M,2005,Elias,18
CT,M,2005,Frank,18
CT,M,2005,Jaylen,18
CT,M,2005,Jayson,18
CT,M,2005,Louis,18
CT,M,2005,Martin,18
CT,M,2005,Miles,18
CT,M,2005,Nasir,18
CT,M,2005,Peyton,18
CT,M,2005,Tanner,18
CT,M,2005,Alan,17
CT,M,2005,Avery,17
CT,M,2005,Brody,17
CT,M,2005,Lorenzo,17
CT,M,2005,Lukas,17
CT,M,2005,Philip,17
CT,M,2005,Rocco,17
CT,M,2005,Conor,16
CT,M,2005,Devon,16
CT,M,2005,Luca,16
CT,M,2005,Nikolas,16
CT,M,2005,Pedro,16
CT,M,2005,Preston,16
CT,M,2005,Troy,16
CT,M,2005,Ty,16
CT,M,2005,Braeden,15
CT,M,2005,Erick,15
CT,M,2005,Gianni,15
CT,M,2005,Grant,15
CT,M,2005,Johnny,15
CT,M,2005,Kai,15
CT,M,2005,Manuel,15
CT,M,2005,Mekhi,15
CT,M,2005,Rowan,15
CT,M,2005,Emmanuel,14
CT,M,2005,Javier,14
CT,M,2005,Johnathan,14
CT,M,2005,Kaleb,14
CT,M,2005,Leo,14
CT,M,2005,Mario,14
CT,M,2005,Myles,14
CT,M,2005,Ronald,14
CT,M,2005,Simon,14
CT,M,2005,Calvin,13
CT,M,2005,Corey,13
CT,M,2005,Donovan,13
CT,M,2005,Emanuel,13
CT,M,2005,Kayden,13
CT,M,2005,Keith,13
CT,M,2005,Micah,13
CT,M,2005,Parker,13
CT,M,2005,Sawyer,13
CT,M,2005,Trey,13
CT,M,2005,Zackary,13
CT,M,2005,Andres,12
CT,M,2005,Bradley,12
CT,M,2005,Casey,12
CT,M,2005,Cesar,12
CT,M,2005,Jakob,12
CT,M,2005,Jalen,12
CT,M,2005,Jay,12
CT,M,2005,Jomar,12
CT,M,2005,Julius,12
CT,M,2005,Kaden,12
CT,M,2005,Payton,12
CT,M,2005,Rohan,12
CT,M,2005,Aden,11
CT,M,2005,Arjun,11
CT,M,2005,Arthur,11
CT,M,2005,Damon,11
CT,M,2005,Dean,11
CT,M,2005,Douglas,11
CT,M,2005,Gage,11
CT,M,2005,Ivan,11
CT,M,2005,Jace,11
CT,M,2005,Jonas,11
CT,M,2005,Josue,11
CT,M,2005,Oscar,11
CT,M,2005,Rafael,11
CT,M,2005,Roberto,11
CT,M,2005,Alec,10
CT,M,2005,Allen,10
CT,M,2005,Amari,10
CT,M,2005,Camden,10
CT,M,2005,Chad,10
CT,M,2005,Conner,10
CT,M,2005,Dominick,10
CT,M,2005,Eddie,10
CT,M,2005,Eduardo,10
CT,M,2005,Eliel,10
CT,M,2005,Hudson,10
CT,M,2005,Johnpaul,10
CT,M,2005,Julio,10
CT,M,2005,Marc,10
CT,M,2005,Mateo,10
CT,M,2005,Maximilian,10
CT,M,2005,Morgan,10
CT,M,2005,Quincy,10
CT,M,2005,Raul,10
CT,M,2005,Ronan,10
CT,M,2005,Terrence,10
CT,M,2005,Ben,9
CT,M,2005,Brennan,9
CT,M,2005,Chance,9
CT,M,2005,Colton,9
CT,M,2005,Davon,9
CT,M,2005,Derrick,9
CT,M,2005,Dorian,9
CT,M,2005,Francis,9
CT,M,2005,Francisco,9
CT,M,2005,Graham,9
CT,M,2005,Holden,9
CT,M,2005,Israel,9
CT,M,2005,Jerry,9
CT,M,2005,Jonathon,9
CT,M,2005,Jovan,9
CT,M,2005,Kieran,9
CT,M,2005,Malcolm,9
CT,M,2005,Matteo,9
CT,M,2005,Melvin,9
CT,M,2005,Neil,9
CT,M,2005,Salvatore,9
CT,M,2005,Sam,9
CT,M,2005,Seamus,9
CT,M,2005,Sergio,9
CT,M,2005,Silas,9
CT,M,2005,Tucker,9
CT,M,2005,Amare,8
CT,M,2005,Amir,8
CT,M,2005,Baby,8
CT,M,2005,Bennett,8
CT,M,2005,Darren,8
CT,M,2005,Domenic,8
CT,M,2005,Duncan,8
CT,M,2005,Edgar,8
CT,M,2005,Ezra,8
CT,M,2005,Felix,8
CT,M,2005,Finn,8
CT,M,2005,Frederick,8
CT,M,2005,Giancarlo,8
CT,M,2005,Kaiden,8
CT,M,2005,Keegan,8
CT,M,2005,Lance,8
CT,M,2005,Maddox,8
CT,M,2005,Marcos,8
CT,M,2005,Maurice,8
CT,M,2005,Nathanael,8
CT,M,2005,Nelson,8
CT,M,2005,Nico,8
CT,M,2005,Quentin,8
CT,M,2005,Reid,8
CT,M,2005,Roman,8
CT,M,2005,Ryder,8
CT,M,2005,Shaun,8
CT,M,2005,Trenton,8
CT,M,2005,Tyrese,8
CT,M,2005,Wesley,8
CT,M,2005,Yandel,8
CT,M,2005,Zion,8
CT,M,2005,Abraham,7
CT,M,2005,Albert,7
CT,M,2005,Alberto,7
CT,M,2005,Alvin,7
CT,M,2005,Brayan,7
CT,M,2005,Brendon,7
CT,M,2005,Carl,7
CT,M,2005,Carmine,7
CT,M,2005,Corbin,7
CT,M,2005,Curtis,7
CT,M,2005,Dakota,7
CT,M,2005,Dandre,7
CT,M,2005,Devan,7
CT,M,2005,Donald,7
CT,M,2005,Dustin,7
CT,M,2005,Elliot,7
CT,M,2005,Elliott,7
CT,M,2005,Ezekiel,7
CT,M,2005,Gary,7
CT,M,2005,Harry,7
CT,M,2005,Isiah,7
CT,M,2005,Ismael,7
CT,M,2005,Jameson,7
CT,M,2005,Jaydon,7
CT,M,2005,Justice,7
CT,M,2005,Kelvin,7
CT,M,2005,Mohamed,7
CT,M,2005,Noel,7
CT,M,2005,Patryk,7
CT,M,2005,Phillip,7
CT,M,2005,Raphael,7
CT,M,2005,Rylan,7
CT,M,2005,Sincere,7
CT,M,2005,Terrell,7
CT,M,2005,Tobias,7
CT,M,2005,Tomas,7
CT,M,2005,Walker,7
CT,M,2005,Aditya,6
CT,M,2005,Ahmed,6
CT,M,2005,Ali,6
CT,M,2005,Allan,6
CT,M,2005,Antoine,6
CT,M,2005,Ari,6
CT,M,2005,Asher,6
CT,M,2005,Axel,6
CT,M,2005,Brock,6
CT,M,2005,Bruce,6
CT,M,2005,Camron,6
CT,M,2005,Cayden,6
CT,M,2005,Davis,6
CT,M,2005,Davonte,6
CT,M,2005,Dennis,6
CT,M,2005,Eamon,6
CT,M,2005,Eldin,6
CT,M,2005,Emmett,6
CT,M,2005,Enrique,6
CT,M,2005,Enzo,6
CT,M,2005,Fabian,6
CT,M,2005,Gianluca,6
CT,M,2005,Grady,6
CT,M,2005,Gunnar,6
CT,M,2005,Jamar,6
CT,M,2005,Jamari,6
CT,M,2005,Jamie,6
CT,M,2005,Jayvon,6
CT,M,2005,Joey,6
CT,M,2005,Jude,6
CT,M,2005,Kameron,6
CT,M,2005,Levi,6
CT,M,2005,Malik,6
CT,M,2005,Mathew,6
CT,M,2005,Pranav,6
CT,M,2005,Quintin,6
CT,M,2005,Ralph,6
CT,M,2005,Randy,6
CT,M,2005,Reese,6
CT,M,2005,Ricardo,6
CT,M,2005,Rory,6
CT,M,2005,Santiago,6
CT,M,2005,Tate,6
CT,M,2005,Toby,6
CT,M,2005,Tristen,6
CT,M,2005,Tyson,6
CT,M,2005,Wayne,6
CT,M,2005,Zane,6
CT,M,2005,Adan,5
CT,M,2005,Aedan,5
CT,M,2005,Ahmad,5
CT,M,2005,Ajay,5
CT,M,2005,Alden,5
CT,M,2005,Alessandro,5
CT,M,2005,Alexandre,5
CT,M,2005,Ariel,5
CT,M,2005,Armani,5
CT,M,2005,Arnav,5
CT,M,2005,August,5
CT,M,2005,Branden,5
CT,M,2005,Brent,5
CT,M,2005,Bryant,5
CT,M,2005,Caiden,5
CT,M,2005,Charlie,5
CT,M,2005,Craig,5
CT,M,2005,Dalton,5
CT,M,2005,Damion,5
CT,M,2005,Danny,5
CT,M,2005,Edison,5
CT,M,2005,Efrain,5
CT,M,2005,Ellis,5
CT,M,2005,Emmet,5
CT,M,2005,Everett,5
CT,M,2005,Hamza,5
CT,M,2005,Izaiah,5
CT,M,2005,Jadyn,5
CT,M,2005,Jaidyn,5
CT,M,2005,Jakai,5
CT,M,2005,Jakub,5
CT,M,2005,Jaquan,5
CT,M,2005,Jarrett,5
CT,M,2005,Javon,5
CT,M,2005,Jaxon,5
CT,M,2005,Jaylon,5
CT,M,2005,Jefferson,5
CT,M,2005,Jermaine,5
CT,M,2005,Jerome,5
CT,M,2005,Joao,5
CT,M,2005,Johan,5
CT,M,2005,Jon,5
CT,M,2005,Kanye,5
CT,M,2005,Kenny,5
CT,M,2005,Kody,5
CT,M,2005,Lamar,5
CT,M,2005,Larry,5
CT,M,2005,Leon,5
CT,M,2005,Leonard,5
CT,M,2005,Lincoln,5
CT,M,2005,Malakai,5
CT,M,2005,Marquis,5
CT,M,2005,Marquise,5
CT,M,2005,Massimo,5
CT,M,2005,Moises,5
CT,M,2005,Muhammad,5
CT,M,2005,Orion,5
CT,M,2005,Orlando,5
CT,M,2005,Pierce,5
CT,M,2005,Quinton,5
CT,M,2005,Ray,5
CT,M,2005,Rishi,5
CT,M,2005,Rodney,5
CT,M,2005,Ruben,5
CT,M,2005,Santino,5
CT,M,2005,Savion,5
CT,M,2005,Shamar,5
CT,M,2005,Skyler,5
CT,M,2005,Thiago,5
CT,M,2005,Todd,5
CT,M,2005,Tony,5
CT,M,2005,Travon,5
CT,M,2005,Trevon,5
CT,M,2005,Tyshawn,5
CT,M,2005,Vladimir,5
CT,M,2005,Walter,5
CT,M,2005,Willem,5
CT,M,2005,Wilson,5
CT,M,2005,Xander,5
CT,M,2005,Xzavier,5
CT,M,2005,Yadiel,5
CT,M,2005,Zachery,5
CT,M,2005,Zackery,5
CT,M,2006,Michael,297
CT,M,2006,Matthew,293
CT,M,2006,Ryan,291
CT,M,2006,Nicholas,283
CT,M,2006,Anthony,269
CT,M,2006,Alexander,255
CT,M,2006,Joseph,252
CT,M,2006,William,246
CT,M,2006,Jacob,244
CT,M,2006,John,238
CT,M,2006,Daniel,236
CT,M,2006,Andrew,235
CT,M,2006,Christopher,230
CT,M,2006,Joshua,226
CT,M,2006,Tyler,221
CT,M,2006,Jack,202
CT,M,2006,Benjamin,193
CT,M,2006,James,189
CT,M,2006,David,171
CT,M,2006,Ethan,171
CT,M,2006,Thomas,170
CT,M,2006,Jonathan,166
CT,M,2006,Nathan,160
CT,M,2006,Christian,159
CT,M,2006,Dylan,157
CT,M,2006,Logan,151
CT,M,2006,Aidan,149
CT,M,2006,Noah,148
CT,M,2006,Zachary,141
CT,M,2006,Justin,140
CT,M,2006,Luke,138
CT,M,2006,Samuel,138
CT,M,2006,Jayden,132
CT,M,2006,Evan,128
CT,M,2006,Jason,126
CT,M,2006,Connor,124
CT,M,2006,Brandon,123
CT,M,2006,Gabriel,122
CT,M,2006,Kevin,117
CT,M,2006,Owen,117
CT,M,2006,Robert,110
CT,M,2006,Lucas,109
CT,M,2006,Sean,108
CT,M,2006,Gavin,107
CT,M,2006,Mason,106
CT,M,2006,Aiden,105
CT,M,2006,Elijah,103
CT,M,2006,Cameron,100
CT,M,2006,Kyle,100
CT,M,2006,Isaiah,97
CT,M,2006,Jordan,97
CT,M,2006,Charles,95
CT,M,2006,Nathaniel,92
CT,M,2006,Patrick,92
CT,M,2006,Jake,90
CT,M,2006,Xavier,89
CT,M,2006,Colin,88
CT,M,2006,Jackson,88
CT,M,2006,Liam,86
CT,M,2006,Eric,85
CT,M,2006,Adam,84
CT,M,2006,Alex,82
CT,M,2006,Angel,81
CT,M,2006,Brian,77
CT,M,2006,Julian,74
CT,M,2006,Sebastian,70
CT,M,2006,Hunter,68
CT,M,2006,Aaron,67
CT,M,2006,Caleb,67
CT,M,2006,Chase,67
CT,M,2006,Luis,67
CT,M,2006,Cole,66
CT,M,2006,Jose,66
CT,M,2006,Peter,64
CT,M,2006,Bryan,63
CT,M,2006,Ian,63
CT,M,2006,Jaden,63
CT,M,2006,Timothy,57
CT,M,2006,Tristan,57
CT,M,2006,Jeremiah,55
CT,M,2006,Dominic,54
CT,M,2006,Antonio,51
CT,M,2006,Richard,51
CT,M,2006,Adrian,49
CT,M,2006,Victor,49
CT,M,2006,Carlos,48
CT,M,2006,Henry,47
CT,M,2006,Austin,46
CT,M,2006,Cooper,46
CT,M,2006,Edward,46
CT,M,2006,Juan,46
CT,M,2006,Carter,45
CT,M,2006,Derek,45
CT,M,2006,Brady,44
CT,M,2006,Giovanni,44
CT,M,2006,Vincent,44
CT,M,2006,Brendan,43
CT,M,2006,Steven,43
CT,M,2006,Nicolas,42
CT,M,2006,Shane,42
CT,M,2006,Mark,41
CT,M,2006,Isaac,40
CT,M,2006,Jeremy,40
CT,M,2006,Maxwell,40
CT,M,2006,Oliver,40
CT,M,2006,Devin,39
CT,M,2006,Jeffrey,39
CT,M,2006,Miguel,39
CT,M,2006,Max,38
CT,M,2006,Paul,38
CT,M,2006,Griffin,37
CT,M,2006,George,36
CT,M,2006,Landon,36
CT,M,2006,Stephen,36
CT,M,2006,Trevor,36
CT,M,2006,Wyatt,36
CT,M,2006,Cody,35
CT,M,2006,Jaiden,35
CT,M,2006,Spencer,35
CT,M,2006,Marcus,34
CT,M,2006,Brayden,32
CT,M,2006,Jesse,31
CT,M,2006,Quinn,31
CT,M,2006,Ayden,30
CT,M,2006,Jared,30
CT,M,2006,Hayden,29
CT,M,2006,Bryce,28
CT,M,2006,Joel,28
CT,M,2006,Shawn,28
CT,M,2006,Josiah,27
CT,M,2006,Luca,27
CT,M,2006,Theodore,27
CT,M,2006,Alexis,26
CT,M,2006,Caden,26
CT,M,2006,Diego,26
CT,M,2006,Riley,26
CT,M,2006,Seth,26
CT,M,2006,Gregory,25
CT,M,2006,Johnathan,25
CT,M,2006,Alejandro,24
CT,M,2006,Carson,24
CT,M,2006,Jonah,24
CT,M,2006,Kenneth,24
CT,M,2006,Malachi,24
CT,M,2006,Preston,24
CT,M,2006,Kaden,23
CT,M,2006,Dante,22
CT,M,2006,Elias,22
CT,M,2006,Blake,21
CT,M,2006,Damian,21
CT,M,2006,Dillon,21
CT,M,2006,Marco,21
CT,M,2006,Raymond,21
CT,M,2006,Travis,21
CT,M,2006,Andre,20
CT,M,2006,Colby,20
CT,M,2006,Conor,20
CT,M,2006,Damien,20
CT,M,2006,Edwin,20
CT,M,2006,Frank,20
CT,M,2006,Harrison,20
CT,M,2006,Hector,20
CT,M,2006,Leonardo,20
CT,M,2006,Mathew,20
CT,M,2006,Avery,19
CT,M,2006,Conner,19
CT,M,2006,Cristian,19
CT,M,2006,Devon,19
CT,M,2006,Dominick,19
CT,M,2006,Eli,19
CT,M,2006,Jaylen,19
CT,M,2006,Julius,19
CT,M,2006,Kai,19
CT,M,2006,Kaleb,19
CT,M,2006,Myles,19
CT,M,2006,Omar,19
CT,M,2006,Andy,18
CT,M,2006,Garrett,18
CT,M,2006,Gianni,18
CT,M,2006,Javier,18
CT,M,2006,Manuel,18
CT,M,2006,Mario,18
CT,M,2006,Miles,18
CT,M,2006,Oscar,18
CT,M,2006,Ty,18
CT,M,2006,Wesley,18
CT,M,2006,Alec,17
CT,M,2006,Drew,17
CT,M,2006,Josue,17
CT,M,2006,Nolan,17
CT,M,2006,Ricardo,17
CT,M,2006,Troy,17
CT,M,2006,Brennan,16
CT,M,2006,Chris,16
CT,M,2006,Jalen,16
CT,M,2006,Jorge,16
CT,M,2006,Lorenzo,16
CT,M,2006,Parker,16
CT,M,2006,Scott,16
CT,M,2006,Alan,15
CT,M,2006,Angelo,15
CT,M,2006,Braden,15
CT,M,2006,Brody,15
CT,M,2006,Erik,15
CT,M,2006,Francisco,15
CT,M,2006,Louis,15
CT,M,2006,Mitchell,15
CT,M,2006,Yandel,15
CT,M,2006,Braeden,14
CT,M,2006,Collin,14
CT,M,2006,Corey,14
CT,M,2006,Emanuel,14
CT,M,2006,Grant,14
CT,M,2006,Jace,14
CT,M,2006,Jaeden,14
CT,M,2006,Jude,14
CT,M,2006,Leo,14
CT,M,2006,Mateo,14
CT,M,2006,Rafael,14
CT,M,2006,Ryder,14
CT,M,2006,Sawyer,14
CT,M,2006,Albert,13
CT,M,2006,Andres,13
CT,M,2006,Arthur,13
CT,M,2006,Declan,13
CT,M,2006,Donovan,13
CT,M,2006,Emmanuel,13
CT,M,2006,Felix,13
CT,M,2006,Ivan,13
CT,M,2006,Jay,13
CT,M,2006,Jayson,13
CT,M,2006,Jesus,13
CT,M,2006,Micah,13
CT,M,2006,Zackary,13
CT,M,2006,Allen,12
CT,M,2006,Anderson,12
CT,M,2006,Calvin,12
CT,M,2006,Casey,12
CT,M,2006,Cayden,12
CT,M,2006,Cesar,12
CT,M,2006,Finn,12
CT,M,2006,Kristian,12
CT,M,2006,Matteo,12
CT,M,2006,Nikolas,12
CT,M,2006,Roberto,12
CT,M,2006,Rocco,12
CT,M,2006,Simon,12
CT,M,2006,Ali,11
CT,M,2006,Asher,11
CT,M,2006,Brenden,11
CT,M,2006,Brett,11
CT,M,2006,Charlie,11
CT,M,2006,Dakota,11
CT,M,2006,Dennis,11
CT,M,2006,Fernando,11
CT,M,2006,Francis,11
CT,M,2006,Frederick,11
CT,M,2006,Gage,11
CT,M,2006,Jameson,11
CT,M,2006,Keegan,11
CT,M,2006,Keith,11
CT,M,2006,Levi,11
CT,M,2006,Lukas,11
CT,M,2006,Marcos,11
CT,M,2006,Mekhi,11
CT,M,2006,Peyton,11
CT,M,2006,Rowan,11
CT,M,2006,Tanner,11
CT,M,2006,Vincenzo,11
CT,M,2006,Amir,10
CT,M,2006,Bradley,10
CT,M,2006,Camden,10
CT,M,2006,Cristopher,10
CT,M,2006,Donald,10
CT,M,2006,Douglas,10
CT,M,2006,Elliot,10
CT,M,2006,Holden,10
CT,M,2006,Jakob,10
CT,M,2006,Nathanael,10
CT,M,2006,Nickolas,10
CT,M,2006,Pedro,10
CT,M,2006,Phillip,10
CT,M,2006,Ralph,10
CT,M,2006,Rylan,10
CT,M,2006,Sam,10
CT,M,2006,Talan,10
CT,M,2006,Trey,10
CT,M,2006,Zion,10
CT,M,2006,Ashton,9
CT,M,2006,Branden,9
CT,M,2006,Clayton,9
CT,M,2006,Colton,9
CT,M,2006,Derrick,9
CT,M,2006,Dustin,9
CT,M,2006,Israel,9
CT,M,2006,Izaiah,9
CT,M,2006,Kieran,9
CT,M,2006,Lawrence,9
CT,M,2006,Martin,9
CT,M,2006,Nasir,9
CT,M,2006,Philip,9
CT,M,2006,Rohan,9
CT,M,2006,Roman,9
CT,M,2006,Ronan,9
CT,M,2006,Todd,9
CT,M,2006,Tucker,9
CT,M,2006,Zane,9
CT,M,2006,Addison,8
CT,M,2006,Antoine,8
CT,M,2006,Ariel,8
CT,M,2006,Aryan,8
CT,M,2006,Caiden,8
CT,M,2006,Camren,8
CT,M,2006,Chad,8
CT,M,2006,Craig,8
CT,M,2006,Curtis,8
CT,M,2006,Darius,8
CT,M,2006,Domenic,8
CT,M,2006,Eduardo,8
CT,M,2006,Emmett,8
CT,M,2006,Enzo,8
CT,M,2006,Erick,8
CT,M,2006,Everett,8
CT,M,2006,Ezra,8
CT,M,2006,Greyson,8
CT,M,2006,Harold,8
CT,M,2006,Juelz,8
CT,M,2006,Kaiden,8
CT,M,2006,Kelvin,8
CT,M,2006,Kenny,8
CT,M,2006,Marc,8
CT,M,2006,Melvin,8
CT,M,2006,Nico,8
CT,M,2006,Pablo,8
CT,M,2006,Pierce,8
CT,M,2006,Quincy,8
CT,M,2006,Randy,8
CT,M,2006,Raul,8
CT,M,2006,Rhys,8
CT,M,2006,Ronald,8
CT,M,2006,Sergio,8
CT,M,2006,Shaun,8
CT,M,2006,Tony,8
CT,M,2006,Trevon,8
CT,M,2006,Aden,7
CT,M,2006,Alessandro,7
CT,M,2006,Amari,7
CT,M,2006,Armani,7
CT,M,2006,Bennett,7
CT,M,2006,Carl,7
CT,M,2006,Carmine,7
CT,M,2006,Damion,7
CT,M,2006,Danny,7
CT,M,2006,Darren,7
CT,M,2006,Dawson,7
CT,M,2006,Desmond,7
CT,M,2006,Donte,7
CT,M,2006,Fabian,7
CT,M,2006,Harry,7
CT,M,2006,Javon,7
CT,M,2006,Jermaine,7
CT,M,2006,Jomar,7
CT,M,2006,Jonas,7
CT,M,2006,Julien,7
CT,M,2006,Kayden,7
CT,M,2006,Lamar,7
CT,M,2006,Malik,7
CT,M,2006,Maxim,7
CT,M,2006,Maximus,7
CT,M,2006,Neil,7
CT,M,2006,Orlando,7
CT,M,2006,Ray,7
CT,M,2006,Ronnie,7
CT,M,2006,Russell,7
CT,M,2006,Skyler,7
CT,M,2006,Terrence,7
CT,M,2006,Tobias,7
CT,M,2006,Tyson,7
CT,M,2006,Wilson,7
CT,M,2006,Zaire,7
CT,M,2006,Zander,7
CT,M,2006,Aedan,6
CT,M,2006,Alberto,6
CT,M,2006,Aleksander,6
CT,M,2006,Brendon,6
CT,M,2006,Byron,6
CT,M,2006,Camrin,6
CT,M,2006,Cyrus,6
CT,M,2006,Darwin,6
CT,M,2006,Davian,6
CT,M,2006,Dean,6
CT,M,2006,Deven,6
CT,M,2006,Efrain,6
CT,M,2006,Elliott,6
CT,M,2006,Emerson,6
CT,M,2006,Esteban,6
CT,M,2006,Filip,6
CT,M,2006,Finnian,6
CT,M,2006,Francesco,6
CT,M,2006,Frankie,6
CT,M,2006,Franklin,6
CT,M,2006,Freddy,6
CT,M,2006,Grayson,6
CT,M,2006,Gunnar,6
CT,M,2006,Gustavo,6
CT,M,2006,Hudson,6
CT,M,2006,Ismael,6
CT,M,2006,Jamir,6
CT,M,2006,Jayvon,6
CT,M,2006,Jimmy,6
CT,M,2006,Joaquin,6
CT,M,2006,Johnny,6
CT,M,2006,Jovanni,6
CT,M,2006,Julio,6
CT,M,2006,Justice,6
CT,M,2006,Justus,6
CT,M,2006,Khalil,6
CT,M,2006,Kobe,6
CT,M,2006,Lance,6
CT,M,2006,Lucian,6
CT,M,2006,Marlon,6
CT,M,2006,Marshall,6
CT,M,2006,Marvin,6
CT,M,2006,Mateusz,6
CT,M,2006,Maurice,6
CT,M,2006,Maximilian,6
CT,M,2006,Moises,6
CT,M,2006,Morgan,6
CT,M,2006,Muhammad,6
CT,M,2006,Raphael,6
CT,M,2006,Rashad,6
CT,M,2006,Roger,6
CT,M,2006,Romeo,6
CT,M,2006,Rory,6
CT,M,2006,Salvatore,6
CT,M,2006,Shamar,6
CT,M,2006,Siddharth,6
CT,M,2006,Sincere,6
CT,M,2006,Taylor,6
CT,M,2006,Trent,6
CT,M,2006,Walter,6
CT,M,2006,Warren,6
CT,M,2006,Will,6
CT,M,2006,Aarav,5
CT,M,2006,Abel,5
CT,M,2006,Ahmed,5
CT,M,2006,Alexandre,5
CT,M,2006,Arjun,5
CT,M,2006,Aron,5
CT,M,2006,Beckett,5
CT,M,2006,Ben,5
CT,M,2006,Bernard,5
CT,M,2006,Brayan,5
CT,M,2006,Bruce,5
CT,M,2006,Bryson,5
CT,M,2006,Carmelo,5
CT,M,2006,Damon,5
CT,M,2006,Dario,5
CT,M,2006,Deandre,5
CT,M,2006,Demetrius,5
CT,M,2006,Dereck,5
CT,M,2006,Devan,5
CT,M,2006,Dwayne,5
CT,M,2006,Eddie,5
CT,M,2006,Edgar,5
CT,M,2006,Edison,5
CT,M,2006,Enrique,5
CT,M,2006,Gary,5
CT,M,2006,Giancarlo,5
CT,M,2006,Giovanny,5
CT,M,2006,Glenn,5
CT,M,2006,Jadiel,5
CT,M,2006,Jadon,5
CT,M,2006,Jahki,5
CT,M,2006,Jairo,5
CT,M,2006,Jamari,5
CT,M,2006,Jamison,5
CT,M,2006,Jan,5
CT,M,2006,Jaydin,5
CT,M,2006,Jaylon,5
CT,M,2006,Jeffery,5
CT,M,2006,Jerry,5
CT,M,2006,Joe,5
CT,M,2006,Jon,5
CT,M,2006,Kacper,5
CT,M,2006,Kamari,5
CT,M,2006,Kameron,5
CT,M,2006,Karl,5
CT,M,2006,Kolby,5
CT,M,2006,Kole,5
CT,M,2006,Lachlan,5
CT,M,2006,Lamont,5
CT,M,2006,Landen,5
CT,M,2006,Layne,5
CT,M,2006,Lee,5
CT,M,2006,Lincoln,5
CT,M,2006,Luciano,5
CT,M,2006,Lucien,5
CT,M,2006,Maddox,5
CT,M,2006,Makai,5
CT,M,2006,Makhi,5
CT,M,2006,Massimo,5
CT,M,2006,Mauricio,5
CT,M,2006,Mohammed,5
CT,M,2006,Mustafa,5
CT,M,2006,Nazir,5
CT,M,2006,Nigel,5
CT,M,2006,Niko,5
CT,M,2006,Patryk,5
CT,M,2006,Phoenix,5
CT,M,2006,Quentin,5
CT,M,2006,Ramon,5
CT,M,2006,Rashaun,5
CT,M,2006,Rayan,5
CT,M,2006,Reed,5
CT,M,2006,Reid,5
CT,M,2006,Reynaldo,5
CT,M,2006,Ricky,5
CT,M,2006,Rodolfo,5
CT,M,2006,Roy,5
CT,M,2006,Samir,5
CT,M,2006,Santiago,5
CT,M,2006,Seamus,5
CT,M,2006,Sebastien,5
CT,M,2006,Terrance,5
CT,M,2006,Terrell,5
CT,M,2006,Tomas,5
CT,M,2006,Trenton,5
CT,M,2006,Tyree,5
CT,M,2006,Tyrell,5
CT,M,2006,Yadiel,5
CT,M,2006,Zain,5
CT,M,2007,Michael,317
CT,M,2007,Matthew,289
CT,M,2007,Ryan,289
CT,M,2007,Joseph,275
CT,M,2007,Anthony,264
CT,M,2007,Alexander,258
CT,M,2007,William,246
CT,M,2007,Nicholas,241
CT,M,2007,Christopher,236
CT,M,2007,Jacob,235
CT,M,2007,Daniel,220
CT,M,2007,Joshua,217
CT,M,2007,Jayden,216
CT,M,2007,Jack,209
CT,M,2007,John,205
CT,M,2007,Andrew,202
CT,M,2007,Tyler,196
CT,M,2007,Ethan,186
CT,M,2007,Nathan,176
CT,M,2007,James,165
CT,M,2007,Logan,161
CT,M,2007,Benjamin,160
CT,M,2007,Noah,159
CT,M,2007,David,150
CT,M,2007,Thomas,148
CT,M,2007,Samuel,147
CT,M,2007,Aiden,145
CT,M,2007,Evan,140
CT,M,2007,Dylan,138
CT,M,2007,Christian,137
CT,M,2007,Justin,136
CT,M,2007,Jonathan,132
CT,M,2007,Lucas,130
CT,M,2007,Zachary,127
CT,M,2007,Gabriel,124
CT,M,2007,Connor,120
CT,M,2007,Owen,120
CT,M,2007,Gavin,119
CT,M,2007,Aidan,115
CT,M,2007,Luke,115
CT,M,2007,Liam,111
CT,M,2007,Elijah,107
CT,M,2007,Kevin,107
CT,M,2007,Robert,104
CT,M,2007,Jason,103
CT,M,2007,Jordan,103
CT,M,2007,Charles,101
CT,M,2007,Mason,98
CT,M,2007,Cameron,96
CT,M,2007,Angel,95
CT,M,2007,Brandon,93
CT,M,2007,Jackson,86
CT,M,2007,Sean,86
CT,M,2007,Nathaniel,85
CT,M,2007,Isaiah,84
CT,M,2007,Jake,84
CT,M,2007,Xavier,82
CT,M,2007,Kyle,80
CT,M,2007,Jeremiah,79
CT,M,2007,Caleb,78
CT,M,2007,Eric,78
CT,M,2007,Austin,77
CT,M,2007,Alex,75
CT,M,2007,Aaron,74
CT,M,2007,Jose,71
CT,M,2007,Adam,70
CT,M,2007,Brian,70
CT,M,2007,Julian,69
CT,M,2007,Ian,68
CT,M,2007,Henry,66
CT,M,2007,Sebastian,64
CT,M,2007,Patrick,63
CT,M,2007,Colin,62
CT,M,2007,Jaden,62
CT,M,2007,Chase,61
CT,M,2007,Cole,61
CT,M,2007,Luis,61
CT,M,2007,Adrian,59
CT,M,2007,Peter,59
CT,M,2007,Timothy,59
CT,M,2007,Brady,57
CT,M,2007,Dominic,57
CT,M,2007,Antonio,56
CT,M,2007,Isaac,54
CT,M,2007,Oliver,53
CT,M,2007,Tristan,53
CT,M,2007,Giovanni,52
CT,M,2007,Josiah,51
CT,M,2007,Jeremy,50
CT,M,2007,Brendan,47
CT,M,2007,Derek,47
CT,M,2007,Edward,47
CT,M,2007,Hunter,47
CT,M,2007,Maxwell,47
CT,M,2007,Richard,46
CT,M,2007,Carlos,44
CT,M,2007,Max,44
CT,M,2007,Nicolas,44
CT,M,2007,Bryan,43
CT,M,2007,Cooper,43
CT,M,2007,Mark,41
CT,M,2007,Shane,41
CT,M,2007,Miguel,40
CT,M,2007,Brayden,39
CT,M,2007,Steven,39
CT,M,2007,George,37
CT,M,2007,Dante,36
CT,M,2007,Paul,36
CT,M,2007,Bryce,35
CT,M,2007,Devin,35
CT,M,2007,Trevor,35
CT,M,2007,Ayden,34
CT,M,2007,Jeffrey,34
CT,M,2007,Cody,33
CT,M,2007,Jaiden,32
CT,M,2007,Blake,31
CT,M,2007,Brody,31
CT,M,2007,Joel,31
CT,M,2007,Juan,31
CT,M,2007,Spencer,31
CT,M,2007,Stephen,31
CT,M,2007,Vincent,31
CT,M,2007,Caden,30
CT,M,2007,Landon,30
CT,M,2007,Marcus,30
CT,M,2007,Riley,30
CT,M,2007,Victor,30
CT,M,2007,Wyatt,30
CT,M,2007,Alexis,29
CT,M,2007,Carter,29
CT,M,2007,Edwin,29
CT,M,2007,Quinn,28
CT,M,2007,Diego,27
CT,M,2007,Erik,27
CT,M,2007,Elias,26
CT,M,2007,Hayden,26
CT,M,2007,Jared,26
CT,M,2007,Jonah,26
CT,M,2007,Raymond,26
CT,M,2007,Eli,25
CT,M,2007,Luca,25
CT,M,2007,Nolan,25
CT,M,2007,Omar,25
CT,M,2007,Parker,25
CT,M,2007,Collin,24
CT,M,2007,Kenneth,24
CT,M,2007,Travis,24
CT,M,2007,Andre,23
CT,M,2007,Marco,23
CT,M,2007,Shawn,23
CT,M,2007,Jesse,22
CT,M,2007,Kayden,22
CT,M,2007,Malachi,22
CT,M,2007,Oscar,22
CT,M,2007,Theodore,22
CT,M,2007,Cristian,21
CT,M,2007,Drew,21
CT,M,2007,Frank,21
CT,M,2007,Lukas,21
CT,M,2007,Peyton,21
CT,M,2007,Preston,21
CT,M,2007,Dominick,20
CT,M,2007,Jorge,20
CT,M,2007,Leonardo,20
CT,M,2007,Colton,19
CT,M,2007,Gregory,19
CT,M,2007,Hector,19
CT,M,2007,Javier,19
CT,M,2007,Martin,19
CT,M,2007,Miles,19
CT,M,2007,Rafael,19
CT,M,2007,Erick,18
CT,M,2007,Garrett,18
CT,M,2007,Jesus,18
CT,M,2007,Lorenzo,18
CT,M,2007,Louis,18
CT,M,2007,Mario,18
CT,M,2007,Pedro,18
CT,M,2007,Avery,17
CT,M,2007,Brennan,17
CT,M,2007,Damien,17
CT,M,2007,Harrison,17
CT,M,2007,Jameson,17
CT,M,2007,Josue,17
CT,M,2007,Mateo,17
CT,M,2007,Nasir,17
CT,M,2007,Philip,17
CT,M,2007,Rocco,17
CT,M,2007,Sawyer,17
CT,M,2007,Scott,17
CT,M,2007,Seth,17
CT,M,2007,Tanner,17
CT,M,2007,Amir,16
CT,M,2007,Arthur,16
CT,M,2007,Calvin,16
CT,M,2007,Colby,16
CT,M,2007,Declan,16
CT,M,2007,Griffin,16
CT,M,2007,Johnathan,16
CT,M,2007,Julius,16
CT,M,2007,Manuel,16
CT,M,2007,Troy,16
CT,M,2007,Braeden,15
CT,M,2007,Camden,15
CT,M,2007,Devon,15
CT,M,2007,Donovan,15
CT,M,2007,Everett,15
CT,M,2007,Grant,15
CT,M,2007,Ivan,15
CT,M,2007,Lincoln,15
CT,M,2007,Nico,15
CT,M,2007,Ricardo,15
CT,M,2007,Rohan,15
CT,M,2007,Wesley,15
CT,M,2007,Angelo,14
CT,M,2007,Asher,14
CT,M,2007,Conor,14
CT,M,2007,Emmanuel,14
CT,M,2007,Finn,14
CT,M,2007,Francisco,14
CT,M,2007,Jayson,14
CT,M,2007,Julio,14
CT,M,2007,Kaleb,14
CT,M,2007,Micah,14
CT,M,2007,Alan,13
CT,M,2007,Andres,13
CT,M,2007,Andy,13
CT,M,2007,Cayden,13
CT,M,2007,Dillon,13
CT,M,2007,Gage,13
CT,M,2007,Jalen,13
CT,M,2007,Kaden,13
CT,M,2007,Kaiden,13
CT,M,2007,Leo,13
CT,M,2007,Matteo,13
CT,M,2007,Maximilian,13
CT,M,2007,Phillip,13
CT,M,2007,Reid,13
CT,M,2007,Roberto,13
CT,M,2007,Roman,13
CT,M,2007,Russell,13
CT,M,2007,Anderson,12
CT,M,2007,Braden,12
CT,M,2007,Cesar,12
CT,M,2007,Edgar,12
CT,M,2007,Grayson,12
CT,M,2007,Jaylen,12
CT,M,2007,Luciano,12
CT,M,2007,Marc,12
CT,M,2007,Ronald,12
CT,M,2007,Rowan,12
CT,M,2007,Sam,12
CT,M,2007,Santiago,12
CT,M,2007,Simon,12
CT,M,2007,Trenton,12
CT,M,2007,Ty,12
CT,M,2007,Amari,11
CT,M,2007,Bradley,11
CT,M,2007,Carson,11
CT,M,2007,Chris,11
CT,M,2007,Damian,11
CT,M,2007,Dean,11
CT,M,2007,Emanuel,11
CT,M,2007,Fernando,11
CT,M,2007,Giuseppe,11
CT,M,2007,Graham,11
CT,M,2007,Israel,11
CT,M,2007,Jace,11
CT,M,2007,Mekhi,11
CT,M,2007,Trey,11
CT,M,2007,Zion,11
CT,M,2007,Ali,10
CT,M,2007,Ariel,10
CT,M,2007,Aryan,10
CT,M,2007,Brett,10
CT,M,2007,Chance,10
CT,M,2007,Corey,10
CT,M,2007,Felix,10
CT,M,2007,Grady,10
CT,M,2007,Hudson,10
CT,M,2007,Jakob,10
CT,M,2007,Keegan,10
CT,M,2007,Maximus,10
CT,M,2007,Nehemiah,10
CT,M,2007,Nikolas,10
CT,M,2007,Randy,10
CT,M,2007,Ryder,10
CT,M,2007,Aedan,9
CT,M,2007,Alec,9
CT,M,2007,Aydan,9
CT,M,2007,Bennett,9
CT,M,2007,Boden,9
CT,M,2007,Brenden,9
CT,M,2007,Bruno,9
CT,M,2007,Darius,9
CT,M,2007,Eduardo,9
CT,M,2007,Fabian,9
CT,M,2007,Jayce,9
CT,M,2007,Julien,9
CT,M,2007,Keith,9
CT,M,2007,Kelvin,9
CT,M,2007,Khalil,9
CT,M,2007,Kieran,9
CT,M,2007,Lawrence,9
CT,M,2007,Maddox,9
CT,M,2007,Malik,9
CT,M,2007,Mathew,9
CT,M,2007,Ronan,9
CT,M,2007,Shaun,9
CT,M,2007,Silas,9
CT,M,2007,Taylor,9
CT,M,2007,Trent,9
CT,M,2007,Tucker,9
CT,M,2007,Yadiel,9
CT,M,2007,Yandel,9
CT,M,2007,Zyaire,9
CT,M,2007,Ahmed,8
CT,M,2007,Alejandro,8
CT,M,2007,Alessandro,8
CT,M,2007,Amare,8
CT,M,2007,Arjun,8
CT,M,2007,August,8
CT,M,2007,Carmelo,8
CT,M,2007,Casey,8
CT,M,2007,Dakota,8
CT,M,2007,Damon,8
CT,M,2007,Emerson,8
CT,M,2007,Ezequiel,8
CT,M,2007,Gianni,8
CT,M,2007,Ibrahim,8
CT,M,2007,Jadiel,8
CT,M,2007,Jamison,8
CT,M,2007,Javon,8
CT,M,2007,Jonas,8
CT,M,2007,Kai,8
CT,M,2007,Krish,8
CT,M,2007,Matheus,8
CT,M,2007,Maurice,8
CT,M,2007,Mohamed,8
CT,M,2007,Myles,8
CT,M,2007,Nathanael,8
CT,M,2007,Nelson,8
CT,M,2007,Noel,8
CT,M,2007,Orlando,8
CT,M,2007,Quincy,8
CT,M,2007,Romeo,8
CT,M,2007,Salvatore,8
CT,M,2007,Skyler,8
CT,M,2007,Tyrell,8
CT,M,2007,Zackary,8
CT,M,2007,Aden,7
CT,M,2007,Alijah,7
CT,M,2007,Allen,7
CT,M,2007,Ari,7
CT,M,2007,Ashton,7
CT,M,2007,Axel,7
CT,M,2007,Aydin,7
CT,M,2007,Conner,7
CT,M,2007,Craig,7
CT,M,2007,Darren,7
CT,M,2007,Derrick,7
CT,M,2007,Donald,7
CT,M,2007,Elliott,7
CT,M,2007,Finnegan,7
CT,M,2007,Gary,7
CT,M,2007,Gustavo,7
CT,M,2007,Harry,7
CT,M,2007,Isiah,7
CT,M,2007,Ismael,7
CT,M,2007,Izaiah,7
CT,M,2007,Jaylin,7
CT,M,2007,Jayvon,7
CT,M,2007,Jermaine,7
CT,M,2007,Johan,7
CT,M,2007,Jorden,7
CT,M,2007,Jude,7
CT,M,2007,Justice,7
CT,M,2007,Kameron,7
CT,M,2007,Marcos,7
CT,M,2007,Massimo,7
CT,M,2007,Melvin,7
CT,M,2007,Morgan,7
CT,M,2007,Nickolas,7
CT,M,2007,Omari,7
CT,M,2007,Raul,7
CT,M,2007,Reed,7
CT,M,2007,Roger,7
CT,M,2007,Sergio,7
CT,M,2007,Sincere,7
CT,M,2007,Zackery,7
CT,M,2007,Zane,7
CT,M,2007,Abraham,6
CT,M,2007,Alberto,6
CT,M,2007,Alexavier,6
CT,M,2007,Armani,6
CT,M,2007,Ayaan,6
CT,M,2007,Ben,6
CT,M,2007,Benicio,6
CT,M,2007,Charlie,6
CT,M,2007,Cristopher,6
CT,M,2007,Damion,6
CT,M,2007,Danny,6
CT,M,2007,Dennis,6
CT,M,2007,Domenic,6
CT,M,2007,Elliot,6
CT,M,2007,Elvin,6
CT,M,2007,Felipe,6
CT,M,2007,Francis,6
CT,M,2007,Greyson,6
CT,M,2007,Holden,6
CT,M,2007,Hugo,6
CT,M,2007,Jaeden,6
CT,M,2007,Jamal,6
CT,M,2007,Jefferson,6
CT,M,2007,Jerry,6
CT,M,2007,Joaopedro,6
CT,M,2007,Johnny,6
CT,M,2007,Jomar,6
CT,M,2007,Jonathon,6
CT,M,2007,Juelz,6
CT,M,2007,Karl,6
CT,M,2007,Kason,6
CT,M,2007,Kellen,6
CT,M,2007,Kenny,6
CT,M,2007,Kymani,6
CT,M,2007,Leland,6
CT,M,2007,Leon,6
CT,M,2007,Marquis,6
CT,M,2007,Marvin,6
CT,M,2007,Nazir,6
CT,M,2007,Quentin,6
CT,M,2007,Quinton,6
CT,M,2007,Ramon,6
CT,M,2007,Raphael,6
CT,M,2007,Rory,6
CT,M,2007,Ruben,6
CT,M,2007,Toby,6
CT,M,2007,Tomas,6
CT,M,2007,Tyshawn,6
CT,M,2007,Walter,6
CT,M,2007,Willie,6
CT,M,2007,Zander,6
CT,M,2007,Aarav,5
CT,M,2007,Albert,5
CT,M,2007,Alden,5
CT,M,2007,Alvin,5
CT,M,2007,Arnav,5
CT,M,2007,Billy,5
CT,M,2007,Branden,5
CT,M,2007,Braydon,5
CT,M,2007,Brock,5
CT,M,2007,Brodie,5
CT,M,2007,Bryson,5
CT,M,2007,Camron,5
CT,M,2007,Carlo,5
CT,M,2007,Carmine,5
CT,M,2007,Clayton,5
CT,M,2007,Cory,5
CT,M,2007,Cristiano,5
CT,M,2007,Cristofer,5
CT,M,2007,Deacon,5
CT,M,2007,Derick,5
CT,M,2007,Dhruv,5
CT,M,2007,Dimitri,5
CT,M,2007,Dominik,5
CT,M,2007,Douglas,5
CT,M,2007,Elian,5
CT,M,2007,Eliel,5
CT,M,2007,Eliezer,5
CT,M,2007,Emiliano,5
CT,M,2007,Emmet,5
CT,M,2007,Enzo,5
CT,M,2007,Frederick,5
CT,M,2007,Giancarlo,5
CT,M,2007,Gianluca,5
CT,M,2007,Guilherme,5
CT,M,2007,Isaias,5
CT,M,2007,Jacoby,5
CT,M,2007,Jaedyn,5
CT,M,2007,Jakub,5
CT,M,2007,Jandel,5
CT,M,2007,Jariel,5
CT,M,2007,Jasper,5
CT,M,2007,Jaxon,5
CT,M,2007,Jay,5
CT,M,2007,Jean,5
CT,M,2007,Jeffery,5
CT,M,2007,Jeriel,5
CT,M,2007,Jovan,5
CT,M,2007,Jovanni,5
CT,M,2007,Kamari,5
CT,M,2007,Kamil,5
CT,M,2007,Keven,5
CT,M,2007,Kristopher,5
CT,M,2007,Lance,5
CT,M,2007,Larry,5
CT,M,2007,Lars,5
CT,M,2007,Levi,5
CT,M,2007,Makhi,5
CT,M,2007,Marcel,5
CT,M,2007,Marlon,5
CT,M,2007,Mauricio,5
CT,M,2007,Messiah,5
CT,M,2007,Milo,5
CT,M,2007,Mitchell,5
CT,M,2007,Neil,5
CT,M,2007,Nikhil,5
CT,M,2007,Porter,5
CT,M,2007,Quintin,5
CT,M,2007,Ray,5
CT,M,2007,Rodrigo,5
CT,M,2007,Ryley,5
CT,M,2007,Santino,5
CT,M,2007,Seamus,5
CT,M,2007,Shayne,5
CT,M,2007,Stefan,5
CT,M,2007,Syncere,5
CT,M,2007,Talon,5
CT,M,2007,Teagan,5
CT,M,2007,Terrance,5
CT,M,2007,Tobias,5
CT,M,2007,Tristian,5
CT,M,2007,Xander,5
CT,M,2007,Yahir,5
CT,M,2007,Zain,5
CT,M,2008,Michael,319
CT,M,2008,Matthew,266
CT,M,2008,Ryan,265
CT,M,2008,Alexander,256
CT,M,2008,Jacob,249
CT,M,2008,Christopher,242
CT,M,2008,William,233
CT,M,2008,Anthony,226
CT,M,2008,Nicholas,211
CT,M,2008,Andrew,210
CT,M,2008,Joseph,210
CT,M,2008,Jayden,205
CT,M,2008,Daniel,195
CT,M,2008,John,194
CT,M,2008,Tyler,190
CT,M,2008,Jack,179
CT,M,2008,Joshua,179
CT,M,2008,Ethan,173
CT,M,2008,James,173
CT,M,2008,Dylan,160
CT,M,2008,Aiden,155
CT,M,2008,Logan,153
CT,M,2008,Nathan,153
CT,M,2008,Benjamin,152
CT,M,2008,David,147
CT,M,2008,Justin,144
CT,M,2008,Gabriel,142
CT,M,2008,Noah,139
CT,M,2008,Thomas,138
CT,M,2008,Samuel,136
CT,M,2008,Jonathan,129
CT,M,2008,Gavin,128
CT,M,2008,Lucas,121
CT,M,2008,Christian,120
CT,M,2008,Evan,115
CT,M,2008,Zachary,115
CT,M,2008,Elijah,113
CT,M,2008,Luke,112
CT,M,2008,Owen,110
CT,M,2008,Connor,106
CT,M,2008,Aidan,99
CT,M,2008,Robert,98
CT,M,2008,Angel,97
CT,M,2008,Jason,96
CT,M,2008,Kevin,96
CT,M,2008,Jordan,95
CT,M,2008,Mason,95
CT,M,2008,Brandon,94
CT,M,2008,Julian,93
CT,M,2008,Jake,92
CT,M,2008,Jackson,91
CT,M,2008,Cole,90
CT,M,2008,Charles,89
CT,M,2008,Liam,87
CT,M,2008,Cameron,86
CT,M,2008,Sean,86
CT,M,2008,Chase,80
CT,M,2008,Nathaniel,80
CT,M,2008,Caleb,78
CT,M,2008,Alex,74
CT,M,2008,Isaiah,72
CT,M,2008,Xavier,71
CT,M,2008,Henry,70
CT,M,2008,Jeremiah,69
CT,M,2008,Adam,66
CT,M,2008,Jose,66
CT,M,2008,Kyle,65
CT,M,2008,Adrian,63
CT,M,2008,Colin,62
CT,M,2008,Patrick,61
CT,M,2008,Sebastian,61
CT,M,2008,Austin,58
CT,M,2008,Brady,57
CT,M,2008,Brian,57
CT,M,2008,Carter,57
CT,M,2008,Luis,56
CT,M,2008,Peter,55
CT,M,2008,Aaron,54
CT,M,2008,Brayden,54
CT,M,2008,Dominic,54
CT,M,2008,Ian,54
CT,M,2008,Isaac,54
CT,M,2008,Richard,54
CT,M,2008,Steven,51
CT,M,2008,Blake,49
CT,M,2008,Eric,49
CT,M,2008,Oliver,49
CT,M,2008,Tristan,49
CT,M,2008,Jaden,48
CT,M,2008,Jeremy,47
CT,M,2008,Shane,47
CT,M,2008,Ayden,46
CT,M,2008,Landon,46
CT,M,2008,Max,46
CT,M,2008,Bryan,45
CT,M,2008,Hunter,45
CT,M,2008,Devin,43
CT,M,2008,Jaiden,42
CT,M,2008,Josiah,42
CT,M,2008,Timothy,42
CT,M,2008,Edward,41
CT,M,2008,Antonio,40
CT,M,2008,Cooper,40
CT,M,2008,Joel,40
CT,M,2008,Maxwell,40
CT,M,2008,Wyatt,40
CT,M,2008,Brody,39
CT,M,2008,Caden,39
CT,M,2008,Brendan,38
CT,M,2008,Carlos,38
CT,M,2008,Edwin,38
CT,M,2008,Giovanni,37
CT,M,2008,Mark,37
CT,M,2008,Hayden,35
CT,M,2008,Paul,35
CT,M,2008,Collin,33
CT,M,2008,Derek,33
CT,M,2008,Kenneth,33
CT,M,2008,Luca,33
CT,M,2008,Cody,32
CT,M,2008,Parker,32
CT,M,2008,Marcus,31
CT,M,2008,Miguel,31
CT,M,2008,Nicolas,31
CT,M,2008,Victor,31
CT,M,2008,Jaylen,30
CT,M,2008,Riley,30
CT,M,2008,Trevor,30
CT,M,2008,Eli,29
CT,M,2008,Griffin,29
CT,M,2008,Juan,29
CT,M,2008,Diego,28
CT,M,2008,Harrison,28
CT,M,2008,Jonah,28
CT,M,2008,Bryce,27
CT,M,2008,Elias,27
CT,M,2008,Vincent,26
CT,M,2008,Javier,25
CT,M,2008,Kaleb,25
CT,M,2008,Kayden,25
CT,M,2008,Nolan,25
CT,M,2008,Yadiel,25
CT,M,2008,George,24
CT,M,2008,Jeffrey,24
CT,M,2008,Carson,23
CT,M,2008,Cristian,23
CT,M,2008,Grant,23
CT,M,2008,Mateo,23
CT,M,2008,Omar,23
CT,M,2008,Avery,22
CT,M,2008,Colton,22
CT,M,2008,Finn,22
CT,M,2008,Lukas,22
CT,M,2008,Miles,22
CT,M,2008,Rocco,22
CT,M,2008,Shawn,22
CT,M,2008,Travis,22
CT,M,2008,Andre,21
CT,M,2008,Dante,21
CT,M,2008,Jesse,21
CT,M,2008,Jorge,21
CT,M,2008,Kaden,21
CT,M,2008,Rafael,21
CT,M,2008,Spencer,21
CT,M,2008,Alexis,20
CT,M,2008,Dean,20
CT,M,2008,Leo,20
CT,M,2008,Santiago,20
CT,M,2008,Alejandro,19
CT,M,2008,Andres,19
CT,M,2008,Declan,19
CT,M,2008,Emmanuel,19
CT,M,2008,Fernando,19
CT,M,2008,Frank,19
CT,M,2008,Hector,19
CT,M,2008,Hudson,19
CT,M,2008,Oscar,19
CT,M,2008,Ricardo,19
CT,M,2008,Stephen,19
CT,M,2008,Camden,18
CT,M,2008,Jadiel,18
CT,M,2008,Lorenzo,18
CT,M,2008,Theodore,18
CT,M,2008,Andy,17
CT,M,2008,Conor,17
CT,M,2008,Devon,17
CT,M,2008,Drew,17
CT,M,2008,Julius,17
CT,M,2008,Malachi,17
CT,M,2008,Marco,17
CT,M,2008,Raymond,17
CT,M,2008,Sawyer,17
CT,M,2008,Troy,17
CT,M,2008,Braeden,16
CT,M,2008,Cayden,16
CT,M,2008,Garrett,16
CT,M,2008,Grayson,16
CT,M,2008,Jared,16
CT,M,2008,Kaiden,16
CT,M,2008,Lincoln,16
CT,M,2008,Preston,16
CT,M,2008,Asher,15
CT,M,2008,Colby,15
CT,M,2008,Corey,15
CT,M,2008,Dennis,15
CT,M,2008,Dominick,15
CT,M,2008,Erik,15
CT,M,2008,Graham,15
CT,M,2008,Ivan,15
CT,M,2008,Maximilian,15
CT,M,2008,Maximus,15
CT,M,2008,Tanner,15
CT,M,2008,Amari,14
CT,M,2008,Arthur,14
CT,M,2008,Brennan,14
CT,M,2008,Cesar,14
CT,M,2008,Charlie,14
CT,M,2008,Donovan,14
CT,M,2008,Francisco,14
CT,M,2008,Gregory,14
CT,M,2008,Julien,14
CT,M,2008,Mitchell,14
CT,M,2008,Myles,14
CT,M,2008,Nasir,14
CT,M,2008,Nikolas,14
CT,M,2008,Philip,14
CT,M,2008,Randy,14
CT,M,2008,Ryder,14
CT,M,2008,Seth,14
CT,M,2008,Amir,13
CT,M,2008,Anderson,13
CT,M,2008,Ashton,13
CT,M,2008,Felix,13
CT,M,2008,Jace,13
CT,M,2008,Jesus,13
CT,M,2008,Josue,13
CT,M,2008,Louis,13
CT,M,2008,Maddox,13
CT,M,2008,Quinn,13
CT,M,2008,Ronan,13
CT,M,2008,Scott,13
CT,M,2008,Silas,13
CT,M,2008,Walter,13
CT,M,2008,Alan,12
CT,M,2008,Albert,12
CT,M,2008,Ali,12
CT,M,2008,Calvin,12
CT,M,2008,Chris,12
CT,M,2008,Damon,12
CT,M,2008,Eduardo,12
CT,M,2008,Gage,12
CT,M,2008,Johnathan,12
CT,M,2008,Tucker,12
CT,M,2008,Aden,11
CT,M,2008,Allen,11
CT,M,2008,Elliot,11
CT,M,2008,Everett,11
CT,M,2008,Gianni,11
CT,M,2008,Harry,11
CT,M,2008,Jacoby,11
CT,M,2008,Jakob,11
CT,M,2008,Jameson,11
CT,M,2008,Jaxon,11
CT,M,2008,Jude,11
CT,M,2008,Keegan,11
CT,M,2008,Keith,11
CT,M,2008,Kieran,11
CT,M,2008,Mario,11
CT,M,2008,Micah,11
CT,M,2008,Rohan,11
CT,M,2008,Shaun,11
CT,M,2008,Trent,11
CT,M,2008,Tyson,11
CT,M,2008,Wesley,11
CT,M,2008,Yariel,11
CT,M,2008,Braden,10
CT,M,2008,Brett,10
CT,M,2008,Carmine,10
CT,M,2008,Damien,10
CT,M,2008,Jayson,10
CT,M,2008,Jerry,10
CT,M,2008,Justice,10
CT,M,2008,Kelvin,10
CT,M,2008,Leonardo,10
CT,M,2008,Reid,10
CT,M,2008,Savion,10
CT,M,2008,Simon,10
CT,M,2008,Tiago,10
CT,M,2008,Zion,10
CT,M,2008,Aaden,9
CT,M,2008,Abraham,9
CT,M,2008,Alessandro,9
CT,M,2008,Angelo,9
CT,M,2008,Braydon,9
CT,M,2008,Bruce,9
CT,M,2008,Casey,9
CT,M,2008,Dane,9
CT,M,2008,Dillon,9
CT,M,2008,Dustin,9
CT,M,2008,Emanuel,9
CT,M,2008,Emilio,9
CT,M,2008,Esteban,9
CT,M,2008,Finnegan,9
CT,M,2008,Grady,9
CT,M,2008,Greyson,9
CT,M,2008,Ishaan,9
CT,M,2008,Izaiah,9
CT,M,2008,Johan,9
CT,M,2008,Kai,9
CT,M,2008,Kobe,9
CT,M,2008,Leon,9
CT,M,2008,Matteo,9
CT,M,2008,Maurice,9
CT,M,2008,Nelson,9
CT,M,2008,Pedro,9
CT,M,2008,Peyton,9
CT,M,2008,Phillip,9
CT,M,2008,Quincy,9
CT,M,2008,Rowan,9
CT,M,2008,Rylan,9
CT,M,2008,Salvatore,9
CT,M,2008,Seamus,9
CT,M,2008,Tyrell,9
CT,M,2008,Yandel,9
CT,M,2008,Zaire,9
CT,M,2008,Aditya,8
CT,M,2008,Adriel,8
CT,M,2008,Adrien,8
CT,M,2008,Armani,8
CT,M,2008,Beckett,8
CT,M,2008,Bradley,8
CT,M,2008,Brenden,8
CT,M,2008,Camren,8
CT,M,2008,Chance,8
CT,M,2008,Dalton,8
CT,M,2008,Damian,8
CT,M,2008,Donald,8
CT,M,2008,Erick,8
CT,M,2008,Jay,8
CT,M,2008,Jimmy,8
CT,M,2008,Jonas,8
CT,M,2008,Juelz,8
CT,M,2008,Kareem,8
CT,M,2008,Kenny,8
CT,M,2008,Kymani,8
CT,M,2008,Manuel,8
CT,M,2008,Marc,8
CT,M,2008,Marcel,8
CT,M,2008,Martin,8
CT,M,2008,Maxim,8
CT,M,2008,Melvin,8
CT,M,2008,Nathanael,8
CT,M,2008,Nico,8
CT,M,2008,Pablo,8
CT,M,2008,Phoenix,8
CT,M,2008,Romeo,8
CT,M,2008,Sam,8
CT,M,2008,Sincere,8
CT,M,2008,Taylor,8
CT,M,2008,Trey,8
CT,M,2008,Alvin,7
CT,M,2008,Axel,7
CT,M,2008,Brodie,7
CT,M,2008,Bryson,7
CT,M,2008,Carmelo,7
CT,M,2008,Conner,7
CT,M,2008,Corbin,7
CT,M,2008,Craig,7
CT,M,2008,Domenic,7
CT,M,2008,Douglas,7
CT,M,2008,Edgar,7
CT,M,2008,Eliezer,7
CT,M,2008,Emerson,7
CT,M,2008,Ezekiel,7
CT,M,2008,Ezra,7
CT,M,2008,Francis,7
CT,M,2008,Gary,7
CT,M,2008,Gunnar,7
CT,M,2008,Jaeden,7
CT,M,2008,Jaidyn,7
CT,M,2008,Jakub,7
CT,M,2008,Jaxson,7
CT,M,2008,Jermaine,7
CT,M,2008,Kacper,7
CT,M,2008,Kamari,7
CT,M,2008,Keaton,7
CT,M,2008,Kellen,7
CT,M,2008,Lachlan,7
CT,M,2008,Lawrence,7
CT,M,2008,Makai,7
CT,M,2008,Malik,7
CT,M,2008,Marcello,7
CT,M,2008,Matheus,7
CT,M,2008,Mekhi,7
CT,M,2008,Mohammed,7
CT,M,2008,Omari,7
CT,M,2008,Orlando,7
CT,M,2008,Pierce,7
CT,M,2008,Raul,7
CT,M,2008,Roman,7
CT,M,2008,Ronald,7
CT,M,2008,Russell,7
CT,M,2008,Sergio,7
CT,M,2008,Todd,7
CT,M,2008,Tyshawn,7
CT,M,2008,Aarush,6
CT,M,2008,Ahmed,6
CT,M,2008,Alijah,6
CT,M,2008,Ari,6
CT,M,2008,Arjun,6
CT,M,2008,Aydin,6
CT,M,2008,Braedan,6
CT,M,2008,Caiden,6
CT,M,2008,Callum,6
CT,M,2008,Camron,6
CT,M,2008,Desmond,6
CT,M,2008,Dorian,6
CT,M,2008,Efrain,6
CT,M,2008,Enzo,6
CT,M,2008,Ezequiel,6
CT,M,2008,Frederick,6
CT,M,2008,Giancarlo,6
CT,M,2008,Glenn,6
CT,M,2008,Hugo,6
CT,M,2008,Israel,6
CT,M,2008,Jamir,6
CT,M,2008,Javon,6
CT,M,2008,Johnny,6
CT,M,2008,Jovan,6
CT,M,2008,Julio,6
CT,M,2008,Kevon,6
CT,M,2008,Khalil,6
CT,M,2008,Landen,6
CT,M,2008,Leandro,6
CT,M,2008,Levi,6
CT,M,2008,Luciano,6
CT,M,2008,Makhi,6
CT,M,2008,Maksim,6
CT,M,2008,Marvin,6
CT,M,2008,Mathew,6
CT,M,2008,Miller,6
CT,M,2008,Milo,6
CT,M,2008,Muhammad,6
CT,M,2008,Raphael,6
CT,M,2008,Roberto,6
CT,M,2008,Terrell,6
CT,M,2008,Tobias,6
CT,M,2008,Trevon,6
CT,M,2008,Ty,6
CT,M,2008,Vincenzo,6
CT,M,2008,Wilson,6
CT,M,2008,Xander,6
CT,M,2008,Abel,5
CT,M,2008,Addison,5
CT,M,2008,Aedan,5
CT,M,2008,Alec,5
CT,M,2008,Amogh,5
CT,M,2008,Ansh,5
CT,M,2008,Aryan,5
CT,M,2008,August,5
CT,M,2008,Beau,5
CT,M,2008,Bennett,5
CT,M,2008,Brayan,5
CT,M,2008,Brooks,5
CT,M,2008,Bruno,5
CT,M,2008,Carl,5
CT,M,2008,Cash,5
CT,M,2008,Curtis,5
CT,M,2008,Damion,5
CT,M,2008,Danny,5
CT,M,2008,Darius,5
CT,M,2008,Davion,5
CT,M,2008,Domenico,5
CT,M,2008,Donte,5
CT,M,2008,Elliott,5
CT,M,2008,Emery,5
CT,M,2008,Gerald,5
CT,M,2008,Gino,5
CT,M,2008,Graydon,5
CT,M,2008,Holden,5
CT,M,2008,Jadon,5
CT,M,2008,Jaime,5
CT,M,2008,Jalen,5
CT,M,2008,Jamie,5
CT,M,2008,Jamil,5
CT,M,2008,Jariel,5
CT,M,2008,Jasper,5
CT,M,2008,Jayce,5
CT,M,2008,Jaylon,5
CT,M,2008,Jayvon,5
CT,M,2008,Jefferson,5
CT,M,2008,Joe,5
CT,M,2008,Josh,5
CT,M,2008,Jovanni,5
CT,M,2008,Jowell,5
CT,M,2008,Kameron,5
CT,M,2008,Keagan,5
CT,M,2008,Kent,5
CT,M,2008,Killian,5
CT,M,2008,Kody,5
CT,M,2008,Kristopher,5
CT,M,2008,Leland,5
CT,M,2008,Lucian,5
CT,M,2008,Malakai,5
CT,M,2008,Mariano,5
CT,M,2008,Misael,5
CT,M,2008,Mohamed,5
CT,M,2008,Moises,5
CT,M,2008,Nathanial,5
CT,M,2008,Nigel,5
CT,M,2008,Noel,5
CT,M,2008,Phineas,5
CT,M,2008,Pranav,5
CT,M,2008,Quentin,5
CT,M,2008,Quintin,5
CT,M,2008,Ralph,5
CT,M,2008,Ramon,5
CT,M,2008,Reed,5
CT,M,2008,Reese,5
CT,M,2008,Remy,5
CT,M,2008,Roger,5
CT,M,2008,Rory,5
CT,M,2008,Santino,5
CT,M,2008,Stefan,5
CT,M,2008,Steve,5
CT,M,2008,Syed,5
CT,M,2008,Terrance,5
CT,M,2008,Thiago,5
CT,M,2008,Tomasz,5
CT,M,2008,Vikram,5
CT,M,2008,Weston,5
CT,M,2008,Wolfgang,5
CT,M,2008,Yash,5
CT,M,2008,Zackery,5
CT,M,2008,Zane,5
CT,M,2008,Zavier,5
CT,M,2008,Zyaire,5
CT,M,2009,Michael,258
CT,M,2009,Ryan,253
CT,M,2009,Alexander,242
CT,M,2009,Matthew,231
CT,M,2009,Jayden,229
CT,M,2009,Ethan,219
CT,M,2009,William,202
CT,M,2009,Anthony,197
CT,M,2009,Joshua,192
CT,M,2009,Christopher,190
CT,M,2009,Nicholas,186
CT,M,2009,Daniel,185
CT,M,2009,Jacob,185
CT,M,2009,Joseph,183
CT,M,2009,James,179
CT,M,2009,Benjamin,173
CT,M,2009,Andrew,166
CT,M,2009,Tyler,164
CT,M,2009,John,159
CT,M,2009,Aiden,148
CT,M,2009,David,144
CT,M,2009,Jack,144
CT,M,2009,Gabriel,140
CT,M,2009,Nathan,139
CT,M,2009,Samuel,136
CT,M,2009,Dylan,135
CT,M,2009,Evan,135
CT,M,2009,Logan,135
CT,M,2009,Noah,135
CT,M,2009,Christian,130
CT,M,2009,Liam,123
CT,M,2009,Lucas,123
CT,M,2009,Justin,116
CT,M,2009,Jonathan,114
CT,M,2009,Gavin,112
CT,M,2009,Luke,112
CT,M,2009,Connor,111
CT,M,2009,Charles,109
CT,M,2009,Jackson,109
CT,M,2009,Zachary,109
CT,M,2009,Kevin,103
CT,M,2009,Mason,103
CT,M,2009,Elijah,99
CT,M,2009,Thomas,98
CT,M,2009,Robert,97
CT,M,2009,Chase,92
CT,M,2009,Brandon,87
CT,M,2009,Julian,87
CT,M,2009,Owen,87
CT,M,2009,Jason,86
CT,M,2009,Xavier,84
CT,M,2009,Aidan,78
CT,M,2009,Cameron,78
CT,M,2009,Isaiah,77
CT,M,2009,Cole,75
CT,M,2009,Kyle,75
CT,M,2009,Colin,74
CT,M,2009,Jordan,74
CT,M,2009,Adam,69
CT,M,2009,Jake,69
CT,M,2009,Sebastian,69
CT,M,2009,Adrian,68
CT,M,2009,Angel,67
CT,M,2009,Brayden,67
CT,M,2009,Henry,67
CT,M,2009,Nathaniel,67
CT,M,2009,Caleb,65
CT,M,2009,Sean,64
CT,M,2009,Landon,62
CT,M,2009,Jose,59
CT,M,2009,Josiah,59
CT,M,2009,Austin,58
CT,M,2009,Hunter,58
CT,M,2009,Carter,57
CT,M,2009,Jeremiah,57
CT,M,2009,Luis,57
CT,M,2009,Oliver,57
CT,M,2009,Tristan,57
CT,M,2009,Eric,55
CT,M,2009,Isaac,55
CT,M,2009,Luca,54
CT,M,2009,Patrick,53
CT,M,2009,Alex,52
CT,M,2009,Aaron,51
CT,M,2009,Cooper,51
CT,M,2009,Peter,50
CT,M,2009,Edward,49
CT,M,2009,Dominic,48
CT,M,2009,Giovanni,48
CT,M,2009,Wyatt,48
CT,M,2009,Max,46
CT,M,2009,Brady,45
CT,M,2009,Ian,45
CT,M,2009,Brian,41
CT,M,2009,Antonio,40
CT,M,2009,Brody,40
CT,M,2009,Maxwell,40
CT,M,2009,Nicolas,40
CT,M,2009,Bryan,39
CT,M,2009,Eli,39
CT,M,2009,Richard,39
CT,M,2009,Vincent,39
CT,M,2009,Ayden,38
CT,M,2009,George,38
CT,M,2009,Jeremy,37
CT,M,2009,Jadiel,34
CT,M,2009,Blake,33
CT,M,2009,Bryce,33
CT,M,2009,Elias,33
CT,M,2009,Jaden,33
CT,M,2009,Joel,33
CT,M,2009,Marcus,33
CT,M,2009,Mark,33
CT,M,2009,Paul,33
CT,M,2009,Timothy,33
CT,M,2009,Derek,32
CT,M,2009,Carlos,31
CT,M,2009,Kenneth,31
CT,M,2009,Devin,30
CT,M,2009,Trevor,30
CT,M,2009,Edwin,29
CT,M,2009,Jaiden,29
CT,M,2009,Quinn,29
CT,M,2009,Victor,29
CT,M,2009,Hayden,28
CT,M,2009,Jeffrey,28
CT,M,2009,Juan,28
CT,M,2009,Parker,28
CT,M,2009,Riley,28
CT,M,2009,Steven,28
CT,M,2009,Brendan,27
CT,M,2009,Griffin,27
CT,M,2009,Stephen,27
CT,M,2009,Cody,26
CT,M,2009,Miles,26
CT,M,2009,Caden,25
CT,M,2009,Cayden,25
CT,M,2009,Harrison,25
CT,M,2009,Cristian,24
CT,M,2009,Damien,24
CT,M,2009,Grant,24
CT,M,2009,Kayden,24
CT,M,2009,Matteo,24
CT,M,2009,Nolan,24
CT,M,2009,Spencer,24
CT,M,2009,Diego,23
CT,M,2009,Miguel,23
CT,M,2009,Theodore,23
CT,M,2009,Colton,22
CT,M,2009,Julius,22
CT,M,2009,Omar,22
CT,M,2009,Rocco,22
CT,M,2009,Alan,21
CT,M,2009,Raymond,21
CT,M,2009,Alejandro,20
CT,M,2009,Collin,20
CT,M,2009,Preston,20
CT,M,2009,Rafael,20
CT,M,2009,Shane,20
CT,M,2009,Shawn,20
CT,M,2009,Damian,19
CT,M,2009,Gregory,19
CT,M,2009,Jaxon,19
CT,M,2009,Jonah,19
CT,M,2009,Yadiel,19
CT,M,2009,Ashton,18
CT,M,2009,Charlie,18
CT,M,2009,Jayson,18
CT,M,2009,Kai,18
CT,M,2009,Kaleb,18
CT,M,2009,Kieran,18
CT,M,2009,Wesley,18
CT,M,2009,Braden,17
CT,M,2009,Dante,17
CT,M,2009,Declan,17
CT,M,2009,Drew,17
CT,M,2009,Eduardo,17
CT,M,2009,Emmanuel,17
CT,M,2009,Kaden,17
CT,M,2009,Levi,17
CT,M,2009,Malachi,17
CT,M,2009,Mateo,17
CT,M,2009,Micah,17
CT,M,2009,Myles,17
CT,M,2009,Ricardo,17
CT,M,2009,Abraham,16
CT,M,2009,Andre,16
CT,M,2009,Asher,16
CT,M,2009,Brennan,16
CT,M,2009,Erick,16
CT,M,2009,Jacoby,16
CT,M,2009,Jameson,16
CT,M,2009,Jude,16
CT,M,2009,Luciano,16
CT,M,2009,Mario,16
CT,M,2009,Oscar,16
CT,M,2009,Ty,16
CT,M,2009,Amir,15
CT,M,2009,Hudson,15
CT,M,2009,Izaiah,15
CT,M,2009,Jesus,15
CT,M,2009,Leo,15
CT,M,2009,Lorenzo,15
CT,M,2009,Malik,15
CT,M,2009,Peyton,15
CT,M,2009,Shaun,15
CT,M,2009,Travis,15
CT,M,2009,Alexis,14
CT,M,2009,Andy,14
CT,M,2009,Arthur,14
CT,M,2009,Emanuel,14
CT,M,2009,Grayson,14
CT,M,2009,Hector,14
CT,M,2009,Ivan,14
CT,M,2009,Jaylen,14
CT,M,2009,Josue,14
CT,M,2009,Martin,14
CT,M,2009,Rohan,14
CT,M,2009,Sawyer,14
CT,M,2009,Bradley,13
CT,M,2009,Brett,13
CT,M,2009,Devon,13
CT,M,2009,Dillon,13
CT,M,2009,Gianni,13
CT,M,2009,Graham,13
CT,M,2009,Jace,13
CT,M,2009,Jorge,13
CT,M,2009,Kaiden,13
CT,M,2009,Keegan,13
CT,M,2009,Ryder,13
CT,M,2009,Scott,13
CT,M,2009,Zion,13
CT,M,2009,Aaden,12
CT,M,2009,Angelo,12
CT,M,2009,August,12
CT,M,2009,Calvin,12
CT,M,2009,Camden,12
CT,M,2009,Carson,12
CT,M,2009,Frank,12
CT,M,2009,Grady,12
CT,M,2009,Javier,12
CT,M,2009,Jaxson,12
CT,M,2009,Landen,12
CT,M,2009,Louis,12
CT,M,2009,Lukas,12
CT,M,2009,Maddox,12
CT,M,2009,Marco,12
CT,M,2009,Noel,12
CT,M,2009,Santiago,12
CT,M,2009,Silas,12
CT,M,2009,Simon,12
CT,M,2009,Zackary,12
CT,M,2009,Albert,11
CT,M,2009,Anderson,11
CT,M,2009,Andres,11
CT,M,2009,Bennett,11
CT,M,2009,Danny,11
CT,M,2009,Donald,11
CT,M,2009,Donovan,11
CT,M,2009,Enzo,11
CT,M,2009,Erik,11
CT,M,2009,Ezequiel,11
CT,M,2009,Finn,11
CT,M,2009,Gage,11
CT,M,2009,Israel,11
CT,M,2009,Jesse,11
CT,M,2009,Johnathan,11
CT,M,2009,Kauan,11
CT,M,2009,Krish,11
CT,M,2009,Leonardo,11
CT,M,2009,Maximilian,11
CT,M,2009,Maximus,11
CT,M,2009,Pablo,11
CT,M,2009,Roman,11
CT,M,2009,Tyson,11
CT,M,2009,Zane,11
CT,M,2009,Aden,10
CT,M,2009,Alec,10
CT,M,2009,Alessandro,10
CT,M,2009,Armani,10
CT,M,2009,Bryson,10
CT,M,2009,Cesar,10
CT,M,2009,Corey,10
CT,M,2009,Dean,10
CT,M,2009,Garrett,10
CT,M,2009,Harry,10
CT,M,2009,Jasper,10
CT,M,2009,Jimmy,10
CT,M,2009,Johnny,10
CT,M,2009,Jonas,10
CT,M,2009,Keith,10
CT,M,2009,Marcos,10
CT,M,2009,Mekhi,10
CT,M,2009,Neil,10
CT,M,2009,Reed,10
CT,M,2009,Tyshawn,10
CT,M,2009,Vincenzo,10
CT,M,2009,Aditya,9
CT,M,2009,Amari,9
CT,M,2009,Arjun,9
CT,M,2009,Brendon,9
CT,M,2009,Bruce,9
CT,M,2009,Conor,9
CT,M,2009,Francisco,9
CT,M,2009,Jared,9
CT,M,2009,Jay,9
CT,M,2009,Judah,9
CT,M,2009,Kameron,9
CT,M,2009,Marc,9
CT,M,2009,Mitchell,9
CT,M,2009,Nico,9
CT,M,2009,Phillip,9
CT,M,2009,Quincy,9
CT,M,2009,Randy,9
CT,M,2009,Rowan,9
CT,M,2009,Russell,9
CT,M,2009,Trent,9
CT,M,2009,Tristen,9
CT,M,2009,Yandel,9
CT,M,2009,Ali,8
CT,M,2009,Alvin,8
CT,M,2009,Aryan,8
CT,M,2009,Beckett,8
CT,M,2009,Braeden,8
CT,M,2009,Byron,8
CT,M,2009,Chance,8
CT,M,2009,Colby,8
CT,M,2009,Darius,8
CT,M,2009,Darren,8
CT,M,2009,Desmond,8
CT,M,2009,Dominick,8
CT,M,2009,Dominik,8
CT,M,2009,Dustin,8
CT,M,2009,Dwayne,8
CT,M,2009,Edgar,8
CT,M,2009,Elliott,8
CT,M,2009,Emmett,8
CT,M,2009,Fabian,8
CT,M,2009,Felix,8
CT,M,2009,Greyson,8
CT,M,2009,Holden,8
CT,M,2009,Jamal,8
CT,M,2009,Janiel,8
CT,M,2009,Jermaine,8
CT,M,2009,Julio,8
CT,M,2009,Kymani,8
CT,M,2009,Lawrence,8
CT,M,2009,Lincoln,8
CT,M,2009,Mathew,8
CT,M,2009,Philip,8
CT,M,2009,Phoenix,8
CT,M,2009,Raphael,8
CT,M,2009,Roberto,8
CT,M,2009,Tanner,8
CT,M,2009,Terrance,8
CT,M,2009,Weston,8
CT,M,2009,Yariel,8
CT,M,2009,Zaire,8
CT,M,2009,Aedan,7
CT,M,2009,Anish,7
CT,M,2009,Brayan,7
CT,M,2009,Cade,7
CT,M,2009,Caiden,7
CT,M,2009,Casey,7
CT,M,2009,Chace,7
CT,M,2009,Conner,7
CT,M,2009,Craig,7
CT,M,2009,Deandre,7
CT,M,2009,Dennis,7
CT,M,2009,Elliot,7
CT,M,2009,Felipe,7
CT,M,2009,Fernando,7
CT,M,2009,Finnegan,7
CT,M,2009,Frederick,7
CT,M,2009,Jaime,7
CT,M,2009,Jakob,7
CT,M,2009,Jariel,7
CT,M,2009,Jefferson,7
CT,M,2009,Jett,7
CT,M,2009,Johan,7
CT,M,2009,Jomar,7
CT,M,2009,Jovani,7
CT,M,2009,Juelz,7
CT,M,2009,Junior,7
CT,M,2009,Kelvin,7
CT,M,2009,Khalil,7
CT,M,2009,Kyler,7
CT,M,2009,Lamar,7
CT,M,2009,London,7
CT,M,2009,Nehemiah,7
CT,M,2009,Nickolas,7
CT,M,2009,Quentin,7
CT,M,2009,Ronan,7
CT,M,2009,Seth,7
CT,M,2009,Skyler,7
CT,M,2009,Tate,7
CT,M,2009,Taylor,7
CT,M,2009,Trey,7
CT,M,2009,Troy,7
CT,M,2009,Tucker,7
CT,M,2009,Valentino,7
CT,M,2009,Alexandre,6
CT,M,2009,Alexavier,6
CT,M,2009,Allan,6
CT,M,2009,Allen,6
CT,M,2009,Anton,6
CT,M,2009,Avery,6
CT,M,2009,Carl,6
CT,M,2009,Carmelo,6
CT,M,2009,Carmine,6
CT,M,2009,Chad,6
CT,M,2009,Curtis,6
CT,M,2009,Dakota,6
CT,M,2009,Darwin,6
CT,M,2009,Davion,6
CT,M,2009,Dexter,6
CT,M,2009,Douglas,6
CT,M,2009,Eliezer,6
CT,M,2009,Everett,6
CT,M,2009,Ezra,6
CT,M,2009,Filip,6
CT,M,2009,Francis,6
CT,M,2009,Geovanny,6
CT,M,2009,Giovanny,6
CT,M,2009,Grayden,6
CT,M,2009,Ibrahim,6
CT,M,2009,Isaias,6
CT,M,2009,Ishaan,6
CT,M,2009,Jadon,6
CT,M,2009,Jalen,6
CT,M,2009,Josh,6
CT,M,2009,Jovanni,6
CT,M,2009,Justice,6
CT,M,2009,Kareem,6
CT,M,2009,Kenny,6
CT,M,2009,King,6
CT,M,2009,Kingston,6
CT,M,2009,Konrad,6
CT,M,2009,Lucian,6
CT,M,2009,Makai,6
CT,M,2009,Manuel,6
CT,M,2009,Messiah,6
CT,M,2009,Nelson,6
CT,M,2009,Nikolas,6
CT,M,2009,Omari,6
CT,M,2009,Orlando,6
CT,M,2009,Paxton,6
CT,M,2009,Pranav,6
CT,M,2009,Santino,6
CT,M,2009,Terrence,6
CT,M,2009,Tiago,6
CT,M,2009,Vivaan,6
CT,M,2009,Walter,6
CT,M,2009,Xander,6
CT,M,2009,Xzavier,6
CT,M,2009,Yusuf,6
CT,M,2009,Abdullah,5
CT,M,2009,Adriel,5
CT,M,2009,Adrien,5
CT,M,2009,Agustin,5
CT,M,2009,Alberto,5
CT,M,2009,Ayaan,5
CT,M,2009,Bobby,5
CT,M,2009,Boden,5
CT,M,2009,Brodie,5
CT,M,2009,Chris,5
CT,M,2009,Cian,5
CT,M,2009,Colt,5
CT,M,2009,Corbin,5
CT,M,2009,Cyrus,5
CT,M,2009,Darryl,5
CT,M,2009,Davian,5
CT,M,2009,Davis,5
CT,M,2009,Derrick,5
CT,M,2009,Easton,5
CT,M,2009,Eddie,5
CT,M,2009,Emilio,5
CT,M,2009,Ezekiel,5
CT,M,2009,Francesco,5
CT,M,2009,Frankie,5
CT,M,2009,Franklin,5
CT,M,2009,Gary,5
CT,M,2009,Gunnar,5
CT,M,2009,Gustavo,5
CT,M,2009,Ismael,5
CT,M,2009,Jagger,5
CT,M,2009,Jamie,5
CT,M,2009,Jan,5
CT,M,2009,Jasiah,5
CT,M,2009,Jax,5
CT,M,2009,Jayvon,5
CT,M,2009,Jowell,5
CT,M,2009,Julien,5
CT,M,2009,Kamari,5
CT,M,2009,Karl,5
CT,M,2009,Kole,5
CT,M,2009,Leif,5
CT,M,2009,Leonidas,5
CT,M,2009,Malcolm,5
CT,M,2009,Massimo,5
CT,M,2009,Matheus,5
CT,M,2009,Mathias,5
CT,M,2009,Maurice,5
CT,M,2009,Milo,5
CT,M,2009,Mohamed,5
CT,M,2009,Moises,5
CT,M,2009,Morgan,5
CT,M,2009,Nasir,5
CT,M,2009,Nazir,5
CT,M,2009,Pedro,5
CT,M,2009,Prince,5
CT,M,2009,Rashad,5
CT,M,2009,Rayan,5
CT,M,2009,Reece,5
CT,M,2009,Reese,5
CT,M,2009,Reid,5
CT,M,2009,Ricky,5
CT,M,2009,River,5
CT,M,2009,Roger,5
CT,M,2009,Rory,5
CT,M,2009,Rylan,5
CT,M,2009,Sam,5
CT,M,2009,Sergio,5
CT,M,2009,Siddharth,5
CT,M,2009,Solomon,5
CT,M,2009,Stanley,5
CT,M,2009,Theo,5
CT,M,2009,Todd,5
CT,M,2009,Tomas,5
CT,M,2009,Tyrell,5
CT,M,2009,Zyair,5
CT,M,2010,Michael,252
CT,M,2010,Alexander,227
CT,M,2010,Jacob,222
CT,M,2010,Matthew,205
CT,M,2010,Ryan,202
CT,M,2010,Jayden,201
CT,M,2010,William,197
CT,M,2010,Noah,186
CT,M,2010,Christopher,178
CT,M,2010,Ethan,175
CT,M,2010,Anthony,172
CT,M,2010,Mason,167
CT,M,2010,Nicholas,166
CT,M,2010,Joseph,165
CT,M,2010,Tyler,162
CT,M,2010,James,161
CT,M,2010,Andrew,158
CT,M,2010,Joshua,157
CT,M,2010,Jack,155
CT,M,2010,Benjamin,154
CT,M,2010,Dylan,153
CT,M,2010,Aiden,151
CT,M,2010,Logan,151
CT,M,2010,Daniel,146
CT,M,2010,Nathan,145
CT,M,2010,Gabriel,144
CT,M,2010,Lucas,142
CT,M,2010,John,135
CT,M,2010,Liam,135
CT,M,2010,Gavin,128
CT,M,2010,David,125
CT,M,2010,Samuel,124
CT,M,2010,Evan,113
CT,M,2010,Jonathan,113
CT,M,2010,Christian,112
CT,M,2010,Jackson,112
CT,M,2010,Justin,110
CT,M,2010,Thomas,109
CT,M,2010,Zachary,108
CT,M,2010,Elijah,103
CT,M,2010,Connor,101
CT,M,2010,Owen,99
CT,M,2010,Luke,98
CT,M,2010,Charles,94
CT,M,2010,Jordan,91
CT,M,2010,Chase,88
CT,M,2010,Julian,87
CT,M,2010,Robert,86
CT,M,2010,Kevin,85
CT,M,2010,Xavier,85
CT,M,2010,Jeremiah,82
CT,M,2010,Cameron,79
CT,M,2010,Henry,77
CT,M,2010,Caleb,76
CT,M,2010,Adam,75
CT,M,2010,Jason,75
CT,M,2010,Angel,73
CT,M,2010,Sebastian,70
CT,M,2010,Brandon,68
CT,M,2010,Colin,64
CT,M,2010,Nathaniel,64
CT,M,2010,Aidan,63
CT,M,2010,Cole,63
CT,M,2010,Landon,62
CT,M,2010,Hunter,60
CT,M,2010,Sean,60
CT,M,2010,Eric,59
CT,M,2010,Adrian,58
CT,M,2010,Brayden,57
CT,M,2010,Kyle,57
CT,M,2010,Austin,55
CT,M,2010,Ian,55
CT,M,2010,Jake,55
CT,M,2010,Dominic,54
CT,M,2010,Alex,53
CT,M,2010,Ayden,52
CT,M,2010,Eli,52
CT,M,2010,Patrick,52
CT,M,2010,Luis,51
CT,M,2010,Oliver,51
CT,M,2010,Giovanni,50
CT,M,2010,Aaron,49
CT,M,2010,Carter,49
CT,M,2010,Isaiah,49
CT,M,2010,Jaden,47
CT,M,2010,Tristan,47
CT,M,2010,Vincent,47
CT,M,2010,Josiah,45
CT,M,2010,Cooper,44
CT,M,2010,Isaac,44
CT,M,2010,Blake,43
CT,M,2010,Wyatt,43
CT,M,2010,Bryan,42
CT,M,2010,Brody,41
CT,M,2010,Luca,41
CT,M,2010,Peter,41
CT,M,2010,Bryce,39
CT,M,2010,Max,39
CT,M,2010,Brian,38
CT,M,2010,Jose,38
CT,M,2010,Timothy,38
CT,M,2010,Antonio,37
CT,M,2010,Levi,36
CT,M,2010,Richard,36
CT,M,2010,Marcus,35
CT,M,2010,Jaiden,34
CT,M,2010,Mark,34
CT,M,2010,Carlos,33
CT,M,2010,Derek,33
CT,M,2010,Nolan,33
CT,M,2010,Joel,32
CT,M,2010,Parker,32
CT,M,2010,Steven,32
CT,M,2010,Brendan,31
CT,M,2010,Kayden,31
CT,M,2010,Leonardo,31
CT,M,2010,Cristian,30
CT,M,2010,Collin,29
CT,M,2010,Caden,28
CT,M,2010,Cody,28
CT,M,2010,Miles,28
CT,M,2010,Declan,27
CT,M,2010,Devin,27
CT,M,2010,Edward,27
CT,M,2010,Maxwell,27
CT,M,2010,Trevor,27
CT,M,2010,Brady,26
CT,M,2010,Colton,26
CT,M,2010,Diego,26
CT,M,2010,Elias,26
CT,M,2010,Jeffrey,26
CT,M,2010,Mateo,26
CT,M,2010,Dante,25
CT,M,2010,Jeremy,25
CT,M,2010,Paul,25
CT,M,2010,Sawyer,25
CT,M,2010,Alejandro,24
CT,M,2010,Hayden,24
CT,M,2010,Jesse,24
CT,M,2010,Shane,24
CT,M,2010,Grayson,23
CT,M,2010,Harrison,23
CT,M,2010,Johnathan,23
CT,M,2010,Jonah,23
CT,M,2010,Travis,23
CT,M,2010,Victor,23
CT,M,2010,Cayden,22
CT,M,2010,George,22
CT,M,2010,Hudson,22
CT,M,2010,Nicolas,22
CT,M,2010,Andre,21
CT,M,2010,Damian,21
CT,M,2010,Finn,21
CT,M,2010,Juan,21
CT,M,2010,Kaden,21
CT,M,2010,Riley,21
CT,M,2010,Malachi,20
CT,M,2010,Ryder,20
CT,M,2010,Shawn,20
CT,M,2010,Theodore,20
CT,M,2010,Asher,19
CT,M,2010,Jace,19
CT,M,2010,Lukas,19
CT,M,2010,Quinn,19
CT,M,2010,Stephen,19
CT,M,2010,Troy,19
CT,M,2010,Alexis,18
CT,M,2010,Carson,18
CT,M,2010,Erick,18
CT,M,2010,Graham,18
CT,M,2010,Gregory,18
CT,M,2010,Kaiden,18
CT,M,2010,Leo,18
CT,M,2010,Marco,18
CT,M,2010,Peyton,18
CT,M,2010,Rocco,18
CT,M,2010,Spencer,18
CT,M,2010,Amir,17
CT,M,2010,Ashton,17
CT,M,2010,Charlie,17
CT,M,2010,Jaylen,17
CT,M,2010,Matteo,17
CT,M,2010,Miguel,17
CT,M,2010,Caiden,16
CT,M,2010,Emanuel,16
CT,M,2010,Greyson,16
CT,M,2010,Griffin,16
CT,M,2010,Jayson,16
CT,M,2010,Julius,16
CT,M,2010,Preston,16
CT,M,2010,Raymond,16
CT,M,2010,Rhys,16
CT,M,2010,Andy,15
CT,M,2010,Braden,15
CT,M,2010,Calvin,15
CT,M,2010,Camden,15
CT,M,2010,Damien,15
CT,M,2010,Dean,15
CT,M,2010,Jadiel,15
CT,M,2010,Jakob,15
CT,M,2010,Javier,15
CT,M,2010,Kaleb,15
CT,M,2010,Keegan,15
CT,M,2010,Kenneth,15
CT,M,2010,Louis,15
CT,M,2010,Oscar,15
CT,M,2010,Rafael,15
CT,M,2010,Simon,15
CT,M,2010,Wesley,15
CT,M,2010,Arjun,14
CT,M,2010,Brennan,14
CT,M,2010,Colby,14
CT,M,2010,Drew,14
CT,M,2010,Eduardo,14
CT,M,2010,Emmett,14
CT,M,2010,Frank,14
CT,M,2010,Jameson,14
CT,M,2010,Jude,14
CT,M,2010,Lorenzo,14
CT,M,2010,Micah,14
CT,M,2010,Nikolas,14
CT,M,2010,Omar,14
CT,M,2010,Santiago,14
CT,M,2010,Yadiel,14
CT,M,2010,Edwin,13
CT,M,2010,Everett,13
CT,M,2010,Garrett,13
CT,M,2010,Josue,13
CT,M,2010,Mario,13
CT,M,2010,Ricardo,13
CT,M,2010,Zion,13
CT,M,2010,Angelo,12
CT,M,2010,Bennett,12
CT,M,2010,Conner,12
CT,M,2010,Conor,12
CT,M,2010,Dominick,12
CT,M,2010,Jaxon,12
CT,M,2010,Kai,12
CT,M,2010,Maximilian,12
CT,M,2010,Salvatore,12
CT,M,2010,Seth,12
CT,M,2010,Tucker,12
CT,M,2010,Vincenzo,12
CT,M,2010,Xander,12
CT,M,2010,Arthur,11
CT,M,2010,Beckett,11
CT,M,2010,Corey,11
CT,M,2010,Erik,11
CT,M,2010,Grant,11
CT,M,2010,Johan,11
CT,M,2010,Morgan,11
CT,M,2010,Nehemiah,11
CT,M,2010,Pedro,11
CT,M,2010,Reid,11
CT,M,2010,Trent,11
CT,M,2010,Yandel,11
CT,M,2010,Aarav,10
CT,M,2010,Amari,10
CT,M,2010,Axel,10
CT,M,2010,Brett,10
CT,M,2010,Derrick,10
CT,M,2010,Devon,10
CT,M,2010,Domenic,10
CT,M,2010,Donald,10
CT,M,2010,Donovan,10
CT,M,2010,Ezequiel,10
CT,M,2010,Gage,10
CT,M,2010,Holden,10
CT,M,2010,Ivan,10
CT,M,2010,Izaiah,10
CT,M,2010,Jariel,10
CT,M,2010,Jasper,10
CT,M,2010,Jayvon,10
CT,M,2010,Jesus,10
CT,M,2010,Maximus,10
CT,M,2010,Muhammad,10
CT,M,2010,Nico,10
CT,M,2010,Philip,10
CT,M,2010,Phillip,10
CT,M,2010,Rohan,10
CT,M,2010,Romeo,10
CT,M,2010,Scott,10
CT,M,2010,Tanner,10
CT,M,2010,Alan,9
CT,M,2010,Alec,9
CT,M,2010,Allen,9
CT,M,2010,Amare,9
CT,M,2010,Armani,9
CT,M,2010,Avery,9
CT,M,2010,Ayaan,9
CT,M,2010,Bradley,9
CT,M,2010,Cristopher,9
CT,M,2010,Dillon,9
CT,M,2010,Dustin,9
CT,M,2010,Emmanuel,9
CT,M,2010,Esteban,9
CT,M,2010,Ezra,9
CT,M,2010,Fernando,9
CT,M,2010,Grady,9
CT,M,2010,Jacoby,9
CT,M,2010,Jared,9
CT,M,2010,Jasiah,9
CT,M,2010,Jax,9
CT,M,2010,Jay,9
CT,M,2010,Jayce,9
CT,M,2010,Jean,9
CT,M,2010,Julien,9
CT,M,2010,Lincoln,9
CT,M,2010,Marcello,9
CT,M,2010,Martin,9
CT,M,2010,Niko,9
CT,M,2010,Sam,9
CT,M,2010,Ty,9
CT,M,2010,Walter,9
CT,M,2010,Xzavier,9
CT,M,2010,Ahmad,8
CT,M,2010,Albert,8
CT,M,2010,Anderson,8
CT,M,2010,Andres,8
CT,M,2010,Antony,8
CT,M,2010,Ari,8
CT,M,2010,Ariel,8
CT,M,2010,Bentley,8
CT,M,2010,Darren,8
CT,M,2010,Davian,8
CT,M,2010,Elliot,8
CT,M,2010,Enzo,8
CT,M,2010,Felix,8
CT,M,2010,Finnegan,8
CT,M,2010,Francisco,8
CT,M,2010,Gianni,8
CT,M,2010,Jonas,8
CT,M,2010,Jovani,8
CT,M,2010,Kelvin,8
CT,M,2010,Kieran,8
CT,M,2010,Luciano,8
CT,M,2010,Mitchell,8
CT,M,2010,Mohamed,8
CT,M,2010,Roman,8
CT,M,2010,Trey,8
CT,M,2010,Zackary,8
CT,M,2010,Zyaire,8
CT,M,2010,Arnav,7
CT,M,2010,Aryan,7
CT,M,2010,Beau,7
CT,M,2010,Bryson,7
CT,M,2010,Camryn,7
CT,M,2010,Carmine,7
CT,M,2010,Casey,7
CT,M,2010,Chance,7
CT,M,2010,Dalton,7
CT,M,2010,Darwin,7
CT,M,2010,Dennis,7
CT,M,2010,Desmond,7
CT,M,2010,Emilio,7
CT,M,2010,Gary,7
CT,M,2010,Hector,7
CT,M,2010,Jakub,7
CT,M,2010,Jomar,7
CT,M,2010,Keith,7
CT,M,2010,Kellen,7
CT,M,2010,Kian,7
CT,M,2010,Kobe,7
CT,M,2010,Makai,7
CT,M,2010,Malik,7
CT,M,2010,Manuel,7
CT,M,2010,Marc,7
CT,M,2010,Maximiliano,7
CT,M,2010,Myles,7
CT,M,2010,Nelson,7
CT,M,2010,Prince,7
CT,M,2010,Reed,7
CT,M,2010,Ronald,7
CT,M,2010,Rory,7
CT,M,2010,Sergio,7
CT,M,2010,Shaun,7
CT,M,2010,Silas,7
CT,M,2010,Taylor,7
CT,M,2010,Yariel,7
CT,M,2010,Abel,6
CT,M,2010,Aden,6
CT,M,2010,Alessandro,6
CT,M,2010,Ben,6
CT,M,2010,Brayan,6
CT,M,2010,Braylon,6
CT,M,2010,Brenden,6
CT,M,2010,Brennen,6
CT,M,2010,Bruce,6
CT,M,2010,Carmelo,6
CT,M,2010,Chace,6
CT,M,2010,Craig,6
CT,M,2010,Dallas,6
CT,M,2010,Damon,6
CT,M,2010,Dane,6
CT,M,2010,Deandre,6
CT,M,2010,Douglas,6
CT,M,2010,Edgar,6
CT,M,2010,Finley,6
CT,M,2010,Francesco,6
CT,M,2010,Francis,6
CT,M,2010,Harris,6
CT,M,2010,Javion,6
CT,M,2010,Javon,6
CT,M,2010,Jaxson,6
CT,M,2010,Jefferson,6
CT,M,2010,Jimmy,6
CT,M,2010,Johnny,6
CT,M,2010,Jorge,6
CT,M,2010,Joziah,6
CT,M,2010,Julio,6
CT,M,2010,Kamari,6
CT,M,2010,Keanu,6
CT,M,2010,Kellan,6
CT,M,2010,Leon,6
CT,M,2010,London,6
CT,M,2010,Maddox,6
CT,M,2010,Marcos,6
CT,M,2010,Marlon,6
CT,M,2010,Mathias,6
CT,M,2010,Matias,6
CT,M,2010,Mohammed,6
CT,M,2010,Nathen,6
CT,M,2010,Nickolas,6
CT,M,2010,Orion,6
CT,M,2010,Quentin,6
CT,M,2010,Ramon,6
CT,M,2010,Raphael,6
CT,M,2010,Ricky,6
CT,M,2010,Roger,6
CT,M,2010,Ronan,6
CT,M,2010,Ryker,6
CT,M,2010,Savion,6
CT,M,2010,Tony,6
CT,M,2010,Tyson,6
CT,M,2010,Wilson,6
CT,M,2010,Yahir,6
CT,M,2010,Yusuf,6
CT,M,2010,Zachariah,6
CT,M,2010,Aaden,5
CT,M,2010,Abraham,5
CT,M,2010,Aditya,5
CT,M,2010,Adonis,5
CT,M,2010,Ahmir,5
CT,M,2010,Aleksander,5
CT,M,2010,Alessio,5
CT,M,2010,Ali,5
CT,M,2010,Alijah,5
CT,M,2010,Ameer,5
CT,M,2010,Anish,5
CT,M,2010,Aydin,5
CT,M,2010,Bode,5
CT,M,2010,Boden,5
CT,M,2010,Braydon,5
CT,M,2010,Brycen,5
CT,M,2010,Callan,5
CT,M,2010,Cesar,5
CT,M,2010,Cyrus,5
CT,M,2010,Dakota,5
CT,M,2010,Danny,5
CT,M,2010,Darius,5
CT,M,2010,Davi,5
CT,M,2010,Demetrius,5
CT,M,2010,Dion,5
CT,M,2010,Eden,5
CT,M,2010,Elliott,5
CT,M,2010,Ellis,5
CT,M,2010,Ezekiel,5
CT,M,2010,Felipe,5
CT,M,2010,Fisher,5
CT,M,2010,Franklin,5
CT,M,2010,Gerald,5
CT,M,2010,Gerard,5
CT,M,2010,Ibrahim,5
CT,M,2010,Isaias,5
CT,M,2010,Israel,5
CT,M,2010,Jalen,5
CT,M,2010,Jamil,5
CT,M,2010,Jamir,5
CT,M,2010,Javian,5
CT,M,2010,Jayvien,5
CT,M,2010,Jayvion,5
CT,M,2010,Jensen,5
CT,M,2010,Jon,5
CT,M,2010,Jovan,5
CT,M,2010,Judah,5
CT,M,2010,Juelz,5
CT,M,2010,Justice,5
CT,M,2010,Kauan,5
CT,M,2010,Kendall,5
CT,M,2010,Kenny,5
CT,M,2010,Killian,5
CT,M,2010,Kristian,5
CT,M,2010,Kristopher,5
CT,M,2010,Leandro,5
CT,M,2010,Malakai,5
CT,M,2010,Malcolm,5
CT,M,2010,Matheus,5
CT,M,2010,Maxim,5
CT,M,2010,Messiah,5
CT,M,2010,Mohammad,5
CT,M,2010,Noel,5
CT,M,2010,Pablo,5
CT,M,2010,Quincy,5
CT,M,2010,Randy,5
CT,M,2010,Reece,5
CT,M,2010,Russell,5
CT,M,2010,Rylan,5
CT,M,2010,Samir,5
CT,M,2010,Santino,5
CT,M,2010,Sincere,5
CT,M,2010,Skyler,5
CT,M,2010,Tate,5
CT,M,2010,Tenzin,5
CT,M,2010,Theo,5
CT,M,2010,Tristen,5
CT,M,2010,Yamil,5
CT,M,2010,Zavier,5
CT,M,2010,Zayden,5
CT,M,2011,Alexander,234
CT,M,2011,Mason,231
CT,M,2011,Michael,230
CT,M,2011,Ryan,225
CT,M,2011,Jacob,196
CT,M,2011,William,192
CT,M,2011,Joseph,184
CT,M,2011,Anthony,180
CT,M,2011,Matthew,177
CT,M,2011,Jayden,175
CT,M,2011,John,172
CT,M,2011,Noah,172
CT,M,2011,Nicholas,167
CT,M,2011,Ethan,163
CT,M,2011,Aiden,162
CT,M,2011,Benjamin,157
CT,M,2011,Christopher,152
CT,M,2011,Jack,151
CT,M,2011,Andrew,147
CT,M,2011,James,145
CT,M,2011,Daniel,139
CT,M,2011,Nathan,133
CT,M,2011,Liam,132
CT,M,2011,Logan,131
CT,M,2011,Jackson,129
CT,M,2011,Joshua,129
CT,M,2011,Tyler,129
CT,M,2011,David,128
CT,M,2011,Lucas,123
CT,M,2011,Dylan,121
CT,M,2011,Gabriel,120
CT,M,2011,Christian,119
CT,M,2011,Evan,119
CT,M,2011,Connor,116
CT,M,2011,Jonathan,113
CT,M,2011,Elijah,109
CT,M,2011,Samuel,107
CT,M,2011,Thomas,107
CT,M,2011,Luke,102
CT,M,2011,Henry,101
CT,M,2011,Gavin,99
CT,M,2011,Chase,96
CT,M,2011,Charles,94
CT,M,2011,Cameron,90
CT,M,2011,Jeremiah,89
CT,M,2011,Caleb,88
CT,M,2011,Jordan,88
CT,M,2011,Owen,87
CT,M,2011,Brandon,83
CT,M,2011,Brayden,83
CT,M,2011,Jason,81
CT,M,2011,Julian,80
CT,M,2011,Robert,80
CT,M,2011,Zachary,80
CT,M,2011,Angel,78
CT,M,2011,Justin,76
CT,M,2011,Kevin,76
CT,M,2011,Landon,71
CT,M,2011,Oliver,70
CT,M,2011,Carter,69
CT,M,2011,Isaiah,69
CT,M,2011,Austin,68
CT,M,2011,Sebastian,68
CT,M,2011,Xavier,68
CT,M,2011,Nathaniel,65
CT,M,2011,Colin,63
CT,M,2011,Adam,60
CT,M,2011,Isaac,58
CT,M,2011,Hunter,57
CT,M,2011,Jake,57
CT,M,2011,Luis,57
CT,M,2011,Adrian,56
CT,M,2011,Aaron,54
CT,M,2011,Ian,54
CT,M,2011,Dominic,53
CT,M,2011,Josiah,53
CT,M,2011,Patrick,53
CT,M,2011,Tristan,53
CT,M,2011,Cole,52
CT,M,2011,Sean,52
CT,M,2011,Maxwell,51
CT,M,2011,Aidan,48
CT,M,2011,Blake,48
CT,M,2011,Parker,48
CT,M,2011,Eli,45
CT,M,2011,Jose,45
CT,M,2011,Cooper,44
CT,M,2011,Giovanni,43
CT,M,2011,Max,43
CT,M,2011,Vincent,43
CT,M,2011,Ayden,41
CT,M,2011,Alex,40
CT,M,2011,Colton,40
CT,M,2011,Jaiden,39
CT,M,2011,Kyle,39
CT,M,2011,Wyatt,39
CT,M,2011,Carlos,38
CT,M,2011,Declan,38
CT,M,2011,Richard,38
CT,M,2011,Antonio,37
CT,M,2011,Eric,36
CT,M,2011,George,36
CT,M,2011,Grayson,35
CT,M,2011,Theodore,35
CT,M,2011,Dante,34
CT,M,2011,Elias,34
CT,M,2011,Jaden,34
CT,M,2011,Jeremy,34
CT,M,2011,Jonah,34
CT,M,2011,Kayden,33
CT,M,2011,Luca,33
CT,M,2011,Steven,33
CT,M,2011,Brody,32
CT,M,2011,Bryce,32
CT,M,2011,Shane,32
CT,M,2011,Timothy,31
CT,M,2011,Brian,30
CT,M,2011,Jameson,30
CT,M,2011,Bryan,29
CT,M,2011,Joel,29
CT,M,2011,Nicolas,29
CT,M,2011,Brady,28
CT,M,2011,Edward,28
CT,M,2011,Jaxon,28
CT,M,2011,Leo,28
CT,M,2011,Miles,28
CT,M,2011,Paul,28
CT,M,2011,Wesley,28
CT,M,2011,Nolan,27
CT,M,2011,Riley,27
CT,M,2011,Ryder,27
CT,M,2011,Victor,27
CT,M,2011,Marco,26
CT,M,2011,Mark,26
CT,M,2011,Mateo,26
CT,M,2011,Juan,25
CT,M,2011,Levi,25
CT,M,2011,Derek,24
CT,M,2011,Devin,24
CT,M,2011,Elliot,24
CT,M,2011,Marcus,24
CT,M,2011,Rocco,24
CT,M,2011,Brendan,23
CT,M,2011,Jace,23
CT,M,2011,Jayce,23
CT,M,2011,Malachi,23
CT,M,2011,Cayden,22
CT,M,2011,Peter,22
CT,M,2011,Seth,22
CT,M,2011,Silas,22
CT,M,2011,Bradley,21
CT,M,2011,Carmelo,21
CT,M,2011,Carson,21
CT,M,2011,Emmanuel,21
CT,M,2011,Hayden,21
CT,M,2011,Ivan,21
CT,M,2011,Jaxson,21
CT,M,2011,Oscar,21
CT,M,2011,Grady,20
CT,M,2011,Hudson,20
CT,M,2011,Kaiden,20
CT,M,2011,Kenneth,20
CT,M,2011,Matteo,20
CT,M,2011,Maximus,20
CT,M,2011,Micah,20
CT,M,2011,Sawyer,20
CT,M,2011,Trevor,20
CT,M,2011,Caden,19
CT,M,2011,Cody,19
CT,M,2011,Finn,19
CT,M,2011,Gregory,19
CT,M,2011,Greyson,19
CT,M,2011,Jorge,19
CT,M,2011,Leonardo,19
CT,M,2011,Louis,19
CT,M,2011,Raymond,19
CT,M,2011,Santiago,19
CT,M,2011,Amir,18
CT,M,2011,Asher,18
CT,M,2011,Cristian,18
CT,M,2011,Diego,18
CT,M,2011,Drew,18
CT,M,2011,Edwin,18
CT,M,2011,Emmett,18
CT,M,2011,Jeffrey,18
CT,M,2011,Jesse,18
CT,M,2011,Kaden,18
CT,M,2011,Kai,18
CT,M,2011,Alejandro,17
CT,M,2011,Alexis,17
CT,M,2011,Angelo,17
CT,M,2011,Ashton,17
CT,M,2011,Garrett,17
CT,M,2011,Grant,17
CT,M,2011,Harrison,17
CT,M,2011,Jaylen,17
CT,M,2011,Jayson,17
CT,M,2011,Miguel,17
CT,M,2011,Myles,17
CT,M,2011,Omar,17
CT,M,2011,Quinn,17
CT,M,2011,Roman,17
CT,M,2011,Spencer,17
CT,M,2011,Amari,16
CT,M,2011,Gianni,16
CT,M,2011,Lorenzo,16
CT,M,2011,Preston,16
CT,M,2011,Ricardo,16
CT,M,2011,Stephen,16
CT,M,2011,Bennett,15
CT,M,2011,Damian,15
CT,M,2011,Jadiel,15
CT,M,2011,Nico,15
CT,M,2011,Armani,14
CT,M,2011,Avery,14
CT,M,2011,Bentley,14
CT,M,2011,Collin,14
CT,M,2011,Donovan,14
CT,M,2011,Everett,14
CT,M,2011,Graham,14
CT,M,2011,Maddox,14
CT,M,2011,Peyton,14
CT,M,2011,Alan,13
CT,M,2011,Brennan,13
CT,M,2011,Bryson,13
CT,M,2011,Caiden,13
CT,M,2011,Charlie,13
CT,M,2011,Damien,13
CT,M,2011,Frank,13
CT,M,2011,Jesus,13
CT,M,2011,Julien,13
CT,M,2011,Lukas,13
CT,M,2011,Albert,12
CT,M,2011,Anderson,12
CT,M,2011,Andre,12
CT,M,2011,Braden,12
CT,M,2011,Colby,12
CT,M,2011,Conor,12
CT,M,2011,Corey,12
CT,M,2011,Darren,12
CT,M,2011,Fernando,12
CT,M,2011,Israel,12
CT,M,2011,Javier,12
CT,M,2011,Julius,12
CT,M,2011,Lincoln,12
CT,M,2011,Ronan,12
CT,M,2011,Rylan,12
CT,M,2011,Travis,12
CT,M,2011,Yadiel,12
CT,M,2011,Brodie,11
CT,M,2011,Calvin,11
CT,M,2011,Chace,11
CT,M,2011,Chance,11
CT,M,2011,Dominick,11
CT,M,2011,Easton,11
CT,M,2011,Griffin,11
CT,M,2011,Kaleb,11
CT,M,2011,Kellan,11
CT,M,2011,Manuel,11
CT,M,2011,Marcello,11
CT,M,2011,Pedro,11
CT,M,2011,Shawn,11
CT,M,2011,Tyson,11
CT,M,2011,Zion,11
CT,M,2011,Andy,10
CT,M,2011,Arthur,10
CT,M,2011,Axel,10
CT,M,2011,Callum,10
CT,M,2011,Cash,10
CT,M,2011,Darius,10
CT,M,2011,Desmond,10
CT,M,2011,Elliott,10
CT,M,2011,Erick,10
CT,M,2011,Holden,10
CT,M,2011,Keegan,10
CT,M,2011,Kelvin,10
CT,M,2011,Kieran,10
CT,M,2011,Reid,10
CT,M,2011,Roberto,10
CT,M,2011,Ronald,10
CT,M,2011,Tanner,10
CT,M,2011,Tristen,10
CT,M,2011,Troy,10
CT,M,2011,Vincenzo,10
CT,M,2011,Xander,10
CT,M,2011,Yandel,10
CT,M,2011,Beckett,9
CT,M,2011,Brycen,9
CT,M,2011,Camden,9
CT,M,2011,Dean,9
CT,M,2011,Douglas,9
CT,M,2011,Felix,9
CT,M,2011,Gunnar,9
CT,M,2011,Hector,9
CT,M,2011,Izaiah,9
CT,M,2011,Jaime,9
CT,M,2011,Javon,9
CT,M,2011,Johnathan,9
CT,M,2011,Jude,9
CT,M,2011,Justice,9
CT,M,2011,Martin,9
CT,M,2011,Maxim,9
CT,M,2011,Niko,9
CT,M,2011,Nikolas,9
CT,M,2011,Prince,9
CT,M,2011,Ramon,9
CT,M,2011,Rohan,9
CT,M,2011,Rowan,9
CT,M,2011,Trent,9
CT,M,2011,Tucker,9
CT,M,2011,Weston,9
CT,M,2011,Adriel,8
CT,M,2011,Ali,8
CT,M,2011,Allen,8
CT,M,2011,Amare,8
CT,M,2011,Andres,8
CT,M,2011,Arjun,8
CT,M,2011,August,8
CT,M,2011,Braeden,8
CT,M,2011,Brenden,8
CT,M,2011,Bruce,8
CT,M,2011,Derrick,8
CT,M,2011,Dillon,8
CT,M,2011,Edgar,8
CT,M,2011,Emanuel,8
CT,M,2011,Ezekiel,8
CT,M,2011,Ezra,8
CT,M,2011,Finnegan,8
CT,M,2011,Francis,8
CT,M,2011,Ibrahim,8
CT,M,2011,Josue,8
CT,M,2011,Kameron,8
CT,M,2011,Luciano,8
CT,M,2011,Mario,8
CT,M,2011,Mathew,8
CT,M,2011,Pablo,8
CT,M,2011,Simon,8
CT,M,2011,Trey,8
CT,M,2011,Yusuf,8
CT,M,2011,Zackary,8
CT,M,2011,Aarav,7
CT,M,2011,Aden,7
CT,M,2011,Ahmed,7
CT,M,2011,Atticus,7
CT,M,2011,Callan,7
CT,M,2011,Conner,7
CT,M,2011,Darien,7
CT,M,2011,Davian,7
CT,M,2011,Devon,7
CT,M,2011,Domenic,7
CT,M,2011,Dustin,7
CT,M,2011,Enzo,7
CT,M,2011,Erik,7
CT,M,2011,Francisco,7
CT,M,2011,Gage,7
CT,M,2011,Giuseppe,7
CT,M,2011,Harry,7
CT,M,2011,Jasper,7
CT,M,2011,Judah,7
CT,M,2011,Kendall,7
CT,M,2011,Krish,7
CT,M,2011,Lachlan,7
CT,M,2011,Landen,7
CT,M,2011,Leland,7
CT,M,2011,London,7
CT,M,2011,Marc,7
CT,M,2011,Marcel,7
CT,M,2011,Matias,7
CT,M,2011,Mauricio,7
CT,M,2011,Mohammed,7
CT,M,2011,Muhammad,7
CT,M,2011,Nehemiah,7
CT,M,2011,Paxton,7
CT,M,2011,Pierce,7
CT,M,2011,Rayan,7
CT,M,2011,Reed,7
CT,M,2011,Rhys,7
CT,M,2011,Sam,7
CT,M,2011,Samir,7
CT,M,2011,Seamus,7
CT,M,2011,Sincere,7
CT,M,2011,Titus,7
CT,M,2011,Vihaan,7
CT,M,2011,Yariel,7
CT,M,2011,Zander,7
CT,M,2011,Abdullah,6
CT,M,2011,Adonis,6
CT,M,2011,Archer,6
CT,M,2011,Ari,6
CT,M,2011,Ariel,6
CT,M,2011,Arnav,6
CT,M,2011,Aryan,6
CT,M,2011,Aydin,6
CT,M,2011,Ben,6
CT,M,2011,Braydon,6
CT,M,2011,Cade,6
CT,M,2011,Chris,6
CT,M,2011,Cristopher,6
CT,M,2011,Cullen,6
CT,M,2011,Cyrus,6
CT,M,2011,Dallas,6
CT,M,2011,Dane,6
CT,M,2011,Dennis,6
CT,M,2011,Donald,6
CT,M,2011,Drake,6
CT,M,2011,Eduardo,6
CT,M,2011,Emilio,6
CT,M,2011,Ezequiel,6
CT,M,2011,Fabian,6
CT,M,2011,Gerard,6
CT,M,2011,Isiah,6
CT,M,2011,Ismael,6
CT,M,2011,Jalen,6
CT,M,2011,Jared,6
CT,M,2011,Jariel,6
CT,M,2011,Jax,6
CT,M,2011,Jay,6
CT,M,2011,Jefferson,6
CT,M,2011,Jensen,6
CT,M,2011,Jesiah,6
CT,M,2011,Johan,6
CT,M,2011,Kamden,6
CT,M,2011,Kellen,6
CT,M,2011,Kristian,6
CT,M,2011,Malcolm,6
CT,M,2011,Maximilian,6
CT,M,2011,Mekhi,6
CT,M,2011,Melvin,6
CT,M,2011,Mitchell,6
CT,M,2011,Nasir,6
CT,M,2011,Philip,6
CT,M,2011,Phillip,6
CT,M,2011,Pranav,6
CT,M,2011,Santino,6
CT,M,2011,Scott,6
CT,M,2011,Shamar,6
CT,M,2011,Siddharth,6
CT,M,2011,Thiago,6
CT,M,2011,Trevon,6
CT,M,2011,Walter,6
CT,M,2011,Wilfredo,6
CT,M,2011,Wilson,6
CT,M,2011,Zane,6
CT,M,2011,Ahmad,5
CT,M,2011,Alec,5
CT,M,2011,Alessandro,5
CT,M,2011,Avi,5
CT,M,2011,Ayaan,5
CT,M,2011,Boden,5
CT,M,2011,Byron,5
CT,M,2011,Camilo,5
CT,M,2011,Camren,5
CT,M,2011,Camron,5
CT,M,2011,Carmine,5
CT,M,2011,Chad,5
CT,M,2011,Clayton,5
CT,M,2011,Colten,5
CT,M,2011,Curtis,5
CT,M,2011,Damon,5
CT,M,2011,Danny,5
CT,M,2011,Davin,5
CT,M,2011,Devyn,5
CT,M,2011,Dexter,5
CT,M,2011,Elvin,5
CT,M,2011,Frankie,5
CT,M,2011,Gianluca,5
CT,M,2011,Guilherme,5
CT,M,2011,Gunner,5
CT,M,2011,Harper,5
CT,M,2011,Isaias,5
CT,M,2011,Ishaan,5
CT,M,2011,Ishan,5
CT,M,2011,Jacoby,5
CT,M,2011,Jaeden,5
CT,M,2011,Jakai,5
CT,M,2011,Jamal,5
CT,M,2011,Jamari,5
CT,M,2011,Jamison,5
CT,M,2011,Javien,5
CT,M,2011,Jaydan,5
CT,M,2011,Jayvian,5
CT,M,2011,Jayvon,5
CT,M,2011,Jerry,5
CT,M,2011,Jimmy,5
CT,M,2011,Joao,5
CT,M,2011,Joaquin,5
CT,M,2011,Joniel,5
CT,M,2011,Kareem,5
CT,M,2011,Keith,5
CT,M,2011,Kian,5
CT,M,2011,Kody,5
CT,M,2011,Lamar,5
CT,M,2011,Landyn,5
CT,M,2011,Larry,5
CT,M,2011,Malik,5
CT,M,2011,Marcos,5
CT,M,2011,Marquis,5
CT,M,2011,Mohamed,5
CT,M,2011,Nathanael,5
CT,M,2011,Nelson,5
CT,M,2011,Nikhil,5
CT,M,2011,Odin,5
CT,M,2011,Omari,5
CT,M,2011,Quentin,5
CT,M,2011,Quincy,5
CT,M,2011,Rafael,5
CT,M,2011,Randy,5
CT,M,2011,Raul,5
CT,M,2011,Rey,5
CT,M,2011,Ruben,5
CT,M,2011,Russell,5
CT,M,2011,Salvatore,5
CT,M,2011,Saul,5
CT,M,2011,Shea,5
CT,M,2011,Shmuel,5
CT,M,2011,Skyler,5
CT,M,2011,Tobias,5
CT,M,2011,Van,5
CT,M,2011,Walker,5
CT,M,2011,Yahir,5
CT,M,2011,Zack,5
CT,M,2011,Zaire,5
CT,M,2011,Zayden,5
CT,M,2012,Mason,230
CT,M,2012,Jacob,214
CT,M,2012,Michael,210
CT,M,2012,Liam,203
CT,M,2012,Ethan,191
CT,M,2012,Jayden,188
CT,M,2012,Anthony,186
CT,M,2012,Matthew,181
CT,M,2012,Noah,177
CT,M,2012,Ryan,174
CT,M,2012,William,172
CT,M,2012,James,166
CT,M,2012,Alexander,164
CT,M,2012,Joseph,162
CT,M,2012,Benjamin,157
CT,M,2012,Daniel,155
CT,M,2012,Logan,151
CT,M,2012,Aiden,148
CT,M,2012,John,148
CT,M,2012,Nicholas,145
CT,M,2012,Jack,144
CT,M,2012,Nathan,140
CT,M,2012,Jackson,137
CT,M,2012,Tyler,131
CT,M,2012,Lucas,127
CT,M,2012,Elijah,122
CT,M,2012,Andrew,121
CT,M,2012,Christopher,118
CT,M,2012,Joshua,117
CT,M,2012,Gabriel,114
CT,M,2012,David,113
CT,M,2012,Evan,112
CT,M,2012,Christian,110
CT,M,2012,Samuel,110
CT,M,2012,Luke,108
CT,M,2012,Dylan,106
CT,M,2012,Cameron,100
CT,M,2012,Connor,97
CT,M,2012,Gavin,97
CT,M,2012,Henry,97
CT,M,2012,Zachary,97
CT,M,2012,Caleb,92
CT,M,2012,Brandon,88
CT,M,2012,Sebastian,87
CT,M,2012,Chase,86
CT,M,2012,Charles,85
CT,M,2012,Owen,81
CT,M,2012,Carter,78
CT,M,2012,Brayden,76
CT,M,2012,Hunter,74
CT,M,2012,Jeremiah,74
CT,M,2012,Jonathan,74
CT,M,2012,Jordan,74
CT,M,2012,Justin,74
CT,M,2012,Robert,71
CT,M,2012,Thomas,71
CT,M,2012,Landon,70
CT,M,2012,Austin,69
CT,M,2012,Isaiah,69
CT,M,2012,Jason,69
CT,M,2012,Dominic,67
CT,M,2012,Xavier,67
CT,M,2012,Adam,66
CT,M,2012,Colin,61
CT,M,2012,Kevin,61
CT,M,2012,Oliver,61
CT,M,2012,Nathaniel,60
CT,M,2012,Adrian,59
CT,M,2012,Cole,59
CT,M,2012,Isaac,59
CT,M,2012,Angel,57
CT,M,2012,Tristan,55
CT,M,2012,Giovanni,53
CT,M,2012,Ian,53
CT,M,2012,Josiah,53
CT,M,2012,Wyatt,52
CT,M,2012,Eli,51
CT,M,2012,Julian,51
CT,M,2012,Ayden,49
CT,M,2012,Sean,49
CT,M,2012,Blake,48
CT,M,2012,Kyle,48
CT,M,2012,Vincent,48
CT,M,2012,Luca,47
CT,M,2012,Luis,47
CT,M,2012,Patrick,47
CT,M,2012,Aaron,46
CT,M,2012,Jake,46
CT,M,2012,Alex,44
CT,M,2012,Parker,43
CT,M,2012,Richard,42
CT,M,2012,Aidan,41
CT,M,2012,Derek,41
CT,M,2012,Jose,41
CT,M,2012,Max,41
CT,M,2012,Jeremy,40
CT,M,2012,Maxwell,40
CT,M,2012,Nolan,40
CT,M,2012,Peter,40
CT,M,2012,Antonio,39
CT,M,2012,Bryce,38
CT,M,2012,Cooper,38
CT,M,2012,Levi,38
CT,M,2012,Brian,37
CT,M,2012,Edward,37
CT,M,2012,Colton,36
CT,M,2012,George,36
CT,M,2012,Jaxon,36
CT,M,2012,Joel,36
CT,M,2012,Declan,35
CT,M,2012,Elias,35
CT,M,2012,Jace,35
CT,M,2012,Leo,33
CT,M,2012,Theodore,33
CT,M,2012,Camden,32
CT,M,2012,Eric,32
CT,M,2012,Kayden,32
CT,M,2012,Nicolas,32
CT,M,2012,Paul,32
CT,M,2012,Brady,31
CT,M,2012,Brody,30
CT,M,2012,Cayden,30
CT,M,2012,Grayson,29
CT,M,2012,Jameson,29
CT,M,2012,Harrison,28
CT,M,2012,Timothy,28
CT,M,2012,Bryan,26
CT,M,2012,Miguel,26
CT,M,2012,Stephen,26
CT,M,2012,Brendan,25
CT,M,2012,Damian,25
CT,M,2012,Greyson,25
CT,M,2012,Griffin,25
CT,M,2012,Jaiden,25
CT,M,2012,Jonah,25
CT,M,2012,Juan,25
CT,M,2012,Mark,25
CT,M,2012,Steven,25
CT,M,2012,Carlos,24
CT,M,2012,Kaleb,24
CT,M,2012,Omar,24
CT,M,2012,Trevor,24
CT,M,2012,Damien,23
CT,M,2012,Devin,23
CT,M,2012,Jayce,23
CT,M,2012,Kaiden,23
CT,M,2012,Mateo,23
CT,M,2012,Miles,23
CT,M,2012,Wesley,23
CT,M,2012,Frank,22
CT,M,2012,Jadiel,22
CT,M,2012,Lukas,22
CT,M,2012,Silas,22
CT,M,2012,Travis,22
CT,M,2012,Bradley,21
CT,M,2012,Emmanuel,21
CT,M,2012,Hayden,21
CT,M,2012,Jaden,21
CT,M,2012,Jaxson,21
CT,M,2012,Jeffrey,21
CT,M,2012,Micah,21
CT,M,2012,Preston,21
CT,M,2012,Quinn,21
CT,M,2012,Santiago,21
CT,M,2012,Cody,20
CT,M,2012,Erik,20
CT,M,2012,Jesse,20
CT,M,2012,Rocco,20
CT,M,2012,Tanner,20
CT,M,2012,Avery,19
CT,M,2012,Caiden,19
CT,M,2012,Carson,19
CT,M,2012,Enzo,19
CT,M,2012,Kai,19
CT,M,2012,Malachi,19
CT,M,2012,Riley,19
CT,M,2012,Simon,19
CT,M,2012,Zion,19
CT,M,2012,Conner,18
CT,M,2012,Dante,18
CT,M,2012,Kaden,18
CT,M,2012,Keegan,18
CT,M,2012,Leonardo,18
CT,M,2012,Matteo,18
CT,M,2012,Ryder,18
CT,M,2012,Andre,17
CT,M,2012,Asher,17
CT,M,2012,Bennett,17
CT,M,2012,Danny,17
CT,M,2012,Dominick,17
CT,M,2012,Elliot,17
CT,M,2012,Everett,17
CT,M,2012,Louis,17
CT,M,2012,Maddox,17
CT,M,2012,Marco,17
CT,M,2012,Peyton,17
CT,M,2012,Amari,16
CT,M,2012,Caden,16
CT,M,2012,Collin,16
CT,M,2012,Dean,16
CT,M,2012,Drew,16
CT,M,2012,Edwin,16
CT,M,2012,Finn,16
CT,M,2012,Gregory,16
CT,M,2012,Marcus,16
CT,M,2012,Rylan,16
CT,M,2012,Shane,16
CT,M,2012,Alexis,15
CT,M,2012,Anderson,15
CT,M,2012,Bentley,15
CT,M,2012,Bryson,15
CT,M,2012,Carmelo,15
CT,M,2012,Cristian,15
CT,M,2012,Felix,15
CT,M,2012,Grant,15
CT,M,2012,Hudson,15
CT,M,2012,Lincoln,15
CT,M,2012,Raymond,15
CT,M,2012,Rory,15
CT,M,2012,Scott,15
CT,M,2012,Victor,15
CT,M,2012,Weston,15
CT,M,2012,Alejandro,14
CT,M,2012,Angelo,14
CT,M,2012,Axel,14
CT,M,2012,Calvin,14
CT,M,2012,Emmett,14
CT,M,2012,Jesus,14
CT,M,2012,Josue,14
CT,M,2012,Maximus,14
CT,M,2012,Alan,13
CT,M,2012,Amare,13
CT,M,2012,Amir,13
CT,M,2012,Ashton,13
CT,M,2012,Dillon,13
CT,M,2012,Donovan,13
CT,M,2012,Gianni,13
CT,M,2012,Graham,13
CT,M,2012,Jay,13
CT,M,2012,Kenneth,13
CT,M,2012,King,13
CT,M,2012,Malik,13
CT,M,2012,Myles,13
CT,M,2012,Roman,13
CT,M,2012,Spencer,13
CT,M,2012,Tucker,13
CT,M,2012,Aarav,12
CT,M,2012,Braden,12
CT,M,2012,Francisco,12
CT,M,2012,Lorenzo,12
CT,M,2012,Martin,12
CT,M,2012,Muhammad,12
CT,M,2012,Thiago,12
CT,M,2012,Abraham,11
CT,M,2012,Armani,11
CT,M,2012,Arthur,11
CT,M,2012,Colby,11
CT,M,2012,Iker,11
CT,M,2012,Ivan,11
CT,M,2012,Javier,11
CT,M,2012,Jaylen,11
CT,M,2012,Jorge,11
CT,M,2012,Julius,11
CT,M,2012,Nikolas,11
CT,M,2012,Noel,11
CT,M,2012,Oscar,11
CT,M,2012,Philip,11
CT,M,2012,Rowan,11
CT,M,2012,Seth,11
CT,M,2012,Shawn,11
CT,M,2012,Tristen,11
CT,M,2012,Troy,11
CT,M,2012,Xander,11
CT,M,2012,Alessandro,10
CT,M,2012,Ali,10
CT,M,2012,Andres,10
CT,M,2012,Andy,10
CT,M,2012,Chance,10
CT,M,2012,Dennis,10
CT,M,2012,Diego,10
CT,M,2012,Douglas,10
CT,M,2012,Easton,10
CT,M,2012,Eduardo,10
CT,M,2012,Elliott,10
CT,M,2012,Ezra,10
CT,M,2012,Garrett,10
CT,M,2012,Gianluca,10
CT,M,2012,Israel,10
CT,M,2012,Leon,10
CT,M,2012,Maximiliano,10
CT,M,2012,Nathanael,10
CT,M,2012,Reid,10
CT,M,2012,Rohan,10
CT,M,2012,Sam,10
CT,M,2012,Sawyer,10
CT,M,2012,Albert,9
CT,M,2012,Aleksander,9
CT,M,2012,Callum,9
CT,M,2012,Desmond,9
CT,M,2012,Ezequiel,9
CT,M,2012,Francis,9
CT,M,2012,Frederick,9
CT,M,2012,Holden,9
CT,M,2012,Jakob,9
CT,M,2012,Johnathan,9
CT,M,2012,Jovanni,9
CT,M,2012,Jude,9
CT,M,2012,Keith,9
CT,M,2012,Kellen,9
CT,M,2012,Mohammed,9
CT,M,2012,Rafael,9
CT,M,2012,Roberto,9
CT,M,2012,Seamus,9
CT,M,2012,Walter,9
CT,M,2012,Abel,8
CT,M,2012,Brennan,8
CT,M,2012,Carl,8
CT,M,2012,Casey,8
CT,M,2012,Charlie,8
CT,M,2012,Conor,8
CT,M,2012,Emanuel,8
CT,M,2012,Ezekiel,8
CT,M,2012,Fernando,8
CT,M,2012,Finnegan,8
CT,M,2012,Gunnar,8
CT,M,2012,Hamza,8
CT,M,2012,Jayson,8
CT,M,2012,Kieran,8
CT,M,2012,Kobe,8
CT,M,2012,Mario,8
CT,M,2012,Nehemiah,8
CT,M,2012,Phillip,8
CT,M,2012,Pierce,8
CT,M,2012,Raphael,8
CT,M,2012,Rayan,8
CT,M,2012,Ricardo,8
CT,M,2012,Trent,8
CT,M,2012,Vihaan,8
CT,M,2012,Zaiden,8
CT,M,2012,Abdullah,7
CT,M,2012,Aden,7
CT,M,2012,Ahmed,7
CT,M,2012,Alec,7
CT,M,2012,Arnav,7
CT,M,2012,Chris,7
CT,M,2012,Corey,7
CT,M,2012,Davian,7
CT,M,2012,Devon,7
CT,M,2012,Gage,7
CT,M,2012,Ibrahim,7
CT,M,2012,Jamari,7
CT,M,2012,Jase,7
CT,M,2012,Jerry,7
CT,M,2012,Joaquin,7
CT,M,2012,Johnny,7
CT,M,2012,Joziah,7
CT,M,2012,Juelz,7
CT,M,2012,Kameron,7
CT,M,2012,Kendrick,7
CT,M,2012,Lucian,7
CT,M,2012,Luciano,7
CT,M,2012,Manuel,7
CT,M,2012,Maximilian,7
CT,M,2012,Melvin,7
CT,M,2012,Nasir,7
CT,M,2012,Neil,7
CT,M,2012,Niko,7
CT,M,2012,Orion,7
CT,M,2012,Royce,7
CT,M,2012,Salvatore,7
CT,M,2012,Sincere,7
CT,M,2012,Tyson,7
CT,M,2012,Zane,7
CT,M,2012,Adriel,6
CT,M,2012,Allen,6
CT,M,2012,Ari,6
CT,M,2012,Arjun,6
CT,M,2012,Atticus,6
CT,M,2012,Augustus,6
CT,M,2012,Branden,6
CT,M,2012,Braydon,6
CT,M,2012,Callen,6
CT,M,2012,Cruz,6
CT,M,2012,Darius,6
CT,M,2012,Davi,6
CT,M,2012,Domenic,6
CT,M,2012,Donald,6
CT,M,2012,Dorian,6
CT,M,2012,Enrique,6
CT,M,2012,Francesco,6
CT,M,2012,Gael,6
CT,M,2012,Grady,6
CT,M,2012,Izaiah,6
CT,M,2012,Jadon,6
CT,M,2012,Jael,6
CT,M,2012,Jaime,6
CT,M,2012,Jariel,6
CT,M,2012,Jasper,6
CT,M,2012,Jerome,6
CT,M,2012,Johan,6
CT,M,2012,Jomar,6
CT,M,2012,Josh,6
CT,M,2012,Julio,6
CT,M,2012,Justice,6
CT,M,2012,Kayleb,6
CT,M,2012,Kian,6
CT,M,2012,Kingston,6
CT,M,2012,Kolby,6
CT,M,2012,Malcolm,6
CT,M,2012,Marshall,6
CT,M,2012,Massimo,6
CT,M,2012,Matias,6
CT,M,2012,Mike,6
CT,M,2012,Milo,6
CT,M,2012,Nico,6
CT,M,2012,Pablo,6
CT,M,2012,Pedro,6
CT,M,2012,Reed,6
CT,M,2012,Reilly,6
CT,M,2012,Romeo,6
CT,M,2012,Ryker,6
CT,M,2012,Sergio,6
CT,M,2012,Skyler,6
CT,M,2012,Trey,6
CT,M,2012,Ty,6
CT,M,2012,Vincenzo,6
CT,M,2012,Wade,6
CT,M,2012,Yadiel,6
CT,M,2012,Alexavier,5
CT,M,2012,Alexzander,5
CT,M,2012,Alijah,5
CT,M,2012,Allan,5
CT,M,2012,Aydan,5
CT,M,2012,Beckett,5
CT,M,2012,Braeden,5
CT,M,2012,Braxton,5
CT,M,2012,Bruce,5
CT,M,2012,Camilo,5
CT,M,2012,Camren,5
CT,M,2012,Camron,5
CT,M,2012,Carmine,5
CT,M,2012,Cesar,5
CT,M,2012,Cian,5
CT,M,2012,Colten,5
CT,M,2012,Corbin,5
CT,M,2012,Cristiano,5
CT,M,2012,Cullen,5
CT,M,2012,Davion,5
CT,M,2012,Dexter,5
CT,M,2012,Dominik,5
CT,M,2012,Drake,5
CT,M,2012,Dwayne,5
CT,M,2012,Emilio,5
CT,M,2012,Franklin,5
CT,M,2012,Gary,5
CT,M,2012,Guy,5
CT,M,2012,Hector,5
CT,M,2012,Ishaan,5
CT,M,2012,Ismael,5
CT,M,2012,Jacoby,5
CT,M,2012,Jamison,5
CT,M,2012,Jared,5
CT,M,2012,Javon,5
CT,M,2012,Jaxen,5
CT,M,2012,Jaxton,5
CT,M,2012,Jaycob,5
CT,M,2012,Jayvian,5
CT,M,2012,Jefferson,5
CT,M,2012,Jionni,5
CT,M,2012,Jon,5
CT,M,2012,Jovan,5
CT,M,2012,Julien,5
CT,M,2012,Kareem,5
CT,M,2012,Kellan,5
CT,M,2012,Kelvin,5
CT,M,2012,Landen,5
CT,M,2012,Landyn,5
CT,M,2012,Larry,5
CT,M,2012,Maison,5
CT,M,2012,Marcello,5
CT,M,2012,Marcos,5
CT,M,2012,Mathew,5
CT,M,2012,Mathias,5
CT,M,2012,Maurice,5
CT,M,2012,Mayson,5
CT,M,2012,Messiah,5
CT,M,2012,Moises,5
CT,M,2012,Nikolai,5
CT,M,2012,Paxton,5
CT,M,2012,Phoenix,5
CT,M,2012,Prince,5
CT,M,2012,Quincy,5
CT,M,2012,Randy,5
CT,M,2012,Rashad,5
CT,M,2012,Reese,5
CT,M,2012,Rhys,5
CT,M,2012,Ronald,5
CT,M,2012,Ronan,5
CT,M,2012,Ruben,5
CT,M,2012,Russell,5
CT,M,2012,Samir,5
CT,M,2012,Siddharth,5
CT,M,2012,Stefan,5
CT,M,2012,Tate,5
CT,M,2012,Terrence,5
CT,M,2012,Toby,5
CT,M,2012,Tomas,5
CT,M,2012,Uriel,5
CT,M,2012,Valentino,5
CT,M,2012,Wilson,5
CT,M,2012,Yandel,5
CT,M,2012,Zack,5
CT,M,2012,Zackary,5
CT,M,2013,William,208
CT,M,2013,Mason,198
CT,M,2013,Jacob,193
CT,M,2013,Noah,192
CT,M,2013,Michael,187
CT,M,2013,Liam,185
CT,M,2013,Ethan,180
CT,M,2013,Joseph,179
CT,M,2013,Ryan,171
CT,M,2013,Dylan,170
CT,M,2013,Logan,168
CT,M,2013,Matthew,168
CT,M,2013,Anthony,167
CT,M,2013,James,167
CT,M,2013,Alexander,165
CT,M,2013,Lucas,152
CT,M,2013,Daniel,150
CT,M,2013,Jayden,148
CT,M,2013,Benjamin,145
CT,M,2013,Aiden,144
CT,M,2013,Andrew,143
CT,M,2013,Jackson,140
CT,M,2013,Joshua,137
CT,M,2013,Jack,131
CT,M,2013,John,127
CT,M,2013,Samuel,126
CT,M,2013,Gabriel,122
CT,M,2013,Nicholas,115
CT,M,2013,Nathan,112
CT,M,2013,David,109
CT,M,2013,Christopher,108
CT,M,2013,Carter,106
CT,M,2013,Evan,105
CT,M,2013,Luke,105
CT,M,2013,Elijah,102
CT,M,2013,Connor,98
CT,M,2013,Cameron,97
CT,M,2013,Owen,95
CT,M,2013,Julian,91
CT,M,2013,Tyler,90
CT,M,2013,Hunter,89
CT,M,2013,Henry,86
CT,M,2013,Christian,85
CT,M,2013,Jonathan,85
CT,M,2013,Thomas,85
CT,M,2013,Jeremiah,82
CT,M,2013,Sebastian,81
CT,M,2013,Chase,80
CT,M,2013,Robert,80
CT,M,2013,Isaac,79
CT,M,2013,Caleb,77
CT,M,2013,Kevin,77
CT,M,2013,Charles,76
CT,M,2013,Gavin,76
CT,M,2013,Oliver,74
CT,M,2013,Zachary,71
CT,M,2013,Eli,68
CT,M,2013,Blake,65
CT,M,2013,Dominic,65
CT,M,2013,Isaiah,64
CT,M,2013,Jordan,64
CT,M,2013,Jason,63
CT,M,2013,Landon,63
CT,M,2013,Brayden,62
CT,M,2013,Josiah,61
CT,M,2013,Xavier,60
CT,M,2013,Adrian,58
CT,M,2013,Austin,58
CT,M,2013,Nathaniel,58
CT,M,2013,Jaxon,57
CT,M,2013,Justin,57
CT,M,2013,Ian,56
CT,M,2013,Adam,53
CT,M,2013,Angel,51
CT,M,2013,Brandon,51
CT,M,2013,Jace,50
CT,M,2013,Tristan,50
CT,M,2013,Aaron,48
CT,M,2013,Ayden,48
CT,M,2013,Parker,48
CT,M,2013,Kayden,47
CT,M,2013,Colton,46
CT,M,2013,Edward,46
CT,M,2013,Giovanni,46
CT,M,2013,Levi,46
CT,M,2013,Colin,45
CT,M,2013,Maxwell,45
CT,M,2013,Wyatt,45
CT,M,2013,Alex,44
CT,M,2013,Leo,44
CT,M,2013,Max,44
CT,M,2013,Cole,43
CT,M,2013,Declan,42
CT,M,2013,Grayson,42
CT,M,2013,Peter,42
CT,M,2013,Jose,41
CT,M,2013,Luca,41
CT,M,2013,Camden,40
CT,M,2013,Nolan,40
CT,M,2013,Theodore,40
CT,M,2013,Brody,38
CT,M,2013,Kyle,37
CT,M,2013,Luis,37
CT,M,2013,Bryce,36
CT,M,2013,Jeremy,36
CT,M,2013,Cooper,34
CT,M,2013,Jake,34
CT,M,2013,Mark,34
CT,M,2013,Timothy,34
CT,M,2013,Vincent,34
CT,M,2013,Brian,33
CT,M,2013,Jayce,33
CT,M,2013,Richard,33
CT,M,2013,Carlos,32
CT,M,2013,George,32
CT,M,2013,Jaxson,32
CT,M,2013,Mateo,31
CT,M,2013,Elias,30
CT,M,2013,Paul,30
CT,M,2013,Nicolas,29
CT,M,2013,Brady,28
CT,M,2013,Greyson,28
CT,M,2013,Kaiden,28
CT,M,2013,Sean,28
CT,M,2013,Joel,27
CT,M,2013,Jonah,27
CT,M,2013,Patrick,27
CT,M,2013,Shane,27
CT,M,2013,Simon,27
CT,M,2013,Aidan,26
CT,M,2013,Bennett,26
CT,M,2013,Bryan,26
CT,M,2013,Juan,26
CT,M,2013,Leonardo,26
CT,M,2013,Steven,26
CT,M,2013,Wesley,26
CT,M,2013,Amir,25
CT,M,2013,Avery,25
CT,M,2013,Miguel,25
CT,M,2013,Miles,25
CT,M,2013,Harrison,24
CT,M,2013,Jeffrey,24
CT,M,2013,King,24
CT,M,2013,Preston,24
CT,M,2013,Jaden,23
CT,M,2013,Lorenzo,23
CT,M,2013,Riley,23
CT,M,2013,Silas,23
CT,M,2013,Dante,22
CT,M,2013,Eric,22
CT,M,2013,Everett,22
CT,M,2013,Hector,22
CT,M,2013,Hudson,22
CT,M,2013,Jayceon,22
CT,M,2013,Marcus,22
CT,M,2013,Ryder,22
CT,M,2013,Sawyer,22
CT,M,2013,Spencer,22
CT,M,2013,Trevor,22
CT,M,2013,Bradley,21
CT,M,2013,Finn,21
CT,M,2013,Kenneth,21
CT,M,2013,Quinn,21
CT,M,2013,Alan,20
CT,M,2013,Brendan,20
CT,M,2013,Damian,20
CT,M,2013,Grant,20
CT,M,2013,Jameson,20
CT,M,2013,Micah,20
CT,M,2013,Antonio,19
CT,M,2013,Cayden,19
CT,M,2013,Collin,19
CT,M,2013,Derek,19
CT,M,2013,Jude,19
CT,M,2013,Maddox,19
CT,M,2013,Matteo,19
CT,M,2013,Rocco,19
CT,M,2013,Victor,19
CT,M,2013,Bentley,18
CT,M,2013,Carson,18
CT,M,2013,Cody,18
CT,M,2013,Cristian,18
CT,M,2013,Frank,18
CT,M,2013,Jaiden,18
CT,M,2013,Jorge,18
CT,M,2013,Kaleb,18
CT,M,2013,Raymond,18
CT,M,2013,Rowan,18
CT,M,2013,Stephen,18
CT,M,2013,Alexis,17
CT,M,2013,Drew,17
CT,M,2013,Jase,17
CT,M,2013,Lincoln,17
CT,M,2013,Malachi,17
CT,M,2013,Marco,17
CT,M,2013,Myles,17
CT,M,2013,Nico,17
CT,M,2013,Thiago,17
CT,M,2013,Troy,17
CT,M,2013,Abel,16
CT,M,2013,Arthur,16
CT,M,2013,Caden,16
CT,M,2013,Charlie,16
CT,M,2013,Elliot,16
CT,M,2013,Emmanuel,16
CT,M,2013,Kaden,16
CT,M,2013,Lukas,16
CT,M,2013,Maximus,16
CT,M,2013,Santiago,16
CT,M,2013,Ashton,15
CT,M,2013,Calvin,15
CT,M,2013,Dean,15
CT,M,2013,Ezra,15
CT,M,2013,Jesus,15
CT,M,2013,Kai,15
CT,M,2013,Rylan,15
CT,M,2013,Scott,15
CT,M,2013,Travis,15
CT,M,2013,Xander,15
CT,M,2013,Alejandro,14
CT,M,2013,Devin,14
CT,M,2013,Ezekiel,14
CT,M,2013,Griffin,14
CT,M,2013,Reid,14
CT,M,2013,Roman,14
CT,M,2013,Santino,14
CT,M,2013,Zayden,14
CT,M,2013,Aarav,13
CT,M,2013,Andres,13
CT,M,2013,Angelo,13
CT,M,2013,Asher,13
CT,M,2013,Dillon,13
CT,M,2013,Edwin,13
CT,M,2013,Enzo,13
CT,M,2013,Erick,13
CT,M,2013,Felix,13
CT,M,2013,Gianni,13
CT,M,2013,Graham,13
CT,M,2013,Jayson,13
CT,M,2013,Karter,13
CT,M,2013,Manuel,13
CT,M,2013,Mathew,13
CT,M,2013,Abraham,12
CT,M,2013,Anderson,12
CT,M,2013,Andre,12
CT,M,2013,Bryson,12
CT,M,2013,Caiden,12
CT,M,2013,Colby,12
CT,M,2013,Corey,12
CT,M,2013,Emmett,12
CT,M,2013,Erik,12
CT,M,2013,Garrett,12
CT,M,2013,Gregory,12
CT,M,2013,Javier,12
CT,M,2013,Johnny,12
CT,M,2013,Keegan,12
CT,M,2013,Louis,12
CT,M,2013,Omar,12
CT,M,2013,Oscar,12
CT,M,2013,Rafael,12
CT,M,2013,Tanner,12
CT,M,2013,Zander,12
CT,M,2013,Zion,12
CT,M,2013,Albert,11
CT,M,2013,Ari,11
CT,M,2013,Armani,11
CT,M,2013,Axel,11
CT,M,2013,Carmelo,11
CT,M,2013,Dennis,11
CT,M,2013,Emanuel,11
CT,M,2013,Israel,11
CT,M,2013,Ivan,11
CT,M,2013,Marc,11
CT,M,2013,Milo,11
CT,M,2013,Muhammad,11
CT,M,2013,Nikolas,11
CT,M,2013,Ricardo,11
CT,M,2013,Tucker,11
CT,M,2013,Walter,11
CT,M,2013,Zaiden,11
CT,M,2013,Beckett,10
CT,M,2013,Chance,10
CT,M,2013,Damien,10
CT,M,2013,Dominick,10
CT,M,2013,Donovan,10
CT,M,2013,Elliott,10
CT,M,2013,Emerson,10
CT,M,2013,Harry,10
CT,M,2013,Hayden,10
CT,M,2013,Jaylen,10
CT,M,2013,Johnathan,10
CT,M,2013,Judah,10
CT,M,2013,Kingston,10
CT,M,2013,Leon,10
CT,M,2013,Luciano,10
CT,M,2013,Pedro,10
CT,M,2013,Quentin,10
CT,M,2013,Quincy,10
CT,M,2013,Salvatore,10
CT,M,2013,Arjun,9
CT,M,2013,Cesar,9
CT,M,2013,Dalton,9
CT,M,2013,Diego,9
CT,M,2013,Donald,9
CT,M,2013,Easton,9
CT,M,2013,Eduardo,9
CT,M,2013,Fabian,9
CT,M,2013,Francis,9
CT,M,2013,Giuseppe,9
CT,M,2013,Grady,9
CT,M,2013,Ibrahim,9
CT,M,2013,Jadiel,9
CT,M,2013,Jakob,9
CT,M,2013,Jax,9
CT,M,2013,Jefferson,9
CT,M,2013,Kamden,9
CT,M,2013,Keith,9
CT,M,2013,Leonard,9
CT,M,2013,Luka,9
CT,M,2013,Madden,9
CT,M,2013,Mario,9
CT,M,2013,Matias,9
CT,M,2013,Milan,9
CT,M,2013,Nelson,9
CT,M,2013,Rhys,9
CT,M,2013,Russell,9
CT,M,2013,Weston,9
CT,M,2013,Ahmed,8
CT,M,2013,Alden,8
CT,M,2013,Amari,8
CT,M,2013,August,8
CT,M,2013,Ayaan,8
CT,M,2013,Brooks,8
CT,M,2013,Clark,8
CT,M,2013,Desmond,8
CT,M,2013,Devon,8
CT,M,2013,Esteban,8
CT,M,2013,Francisco,8
CT,M,2013,Holden,8
CT,M,2013,Jacoby,8
CT,M,2013,Jalen,8
CT,M,2013,Jariel,8
CT,M,2013,Jay,8
CT,M,2013,Julien,8
CT,M,2013,Julius,8
CT,M,2013,Killian,8
CT,M,2013,Lawrence,8
CT,M,2013,Marshall,8
CT,M,2013,Martin,8
CT,M,2013,Mathias,8
CT,M,2013,Messiah,8
CT,M,2013,Mitchell,8
CT,M,2013,Pablo,8
CT,M,2013,Paxton,8
CT,M,2013,Philip,8
CT,M,2013,Rayan,8
CT,M,2013,Romeo,8
CT,M,2013,Sergio,8
CT,M,2013,Trent,8
CT,M,2013,Vincenzo,8
CT,M,2013,Aden,7
CT,M,2013,Adrien,7
CT,M,2013,Alessandro,7
CT,M,2013,Andy,7
CT,M,2013,Braden,7
CT,M,2013,Brantley,7
CT,M,2013,Braxton,7
CT,M,2013,Brennan,7
CT,M,2013,Bruce,7
CT,M,2013,Clayton,7
CT,M,2013,Dexter,7
CT,M,2013,Domenic,7
CT,M,2013,Gage,7
CT,M,2013,Gianluca,7
CT,M,2013,Iker,7
CT,M,2013,Jaime,7
CT,M,2013,Jamison,7
CT,M,2013,Jaycob,7
CT,M,2013,Joaquin,7
CT,M,2013,Jovanni,7
CT,M,2013,Kellan,7
CT,M,2013,Kellen,7
CT,M,2013,Kristian,7
CT,M,2013,London,7
CT,M,2013,Maverick,7
CT,M,2013,Orion,7
CT,M,2013,Peyton,7
CT,M,2013,Prince,7
CT,M,2013,Reed,7
CT,M,2013,Rory,7
CT,M,2013,Solomon,7
CT,M,2013,Tobias,7
CT,M,2013,Vivaan,7
CT,M,2013,Zackary,7
CT,M,2013,Zane,7
CT,M,2013,Zyaire,7
CT,M,2013,Abdiel,6
CT,M,2013,Aditya,6
CT,M,2013,Ahmad,6
CT,M,2013,Alec,6
CT,M,2013,Ali,6
CT,M,2013,Augustus,6
CT,M,2013,Boden,6
CT,M,2013,Brayan,6
CT,M,2013,Bryant,6
CT,M,2013,Camron,6
CT,M,2013,Carmine,6
CT,M,2013,Casey,6
CT,M,2013,Chris,6
CT,M,2013,Cruz,6
CT,M,2013,Curtis,6
CT,M,2013,Dane,6
CT,M,2013,Darren,6
CT,M,2013,Derrick,6
CT,M,2013,Dominik,6
CT,M,2013,Edgar,6
CT,M,2013,Emir,6
CT,M,2013,Franklin,6
CT,M,2013,Gideon,6
CT,M,2013,Graeme,6
CT,M,2013,Izaiah,6
CT,M,2013,Jared,6
CT,M,2013,Jasper,6
CT,M,2013,Javian,6
CT,M,2013,Jayvian,6
CT,M,2013,Jesse,6
CT,M,2013,Kameron,6
CT,M,2013,Keaton,6
CT,M,2013,Kelvin,6
CT,M,2013,Kristopher,6
CT,M,2013,Lucian,6
CT,M,2013,Makai,6
CT,M,2013,Malakai,6
CT,M,2013,Malcolm,6
CT,M,2013,Mohammed,6
CT,M,2013,Morgan,6
CT,M,2013,Neil,6
CT,M,2013,Rohan,6
CT,M,2013,Ronan,6
CT,M,2013,Seth,6
CT,M,2013,Sylas,6
CT,M,2013,Toby,6
CT,M,2013,Trenton,6
CT,M,2013,Tyson,6
CT,M,2013,Valentino,6
CT,M,2013,Walker,6
CT,M,2013,Yadiel,6
CT,M,2013,Yusuf,6
CT,M,2013,Aedan,5
CT,M,2013,Allan,5
CT,M,2013,Amar,5
CT,M,2013,Amare,5
CT,M,2013,Aryan,5
CT,M,2013,Aydin,5
CT,M,2013,Ben,5
CT,M,2013,Callen,5
CT,M,2013,Carl,5
CT,M,2013,Cash,5
CT,M,2013,Chandler,5
CT,M,2013,Channing,5
CT,M,2013,Dallas,5
CT,M,2013,Damon,5
CT,M,2013,Darius,5
CT,M,2013,Dashiell,5
CT,M,2013,Davi,5
CT,M,2013,Dax,5
CT,M,2013,Enrique,5
CT,M,2013,Ewan,5
CT,M,2013,Flynn,5
CT,M,2013,Frederick,5
CT,M,2013,Gael,5
CT,M,2013,Gary,5
CT,M,2013,Gunner,5
CT,M,2013,Hamza,5
CT,M,2013,Issac,5
CT,M,2013,Jair,5
CT,M,2013,Jan,5
CT,M,2013,Javien,5
CT,M,2013,Johan,5
CT,M,2013,Jovani,5
CT,M,2013,Julio,5
CT,M,2013,Kacper,5
CT,M,2013,Kalel,5
CT,M,2013,Kamari,5
CT,M,2013,Kendrick,5
CT,M,2013,Kieran,5
CT,M,2013,Kingsley,5
CT,M,2013,Kyrie,5
CT,M,2013,Leandro,5
CT,M,2013,Leland,5
CT,M,2013,Leonidas,5
CT,M,2013,Leroy,5
CT,M,2013,Lucien,5
CT,M,2013,Marcos,5
CT,M,2013,Matthias,5
CT,M,2013,Maximilian,5
CT,M,2013,Melvin,5
CT,M,2013,Nathanael,5
CT,M,2013,Nazir,5
CT,M,2013,Nehemiah,5
CT,M,2013,Noel,5
CT,M,2013,Phillip,5
CT,M,2013,Phoenix,5
CT,M,2013,Pierce,5
CT,M,2013,Pietro,5
CT,M,2013,Ramon,5
CT,M,2013,Randy,5
CT,M,2013,Raphael,5
CT,M,2013,Reese,5
CT,M,2013,Reyansh,5
CT,M,2013,Ryland,5
CT,M,2013,Sam,5
CT,M,2013,Samar,5
CT,M,2013,Shawn,5
CT,M,2013,Skylar,5
CT,M,2013,Skyler,5
CT,M,2013,Tate,5
CT,M,2013,Terrell,5
CT,M,2013,Thaddeus,5
CT,M,2013,Trey,5
CT,M,2013,Tyrell,5
CT,M,2013,Yariel,5
CT,M,2013,Zaire,5
CT,M,2014,Mason,230
CT,M,2014,Alexander,209
CT,M,2014,Noah,209
CT,M,2014,Jacob,207
CT,M,2014,Liam,195
CT,M,2014,Michael,194
CT,M,2014,Logan,183
CT,M,2014,Benjamin,179
CT,M,2014,Anthony,174
CT,M,2014,William,171
CT,M,2014,Joseph,169
CT,M,2014,James,167
CT,M,2014,Matthew,159
CT,M,2014,Daniel,156
CT,M,2014,Ryan,149
CT,M,2014,Ethan,148
CT,M,2014,Lucas,147
CT,M,2014,Owen,147
CT,M,2014,Andrew,146
CT,M,2014,Jack,136
CT,M,2014,John,136
CT,M,2014,Dylan,134
CT,M,2014,Aiden,132
CT,M,2014,Jayden,128
CT,M,2014,Gabriel,123
CT,M,2014,Christopher,122
CT,M,2014,Nathan,122
CT,M,2014,Nicholas,122
CT,M,2014,Jackson,117
CT,M,2014,Luke,116
CT,M,2014,Sebastian,116
CT,M,2014,Elijah,112
CT,M,2014,David,109
CT,M,2014,Christian,105
CT,M,2014,Thomas,105
CT,M,2014,Evan,104
CT,M,2014,Oliver,101
CT,M,2014,Cameron,100
CT,M,2014,Samuel,100
CT,M,2014,Joshua,97
CT,M,2014,Henry,96
CT,M,2014,Carter,92
CT,M,2014,Connor,90
CT,M,2014,Hunter,87
CT,M,2014,Jeremiah,86
CT,M,2014,Landon,85
CT,M,2014,Tyler,83
CT,M,2014,Caleb,82
CT,M,2014,Charles,76
CT,M,2014,Dominic,76
CT,M,2014,Chase,75
CT,M,2014,Gavin,74
CT,M,2014,Julian,74
CT,M,2014,Robert,73
CT,M,2014,Jonathan,72
CT,M,2014,Austin,71
CT,M,2014,Zachary,69
CT,M,2014,Cole,67
CT,M,2014,Colton,67
CT,M,2014,Jaxon,65
CT,M,2014,Adrian,64
CT,M,2014,Luca,63
CT,M,2014,Grayson,60
CT,M,2014,Nathaniel,60
CT,M,2014,Isaac,57
CT,M,2014,Brandon,56
CT,M,2014,Parker,56
CT,M,2014,Adam,55
CT,M,2014,Jordan,55
CT,M,2014,Xavier,55
CT,M,2014,Jace,54
CT,M,2014,Josiah,53
CT,M,2014,Brayden,51
CT,M,2014,Isaiah,51
CT,M,2014,Theodore,51
CT,M,2014,Aaron,50
CT,M,2014,Blake,50
CT,M,2014,Colin,50
CT,M,2014,Declan,49
CT,M,2014,Eli,49
CT,M,2014,Kevin,49
CT,M,2014,Leo,49
CT,M,2014,Angel,47
CT,M,2014,Jason,47
CT,M,2014,Brody,46
CT,M,2014,Kayden,46
CT,M,2014,Maxwell,45
CT,M,2014,Nolan,45
CT,M,2014,George,44
CT,M,2014,Justin,44
CT,M,2014,Bryce,43
CT,M,2014,Camden,43
CT,M,2014,Wyatt,43
CT,M,2014,Elias,42
CT,M,2014,Patrick,42
CT,M,2014,Cooper,41
CT,M,2014,Giovanni,41
CT,M,2014,Luis,41
CT,M,2014,Vincent,41
CT,M,2014,Hudson,40
CT,M,2014,Jaxson,40
CT,M,2014,Ian,39
CT,M,2014,Edward,38
CT,M,2014,Levi,38
CT,M,2014,Sean,38
CT,M,2014,Ayden,37
CT,M,2014,Brian,37
CT,M,2014,Max,37
CT,M,2014,Jose,36
CT,M,2014,Jake,35
CT,M,2014,Nicolas,35
CT,M,2014,Ryder,35
CT,M,2014,Sawyer,35
CT,M,2014,Aidan,33
CT,M,2014,Alex,33
CT,M,2014,Greyson,33
CT,M,2014,Tristan,33
CT,M,2014,Jameson,32
CT,M,2014,Derek,31
CT,M,2014,Jayceon,31
CT,M,2014,Paul,31
CT,M,2014,Peter,31
CT,M,2014,Wesley,31
CT,M,2014,Carson,30
CT,M,2014,Leonardo,30
CT,M,2014,Richard,30
CT,M,2014,Eric,29
CT,M,2014,Miles,29
CT,M,2014,Victor,29
CT,M,2014,Cayden,28
CT,M,2014,Jeremy,28
CT,M,2014,Jonah,28
CT,M,2014,Kyle,28
CT,M,2014,Lincoln,28
CT,M,2014,Lorenzo,28
CT,M,2014,Asher,27
CT,M,2014,Carlos,27
CT,M,2014,Amir,26
CT,M,2014,Brady,26
CT,M,2014,Jaden,26
CT,M,2014,Juan,26
CT,M,2014,Kaiden,26
CT,M,2014,Marcus,26
CT,M,2014,Matteo,26
CT,M,2014,Timothy,26
CT,M,2014,Antonio,25
CT,M,2014,Griffin,25
CT,M,2014,Harrison,25
CT,M,2014,Jayce,25
CT,M,2014,Mark,25
CT,M,2014,Bryan,24
CT,M,2014,Emmett,24
CT,M,2014,King,24
CT,M,2014,Silas,24
CT,M,2014,Steven,24
CT,M,2014,Bradley,23
CT,M,2014,Drew,23
CT,M,2014,Joel,23
CT,M,2014,Preston,23
CT,M,2014,Bennett,22
CT,M,2014,Damian,22
CT,M,2014,Grant,22
CT,M,2014,Dean,21
CT,M,2014,Julius,21
CT,M,2014,Tucker,21
CT,M,2014,Weston,21
CT,M,2014,Alan,20
CT,M,2014,Kai,20
CT,M,2014,Kaleb,20
CT,M,2014,Maddox,20
CT,M,2014,Mateo,20
CT,M,2014,Myles,20
CT,M,2014,Raymond,20
CT,M,2014,Stephen,20
CT,M,2014,Angelo,19
CT,M,2014,Avery,19
CT,M,2014,Brendan,19
CT,M,2014,Devin,19
CT,M,2014,Gregory,19
CT,M,2014,Jase,19
CT,M,2014,Miguel,19
CT,M,2014,Riley,19
CT,M,2014,Dante,18
CT,M,2014,Ezra,18
CT,M,2014,Finn,18
CT,M,2014,Frank,18
CT,M,2014,Graham,18
CT,M,2014,Simon,18
CT,M,2014,Trevor,18
CT,M,2014,Ezekiel,17
CT,M,2014,Jeffrey,17
CT,M,2014,Keegan,17
CT,M,2014,Kenneth,17
CT,M,2014,Malachi,17
CT,M,2014,Marco,17
CT,M,2014,Maximus,17
CT,M,2014,Micah,17
CT,M,2014,Nico,17
CT,M,2014,Omar,17
CT,M,2014,Bentley,16
CT,M,2014,Bryson,16
CT,M,2014,Calvin,16
CT,M,2014,Chance,16
CT,M,2014,Edwin,16
CT,M,2014,Elliot,16
CT,M,2014,Enzo,16
CT,M,2014,Everett,16
CT,M,2014,Gianni,16
CT,M,2014,Jude,16
CT,M,2014,Kellan,16
CT,M,2014,Shane,16
CT,M,2014,Alec,15
CT,M,2014,Ashton,15
CT,M,2014,Elliott,15
CT,M,2014,Finnegan,15
CT,M,2014,Kaden,15
CT,M,2014,Rory,15
CT,M,2014,Santiago,15
CT,M,2014,Spencer,15
CT,M,2014,Aden,14
CT,M,2014,Alejandro,14
CT,M,2014,Corey,14
CT,M,2014,Cristian,14
CT,M,2014,Francis,14
CT,M,2014,Garrett,14
CT,M,2014,Ivan,14
CT,M,2014,Jaiden,14
CT,M,2014,Jasper,14
CT,M,2014,Jax,14
CT,M,2014,Jay,14
CT,M,2014,Karter,14
CT,M,2014,Philip,14
CT,M,2014,Quinn,14
CT,M,2014,Rafael,14
CT,M,2014,Rylan,14
CT,M,2014,Zion,14
CT,M,2014,Axel,13
CT,M,2014,Brooks,13
CT,M,2014,Caiden,13
CT,M,2014,Charlie,13
CT,M,2014,Conor,13
CT,M,2014,Damien,13
CT,M,2014,Diego,13
CT,M,2014,Donovan,13
CT,M,2014,Jesse,13
CT,M,2014,Jesus,13
CT,M,2014,Josue,13
CT,M,2014,Louis,13
CT,M,2014,Lukas,13
CT,M,2014,Roman,13
CT,M,2014,Santino,13
CT,M,2014,Zayden,13
CT,M,2014,Abraham,12
CT,M,2014,Ali,12
CT,M,2014,Caden,12
CT,M,2014,Collin,12
CT,M,2014,Erick,12
CT,M,2014,Jadiel,12
CT,M,2014,Oscar,12
CT,M,2014,Sam,12
CT,M,2014,Thiago,12
CT,M,2014,Walter,12
CT,M,2014,Abel,11
CT,M,2014,Anderson,11
CT,M,2014,Andre,11
CT,M,2014,Archer,11
CT,M,2014,Beau,11
CT,M,2014,Cody,11
CT,M,2014,Dominick,11
CT,M,2014,Donald,11
CT,M,2014,Emmanuel,11
CT,M,2014,Frederick,11
CT,M,2014,Holden,11
CT,M,2014,Iker,11
CT,M,2014,Johnathan,11
CT,M,2014,Leon,11
CT,M,2014,Matias,11
CT,M,2014,Muhammad,11
CT,M,2014,Noel,11
CT,M,2014,Ryker,11
CT,M,2014,Seth,11
CT,M,2014,Tanner,11
CT,M,2014,Travis,11
CT,M,2014,Abdullah,10
CT,M,2014,Albert,10
CT,M,2014,Andres,10
CT,M,2014,Arjun,10
CT,M,2014,Arthur,10
CT,M,2014,Braden,10
CT,M,2014,Conner,10
CT,M,2014,Desmond,10
CT,M,2014,Emanuel,10
CT,M,2014,Israel,10
CT,M,2014,Javier,10
CT,M,2014,Luciano,10
CT,M,2014,Malcolm,10
CT,M,2014,Manuel,10
CT,M,2014,Odin,10
CT,M,2014,Paxton,10
CT,M,2014,Pedro,10
CT,M,2014,Ricardo,10
CT,M,2014,Rowan,10
CT,M,2014,Seamus,10
CT,M,2014,Xander,10
CT,M,2014,Amari,9
CT,M,2014,Ari,9
CT,M,2014,August,9
CT,M,2014,Dallas,9
CT,M,2014,Dustin,9
CT,M,2014,Easton,9
CT,M,2014,Ellis,9
CT,M,2014,Felix,9
CT,M,2014,Gage,9
CT,M,2014,Gideon,9
CT,M,2014,Jayson,9
CT,M,2014,Johnny,9
CT,M,2014,Jorge,9
CT,M,2014,Lennox,9
CT,M,2014,Malik,9
CT,M,2014,Marshall,9
CT,M,2014,Ronan,9
CT,M,2014,Scott,9
CT,M,2014,Shawn,9
CT,M,2014,Troy,9
CT,M,2014,Zaire,9
CT,M,2014,Arnav,8
CT,M,2014,Ben,8
CT,M,2014,Carmelo,8
CT,M,2014,Colby,8
CT,M,2014,Corbin,8
CT,M,2014,Dalton,8
CT,M,2014,Davi,8
CT,M,2014,Douglas,8
CT,M,2014,Emerson,8
CT,M,2014,Erik,8
CT,M,2014,Ezequiel,8
CT,M,2014,Fabian,8
CT,M,2014,Grady,8
CT,M,2014,Hamza,8
CT,M,2014,Hayden,8
CT,M,2014,Jayvian,8
CT,M,2014,Kareem,8
CT,M,2014,Khalil,8
CT,M,2014,Kieran,8
CT,M,2014,Kingston,8
CT,M,2014,Kyrie,8
CT,M,2014,London,8
CT,M,2014,Mario,8
CT,M,2014,Marvin,8
CT,M,2014,Milan,8
CT,M,2014,Nasir,8
CT,M,2014,Neymar,8
CT,M,2014,Phillip,8
CT,M,2014,Randy,8
CT,M,2014,Reed,8
CT,M,2014,Reid,8
CT,M,2014,Remy,8
CT,M,2014,Rocco,8
CT,M,2014,Skyler,8
CT,M,2014,Tobias,8
CT,M,2014,Yariel,8
CT,M,2014,Zain,8
CT,M,2014,Aarav,7
CT,M,2014,Abdiel,7
CT,M,2014,Adriel,7
CT,M,2014,Alessandro,7
CT,M,2014,Alexis,7
CT,M,2014,Andy,7
CT,M,2014,Armani,7
CT,M,2014,Boden,7
CT,M,2014,Brennan,7
CT,M,2014,Bruce,7
CT,M,2014,Chris,7
CT,M,2014,Cristiano,7
CT,M,2014,Cyrus,7
CT,M,2014,Danny,7
CT,M,2014,Davian,7
CT,M,2014,Dillon,7
CT,M,2014,Edgar,7
CT,M,2014,Fernando,7
CT,M,2014,Gunnar,7
CT,M,2014,Ibrahim,7
CT,M,2014,Jared,7
CT,M,2014,Jefferson,7
CT,M,2014,Justice,7
CT,M,2014,Kenny,7
CT,M,2014,Luka,7
CT,M,2014,Maison,7
CT,M,2014,Martin,7
CT,M,2014,Mathias,7
CT,M,2014,Messiah,7
CT,M,2014,Mitchell,7
CT,M,2014,Mohammad,7
CT,M,2014,Nehemiah,7
CT,M,2014,Orlando,7
CT,M,2014,Rayan,7
CT,M,2014,Reyansh,7
CT,M,2014,Russell,7
CT,M,2014,Salvatore,7
CT,M,2014,Solomon,7
CT,M,2014,Taylor,7
CT,M,2014,Theo,7
CT,M,2014,Tomas,7
CT,M,2014,Tyson,7
CT,M,2014,Warren,7
CT,M,2014,Wilson,7
CT,M,2014,Zackary,7
CT,M,2014,Zane,7
CT,M,2014,Aleksander,6
CT,M,2014,Alfredo,6
CT,M,2014,Allen,6
CT,M,2014,Ayaan,6
CT,M,2014,Barrett,6
CT,M,2014,Beckett,6
CT,M,2014,Brantley,6
CT,M,2014,Braxton,6
CT,M,2014,Callan,6
CT,M,2014,Callen,6
CT,M,2014,Callum,6
CT,M,2014,Camron,6
CT,M,2014,Carmine,6
CT,M,2014,Castiel,6
CT,M,2014,Dominik,6
CT,M,2014,Edison,6
CT,M,2014,Eduardo,6
CT,M,2014,Finley,6
CT,M,2014,Franklin,6
CT,M,2014,Ismael,6
CT,M,2014,Jai,6
CT,M,2014,Jaime,6
CT,M,2014,Jalen,6
CT,M,2014,Jamie,6
CT,M,2014,Jaylen,6
CT,M,2014,Jean,6
CT,M,2014,Jeremih,6
CT,M,2014,Jon,6
CT,M,2014,Judah,6
CT,M,2014,Julien,6
CT,M,2014,Kamden,6
CT,M,2014,Keith,6
CT,M,2014,Kellen,6
CT,M,2014,Kelvin,6
CT,M,2014,Killian,6
CT,M,2014,Kymani,6
CT,M,2014,Landen,6
CT,M,2014,Leland,6
CT,M,2014,Lucian,6
CT,M,2014,Malakai,6
CT,M,2014,Maverick,6
CT,M,2014,Neil,6
CT,M,2014,Nickolas,6
CT,M,2014,Niko,6
CT,M,2014,Orion,6
CT,M,2014,Peyton,6
CT,M,2014,Porter,6
CT,M,2014,Prince,6
CT,M,2014,Raphael,6
CT,M,2014,Roberto,6
CT,M,2014,Romeo,6
CT,M,2014,Samir,6
CT,M,2014,Shaun,6
CT,M,2014,Stanley,6
CT,M,2014,Tate,6
CT,M,2014,Tenzin,6
CT,M,2014,Trent,6
CT,M,2014,Vihaan,6
CT,M,2014,Vincenzo,6
CT,M,2014,Walker,6
CT,M,2014,Winston,6
CT,M,2014,Yadiel,6
CT,M,2014,Yusuf,6
CT,M,2014,Zander,6
CT,M,2014,Ahmad,5
CT,M,2014,Alden,5
CT,M,2014,Alessio,5
CT,M,2014,Allan,5
CT,M,2014,Ansh,5
CT,M,2014,Ayan,5
CT,M,2014,Benicio,5
CT,M,2014,Braeden,5
CT,M,2014,Brecken,5
CT,M,2014,Brycen,5
CT,M,2014,Byron,5
CT,M,2014,Cade,5
CT,M,2014,Camdyn,5
CT,M,2014,Camren,5
CT,M,2014,Carl,5
CT,M,2014,Cassius,5
CT,M,2014,Clayton,5
CT,M,2014,Colt,5
CT,M,2014,Cullen,5
CT,M,2014,Deandre,5
CT,M,2014,Dennis,5
CT,M,2014,Dimitri,5
CT,M,2014,Eden,5
CT,M,2014,Emiliano,5
CT,M,2014,Emilio,5
CT,M,2014,Enrique,5
CT,M,2014,Eugene,5
CT,M,2014,Giancarlo,5
CT,M,2014,Harold,5
CT,M,2014,Hector,5
CT,M,2014,Jakob,5
CT,M,2014,Javian,5
CT,M,2014,Jaycob,5
CT,M,2014,Jayvion,5
CT,M,2014,Jensen,5
CT,M,2014,Johan,5
CT,M,2014,Jovani,5
CT,M,2014,Kamren,5
CT,M,2014,Kian,5
CT,M,2014,Kristopher,5
CT,M,2014,Lawrence,5
CT,M,2014,Leighton,5
CT,M,2014,Leonel,5
CT,M,2014,Leonidas,5
CT,M,2014,Marcello,5
CT,M,2014,Marcelo,5
CT,M,2014,Mathew,5
CT,M,2014,Maximiliano,5
CT,M,2014,Milo,5
CT,M,2014,Mustafa,5
CT,M,2014,Nash,5
CT,M,2014,Nathanael,5
CT,M,2014,Nazir,5
CT,M,2014,Nikolai,5
CT,M,2014,Pablo,5
CT,M,2014,Pranav,5
CT,M,2014,Raheem,5
CT,M,2014,Rhys,5
CT,M,2014,River,5
CT,M,2014,Ronald,5
CT,M,2014,Tiago,5
CT,M,2014,Trenton,5
CT,M,2014,Vivaan,5
CT,M,2015,Noah,216
CT,M,2015,Mason,213
CT,M,2015,Alexander,189
CT,M,2015,Liam,186
CT,M,2015,Jacob,180
CT,M,2015,Benjamin,178
CT,M,2015,Michael,177
CT,M,2015,William,177
CT,M,2015,Matthew,169
CT,M,2015,Logan,167
CT,M,2015,Joseph,166
CT,M,2015,Ethan,165
CT,M,2015,James,161
CT,M,2015,Ryan,159
CT,M,2015,Anthony,157
CT,M,2015,Daniel,154
CT,M,2015,Dylan,154
CT,M,2015,Lucas,149
CT,M,2015,John,136
CT,M,2015,Jack,132
CT,M,2015,Samuel,128
CT,M,2015,Aiden,127
CT,M,2015,Jackson,123
CT,M,2015,David,118
CT,M,2015,Gabriel,117
CT,M,2015,Andrew,114
CT,M,2015,Luke,114
CT,M,2015,Julian,113
CT,M,2015,Owen,113
CT,M,2015,Cameron,112
CT,M,2015,Nathan,112
CT,M,2015,Carter,111
CT,M,2015,Joshua,109
CT,M,2015,Oliver,105
CT,M,2015,Jayden,102
CT,M,2015,Christopher,99
CT,M,2015,Thomas,98
CT,M,2015,Caleb,97
CT,M,2015,Sebastian,97
CT,M,2015,Elijah,96
CT,M,2015,Henry,93
CT,M,2015,Nicholas,90
CT,M,2015,Christian,87
CT,M,2015,Connor,84
CT,M,2015,Chase,81
CT,M,2015,Luca,81
CT,M,2015,Jonathan,78
CT,M,2015,Zachary,76
CT,M,2015,Jeremiah,75
CT,M,2015,Landon,75
CT,M,2015,Grayson,73
CT,M,2015,Adrian,71
CT,M,2015,Isaac,71
CT,M,2015,Josiah,71
CT,M,2015,Evan,70
CT,M,2015,Tyler,70
CT,M,2015,Wyatt,69
CT,M,2015,Theodore,68
CT,M,2015,Charles,67
CT,M,2015,Gavin,67
CT,M,2015,Jordan,67
CT,M,2015,Jaxon,66
CT,M,2015,Colton,65
CT,M,2015,Adam,63
CT,M,2015,Hunter,62
CT,M,2015,Dominic,61
CT,M,2015,Maxwell,58
CT,M,2015,Robert,58
CT,M,2015,Max,57
CT,M,2015,Angel,56
CT,M,2015,Austin,55
CT,M,2015,Isaiah,55
CT,M,2015,Justin,54
CT,M,2015,Kayden,54
CT,M,2015,Nolan,54
CT,M,2015,Declan,53
CT,M,2015,Jason,53
CT,M,2015,Colin,52
CT,M,2015,Eli,52
CT,M,2015,Leo,52
CT,M,2015,Levi,52
CT,M,2015,Brayden,51
CT,M,2015,Tristan,51
CT,M,2015,Ian,50
CT,M,2015,Luis,50
CT,M,2015,Aaron,49
CT,M,2015,Cole,49
CT,M,2015,Xavier,49
CT,M,2015,Jayce,48
CT,M,2015,Blake,47
CT,M,2015,Jace,47
CT,M,2015,Brandon,46
CT,M,2015,George,46
CT,M,2015,Hudson,46
CT,M,2015,Nathaniel,45
CT,M,2015,Kevin,44
CT,M,2015,Cooper,43
CT,M,2015,Parker,41
CT,M,2015,Peter,41
CT,M,2015,Brody,40
CT,M,2015,Elias,40
CT,M,2015,Vincent,40
CT,M,2015,Brady,39
CT,M,2015,Bryce,39
CT,M,2015,Miles,39
CT,M,2015,Jaxson,37
CT,M,2015,Patrick,37
CT,M,2015,Camden,36
CT,M,2015,Timothy,36
CT,M,2015,Greyson,34
CT,M,2015,Jose,34
CT,M,2015,Leonardo,33
CT,M,2015,Ayden,31
CT,M,2015,Eric,31
CT,M,2015,Ezra,31
CT,M,2015,Carson,30
CT,M,2015,Giovanni,30
CT,M,2015,Harrison,30
CT,M,2015,Jameson,30
CT,M,2015,Jeremy,30
CT,M,2015,Kaiden,30
CT,M,2015,Calvin,29
CT,M,2015,Emmett,29
CT,M,2015,Jake,29
CT,M,2015,Kai,29
CT,M,2015,Lorenzo,29
CT,M,2015,Mateo,29
CT,M,2015,Roman,29
CT,M,2015,Ryder,29
CT,M,2015,Edward,28
CT,M,2015,Kaleb,28
CT,M,2015,King,28
CT,M,2015,Kyle,28
CT,M,2015,Sean,28
CT,M,2015,Wesley,28
CT,M,2015,Amir,27
CT,M,2015,Bentley,27
CT,M,2015,Bryan,27
CT,M,2015,Julius,27
CT,M,2015,Nicolas,27
CT,M,2015,Alex,26
CT,M,2015,Antonio,26
CT,M,2015,Asher,26
CT,M,2015,Lincoln,26
CT,M,2015,Matteo,26
CT,M,2015,Richard,26
CT,M,2015,Brian,25
CT,M,2015,Caden,25
CT,M,2015,Dean,25
CT,M,2015,Elliot,24
CT,M,2015,Finn,24
CT,M,2015,Silas,24
CT,M,2015,Aidan,23
CT,M,2015,Everett,23
CT,M,2015,Joel,23
CT,M,2015,Bradley,22
CT,M,2015,Jonah,22
CT,M,2015,Steven,22
CT,M,2015,Victor,22
CT,M,2015,Alejandro,21
CT,M,2015,Bryson,21
CT,M,2015,Carlos,21
CT,M,2015,Dante,21
CT,M,2015,Elliott,21
CT,M,2015,Emmanuel,21
CT,M,2015,Marco,21
CT,M,2015,Marcus,21
CT,M,2015,Miguel,21
CT,M,2015,Riley,21
CT,M,2015,August,20
CT,M,2015,Axel,20
CT,M,2015,Charlie,20
CT,M,2015,Derek,20
CT,M,2015,Grant,20
CT,M,2015,Mark,20
CT,M,2015,Micah,20
CT,M,2015,Santiago,20
CT,M,2015,Stephen,20
CT,M,2015,Weston,20
CT,M,2015,Avery,19
CT,M,2015,Damian,19
CT,M,2015,Graham,19
CT,M,2015,Kyrie,19
CT,M,2015,Lukas,19
CT,M,2015,Nico,19
CT,M,2015,Paul,19
CT,M,2015,Ronan,19
CT,M,2015,Sawyer,19
CT,M,2015,Cody,18
CT,M,2015,Frank,18
CT,M,2015,Griffin,18
CT,M,2015,Karter,18
CT,M,2015,Malachi,18
CT,M,2015,Caiden,17
CT,M,2015,Edwin,17
CT,M,2015,Ezekiel,17
CT,M,2015,Jaden,17
CT,M,2015,Keegan,17
CT,M,2015,Maddox,17
CT,M,2015,Oscar,17
CT,M,2015,Simon,17
CT,M,2015,Spencer,17
CT,M,2015,Trevor,17
CT,M,2015,Zayden,17
CT,M,2015,Zion,17
CT,M,2015,Alan,16
CT,M,2015,Arthur,16
CT,M,2015,Donovan,16
CT,M,2015,Easton,16
CT,M,2015,Enzo,16
CT,M,2015,Ivan,16
CT,M,2015,Jayceon,16
CT,M,2015,Juan,16
CT,M,2015,Maximus,16
CT,M,2015,Preston,16
CT,M,2015,Rory,16
CT,M,2015,Santino,16
CT,M,2015,Abel,15
CT,M,2015,Amari,15
CT,M,2015,Ashton,15
CT,M,2015,Beau,15
CT,M,2015,Bennett,15
CT,M,2015,Jaiden,15
CT,M,2015,Jesse,15
CT,M,2015,Louis,15
CT,M,2015,Peyton,15
CT,M,2015,Tucker,15
CT,M,2015,Beckett,14
CT,M,2015,Kenneth,14
CT,M,2015,Maximilian,14
CT,M,2015,Omar,14
CT,M,2015,Rowan,14
CT,M,2015,Aarav,13
CT,M,2015,Abraham,13
CT,M,2015,Alexis,13
CT,M,2015,Brendan,13
CT,M,2015,Cayden,13
CT,M,2015,Felix,13
CT,M,2015,Judah,13
CT,M,2015,Killian,13
CT,M,2015,Leon,13
CT,M,2015,Luciano,13
CT,M,2015,Myles,13
CT,M,2015,Raymond,13
CT,M,2015,Xander,13
CT,M,2015,Ali,12
CT,M,2015,Cristian,12
CT,M,2015,Dominick,12
CT,M,2015,Francis,12
CT,M,2015,Hayden,12
CT,M,2015,Holden,12
CT,M,2015,Jude,12
CT,M,2015,Mohammed,12
CT,M,2015,Philip,12
CT,M,2015,Rafael,12
CT,M,2015,Reid,12
CT,M,2015,Rocco,12
CT,M,2015,Shane,12
CT,M,2015,Thiago,12
CT,M,2015,Zane,12
CT,M,2015,Angelo,11
CT,M,2015,Arjun,11
CT,M,2015,Brooks,11
CT,M,2015,Chance,11
CT,M,2015,Diego,11
CT,M,2015,Emilio,11
CT,M,2015,Erick,11
CT,M,2015,Garrett,11
CT,M,2015,Gianni,11
CT,M,2015,Kaden,11
CT,M,2015,Maverick,11
CT,M,2015,Messiah,11
CT,M,2015,Nikolai,11
CT,M,2015,Quinn,11
CT,M,2015,Rylan,11
CT,M,2015,Seth,11
CT,M,2015,Travis,11
CT,M,2015,Vincenzo,11
CT,M,2015,Abdullah,10
CT,M,2015,Andres,10
CT,M,2015,Collin,10
CT,M,2015,Corey,10
CT,M,2015,Emerson,10
CT,M,2015,Finnegan,10
CT,M,2015,Jadiel,10
CT,M,2015,Jase,10
CT,M,2015,Jax,10
CT,M,2015,Jayson,10
CT,M,2015,Jeffrey,10
CT,M,2015,Johnathan,10
CT,M,2015,Josue,10
CT,M,2015,Muhammad,10
CT,M,2015,Nathanael,10
CT,M,2015,Nehemiah,10
CT,M,2015,Raphael,10
CT,M,2015,Roberto,10
CT,M,2015,Vihaan,10
CT,M,2015,Walter,10
CT,M,2015,Zander,10
CT,M,2015,Anderson,9
CT,M,2015,Archer,9
CT,M,2015,Brennan,9
CT,M,2015,Colby,9
CT,M,2015,Conor,9
CT,M,2015,Devin,9
CT,M,2015,Emanuel,9
CT,M,2015,Hugo,9
CT,M,2015,Ishaan,9
CT,M,2015,Jared,9
CT,M,2015,Kingston,9
CT,M,2015,Luka,9
CT,M,2015,Malcolm,9
CT,M,2015,Malik,9
CT,M,2015,Pedro,9
CT,M,2015,Riaan,9
CT,M,2015,Skyler,9
CT,M,2015,Tanner,9
CT,M,2015,Theo,9
CT,M,2015,Trent,9
CT,M,2015,Troy,9
CT,M,2015,Yadiel,9
CT,M,2015,Adriel,8
CT,M,2015,Alec,8
CT,M,2015,Andre,8
CT,M,2015,Braeden,8
CT,M,2015,Callen,8
CT,M,2015,Carmelo,8
CT,M,2015,Curtis,8
CT,M,2015,Cyrus,8
CT,M,2015,Francisco,8
CT,M,2015,Grady,8
CT,M,2015,Gregory,8
CT,M,2015,Hector,8
CT,M,2015,Jakob,8
CT,M,2015,Jasper,8
CT,M,2015,Javier,8
CT,M,2015,Johan,8
CT,M,2015,Jonas,8
CT,M,2015,Kamden,8
CT,M,2015,Kameron,8
CT,M,2015,Keith,8
CT,M,2015,Kristian,8
CT,M,2015,Mario,8
CT,M,2015,Matias,8
CT,M,2015,Maxim,8
CT,M,2015,Milo,8
CT,M,2015,Mohamed,8
CT,M,2015,Nasir,8
CT,M,2015,Neil,8
CT,M,2015,Phillip,8
CT,M,2015,Quincy,8
CT,M,2015,Rayan,8
CT,M,2015,Ricardo,8
CT,M,2015,Royce,8
CT,M,2015,Scott,8
CT,M,2015,Waylon,8
CT,M,2015,Aaden,7
CT,M,2015,Ahmed,7
CT,M,2015,Andreas,7
CT,M,2015,Andy,7
CT,M,2015,Augustus,7
CT,M,2015,Carmine,7
CT,M,2015,Cristiano,7
CT,M,2015,Desmond,7
CT,M,2015,Drew,7
CT,M,2015,Gunnar,7
CT,M,2015,Harris,7
CT,M,2015,Jesus,7
CT,M,2015,Joaquin,7
CT,M,2015,Jorge,7
CT,M,2015,Joziah,7
CT,M,2015,Khalil,7
CT,M,2015,Kieran,7
CT,M,2015,Malakai,7
CT,M,2015,Neymar,7
CT,M,2015,Noel,7
CT,M,2015,Omari,7
CT,M,2015,Phoenix,7
CT,M,2015,Reed,7
CT,M,2015,Rhys,7
CT,M,2015,Ronald,7
CT,M,2015,Shiloh,7
CT,M,2015,Stanley,7
CT,M,2015,Stefan,7
CT,M,2015,Trenton,7
CT,M,2015,Warren,7
CT,M,2015,Wilson,7
CT,M,2015,Yousef,7
CT,M,2015,Aarush,6
CT,M,2015,Alessandro,6
CT,M,2015,Armani,6
CT,M,2015,Atlas,6
CT,M,2015,Atticus,6
CT,M,2015,Ayaan,6
CT,M,2015,Aydin,6
CT,M,2015,Bowen,6
CT,M,2015,Braxton,6
CT,M,2015,Bruce,6
CT,M,2015,Casey,6
CT,M,2015,Chris,6
CT,M,2015,Cullen,6
CT,M,2015,Dakota,6
CT,M,2015,Damon,6
CT,M,2015,Darwin,6
CT,M,2015,Davi,6
CT,M,2015,Devon,6
CT,M,2015,Dexter,6
CT,M,2015,Dillon,6
CT,M,2015,Edgar,6
CT,M,2015,Elian,6
CT,M,2015,Emmet,6
CT,M,2015,Fabian,6
CT,M,2015,Finley,6
CT,M,2015,Franklin,6
CT,M,2015,Frederick,6
CT,M,2015,Grey,6
CT,M,2015,Harry,6
CT,M,2015,Henrik,6
CT,M,2015,Jariel,6
CT,M,2015,Jasiah,6
CT,M,2015,Jefferson,6
CT,M,2015,Jermaine,6
CT,M,2015,Julio,6
CT,M,2015,Kamren,6
CT,M,2015,Kyree,6
CT,M,2015,Lennox,6
CT,M,2015,Marcos,6
CT,M,2015,Martin,6
CT,M,2015,Massimo,6
CT,M,2015,Mathew,6
CT,M,2015,Matthias,6
CT,M,2015,Musa,6
CT,M,2015,Nash,6
CT,M,2015,Pablo,6
CT,M,2015,Paxton,6
CT,M,2015,Prince,6
CT,M,2015,Quentin,6
CT,M,2015,Romeo,6
CT,M,2015,Ronin,6
CT,M,2015,Russell,6
CT,M,2015,Ryker,6
CT,M,2015,Sam,6
CT,M,2015,Solomon,6
CT,M,2015,Taylor,6
CT,M,2015,Tyshawn,6
CT,M,2015,Tyson,6
CT,M,2015,Abram,5
CT,M,2015,Ace,5
CT,M,2015,Adonis,5
CT,M,2015,Albert,5
CT,M,2015,Alijah,5
CT,M,2015,Allen,5
CT,M,2015,Ariel,5
CT,M,2015,Arlo,5
CT,M,2015,Bernardo,5
CT,M,2015,Boden,5
CT,M,2015,Bodhi,5
CT,M,2015,Braden,5
CT,M,2015,Brantley,5
CT,M,2015,Bronson,5
CT,M,2015,Bruno,5
CT,M,2015,Brycen,5
CT,M,2015,Callan,5
CT,M,2015,Camren,5
CT,M,2015,Cartier,5
CT,M,2015,Cesar,5
CT,M,2015,Cillian,5
CT,M,2015,Clayton,5
CT,M,2015,Conner,5
CT,M,2015,Dariel,5
CT,M,2015,Darien,5
CT,M,2015,Darren,5
CT,M,2015,Demetrius,5
CT,M,2015,Deon,5
CT,M,2015,Donald,5
CT,M,2015,Ellis,5
CT,M,2015,Esteban,5
CT,M,2015,Ezequiel,5
CT,M,2015,Fernando,5
CT,M,2015,Gage,5
CT,M,2015,Gary,5
CT,M,2015,Gideon,5
CT,M,2015,Hassan,5
CT,M,2015,Iker,5
CT,M,2015,Izaiah,5
CT,M,2015,Jakub,5
CT,M,2015,Jamal,5
CT,M,2015,Jay,5
CT,M,2015,Jimmy,5
CT,M,2015,Johnny,5
CT,M,2015,Jordy,5
CT,M,2015,Julien,5
CT,M,2015,Kash,5
CT,M,2015,Kellan,5
CT,M,2015,Kelvin,5
CT,M,2015,Kendrick,5
CT,M,2015,Kristopher,5
CT,M,2015,Kyler,5
CT,M,2015,Landen,5
CT,M,2015,Lee,5
CT,M,2015,Leland,5
CT,M,2015,Lucca,5
CT,M,2015,Manuel,5
CT,M,2015,Marley,5
CT,M,2015,Mathias,5
CT,M,2015,Milan,5
CT,M,2015,Nazir,5
CT,M,2015,Nickolas,5
CT,M,2015,Remi,5
CT,M,2015,River,5
CT,M,2015,Roger,5
CT,M,2015,Royal,5
CT,M,2015,Rudra,5
CT,M,2015,Samir,5
CT,M,2015,Samson,5
CT,M,2015,Sergio,5
CT,M,2015,Shawn,5
CT,M,2015,Tate,5
CT,M,2015,Tenzin,5
CT,M,2015,Torin,5
CT,M,2015,Ty,5
CT,M,2015,Viraj,5
CT,M,2015,Vivaan,5
CT,M,2015,Wes,5
CT,M,2015,Wilder,5
CT,M,2015,Winston,5
CT,M,2015,Zavier,5
CT,M,2015,Zayn,5
CT,M,2016,Noah,225
CT,M,2016,James,200
CT,M,2016,Michael,198
CT,M,2016,Liam,191
CT,M,2016,Jacob,183
CT,M,2016,William,182
CT,M,2016,Benjamin,179
CT,M,2016,Alexander,178
CT,M,2016,Mason,178
CT,M,2016,Lucas,175
CT,M,2016,Ethan,164
CT,M,2016,Joseph,155
CT,M,2016,Logan,152
CT,M,2016,Matthew,143
CT,M,2016,Anthony,142
CT,M,2016,Ryan,142
CT,M,2016,Christopher,134
CT,M,2016,Henry,130
CT,M,2016,Oliver,130
CT,M,2016,Daniel,128
CT,M,2016,Jack,125
CT,M,2016,John,124
CT,M,2016,Gabriel,122
CT,M,2016,Dylan,121
CT,M,2016,Owen,120
CT,M,2016,Aiden,118
CT,M,2016,Nicholas,118
CT,M,2016,Cameron,115
CT,M,2016,Connor,114
CT,M,2016,Andrew,112
CT,M,2016,David,111
CT,M,2016,Jackson,108
CT,M,2016,Luke,108
CT,M,2016,Carter,106
CT,M,2016,Jayden,106
CT,M,2016,Joshua,102
CT,M,2016,Sebastian,99
CT,M,2016,Julian,98
CT,M,2016,Nathan,98
CT,M,2016,Christian,97
CT,M,2016,Samuel,94
CT,M,2016,Charles,93
CT,M,2016,Elijah,93
CT,M,2016,Thomas,87
CT,M,2016,Jeremiah,82
CT,M,2016,Grayson,80
CT,M,2016,Josiah,78
CT,M,2016,Dominic,75
CT,M,2016,Cole,74
CT,M,2016,Leo,73
CT,M,2016,Caleb,72
CT,M,2016,Landon,72
CT,M,2016,Isaac,71
CT,M,2016,Jonathan,71
CT,M,2016,Chase,70
CT,M,2016,Hunter,70
CT,M,2016,Tyler,69
CT,M,2016,Gavin,67
CT,M,2016,Robert,67
CT,M,2016,Theodore,66
CT,M,2016,Adam,64
CT,M,2016,Jaxon,64
CT,M,2016,Austin,63
CT,M,2016,Zachary,62
CT,M,2016,Aaron,58
CT,M,2016,Brayden,58
CT,M,2016,Nathaniel,56
CT,M,2016,Evan,55
CT,M,2016,Jordan,55
CT,M,2016,Luca,55
CT,M,2016,Maxwell,55
CT,M,2016,Isaiah,52
CT,M,2016,Adrian,51
CT,M,2016,Declan,50
CT,M,2016,Jace,50
CT,M,2016,Hudson,47
CT,M,2016,Nolan,47
CT,M,2016,Colton,46
CT,M,2016,Greyson,46
CT,M,2016,Kayden,46
CT,M,2016,Mateo,46
CT,M,2016,Tristan,46
CT,M,2016,Wyatt,46
CT,M,2016,Cooper,45
CT,M,2016,Giovanni,45
CT,M,2016,Ayden,44
CT,M,2016,Eli,43
CT,M,2016,Ian,42
CT,M,2016,Bryson,41
CT,M,2016,Parker,41
CT,M,2016,Vincent,41
CT,M,2016,Wesley,41
CT,M,2016,Bryce,40
CT,M,2016,Jaxson,39
CT,M,2016,Luis,39
CT,M,2016,Patrick,39
CT,M,2016,Edward,38
CT,M,2016,Levi,38
CT,M,2016,Miles,38
CT,M,2016,Amir,37
CT,M,2016,Angel,37
CT,M,2016,Colin,37
CT,M,2016,Justin,37
CT,M,2016,Lincoln,37
CT,M,2016,Peter,37
CT,M,2016,Blake,36
CT,M,2016,Brody,36
CT,M,2016,Elias,36
CT,M,2016,Xavier,36
CT,M,2016,Jason,35
CT,M,2016,Asher,34
CT,M,2016,Camden,34
CT,M,2016,George,34
CT,M,2016,Kevin,34
CT,M,2016,Silas,34
CT,M,2016,Aidan,33
CT,M,2016,Jayce,33
CT,M,2016,Alex,32
CT,M,2016,Everett,32
CT,M,2016,Jose,32
CT,M,2016,Eric,31
CT,M,2016,Lorenzo,31
CT,M,2016,Max,31
CT,M,2016,Jeremy,30
CT,M,2016,Richard,30
CT,M,2016,King,29
CT,M,2016,Leonardo,29
CT,M,2016,Mark,29
CT,M,2016,Micah,29
CT,M,2016,Grant,28
CT,M,2016,Harrison,28
CT,M,2016,Jake,27
CT,M,2016,Matteo,27
CT,M,2016,Weston,27
CT,M,2016,Cody,26
CT,M,2016,Emmett,26
CT,M,2016,Jameson,26
CT,M,2016,Kaiden,26
CT,M,2016,Oscar,26
CT,M,2016,Victor,26
CT,M,2016,Brian,25
CT,M,2016,Carlos,25
CT,M,2016,Finn,25
CT,M,2016,Juan,25
CT,M,2016,Nicolas,25
CT,M,2016,Paul,25
CT,M,2016,Brandon,24
CT,M,2016,Carson,24
CT,M,2016,Ezra,24
CT,M,2016,Kyle,24
CT,M,2016,Nico,24
CT,M,2016,Preston,24
CT,M,2016,Roman,24
CT,M,2016,Sean,24
CT,M,2016,Steven,24
CT,M,2016,Alan,23
CT,M,2016,August,23
CT,M,2016,Spencer,23
CT,M,2016,Jayceon,22
CT,M,2016,Jonah,22
CT,M,2016,Kai,22
CT,M,2016,Ryder,22
CT,M,2016,Sawyer,22
CT,M,2016,Xander,22
CT,M,2016,Calvin,21
CT,M,2016,Dante,21
CT,M,2016,Bradley,20
CT,M,2016,Brady,20
CT,M,2016,Damian,20
CT,M,2016,Derek,20
CT,M,2016,Emmanuel,20
CT,M,2016,Timothy,20
CT,M,2016,Avery,19
CT,M,2016,Joel,19
CT,M,2016,Kaleb,19
CT,M,2016,Miguel,19
CT,M,2016,Abel,18
CT,M,2016,Ali,18
CT,M,2016,Antonio,18
CT,M,2016,Griffin,18
CT,M,2016,Jaiden,18
CT,M,2016,Shane,18
CT,M,2016,Ashton,17
CT,M,2016,Bennett,17
CT,M,2016,Elliott,17
CT,M,2016,Gregory,17
CT,M,2016,Louis,17
CT,M,2016,Maximus,17
CT,M,2016,Zion,17
CT,M,2016,Dean,16
CT,M,2016,Julius,16
CT,M,2016,Kenneth,16
CT,M,2016,Maddox,16
CT,M,2016,Marco,16
CT,M,2016,Marcus,16
CT,M,2016,Reid,16
CT,M,2016,Rowan,16
CT,M,2016,Abraham,15
CT,M,2016,Axel,15
CT,M,2016,Beau,15
CT,M,2016,Bentley,15
CT,M,2016,Cayden,15
CT,M,2016,Charlie,15
CT,M,2016,Conor,15
CT,M,2016,Diego,15
CT,M,2016,Dominick,15
CT,M,2016,Hayden,15
CT,M,2016,Ibrahim,15
CT,M,2016,Jax,15
CT,M,2016,Jude,15
CT,M,2016,Leon,15
CT,M,2016,Lukas,15
CT,M,2016,Muhammad,15
CT,M,2016,Myles,15
CT,M,2016,Rocco,15
CT,M,2016,Beckett,14
CT,M,2016,Bodhi,14
CT,M,2016,Elliot,14
CT,M,2016,Ellis,14
CT,M,2016,Ezekiel,14
CT,M,2016,Felix,14
CT,M,2016,Jaden,14
CT,M,2016,Karter,14
CT,M,2016,Kieran,14
CT,M,2016,Malachi,14
CT,M,2016,Messiah,14
CT,M,2016,Raymond,14
CT,M,2016,Riley,14
CT,M,2016,Santiago,14
CT,M,2016,Shawn,14
CT,M,2016,Stephen,14
CT,M,2016,Tucker,14
CT,M,2016,Zayden,14
CT,M,2016,Alexis,13
CT,M,2016,Amari,13
CT,M,2016,Arthur,13
CT,M,2016,Caden,13
CT,M,2016,Devin,13
CT,M,2016,Finnegan,13
CT,M,2016,Luciano,13
CT,M,2016,Martin,13
CT,M,2016,Paxton,13
CT,M,2016,Rayan,13
CT,M,2016,Tobias,13
CT,M,2016,Walter,13
CT,M,2016,Adonis,12
CT,M,2016,Alejandro,12
CT,M,2016,Colby,12
CT,M,2016,Enzo,12
CT,M,2016,Ivan,12
CT,M,2016,Jaylen,12
CT,M,2016,Jonas,12
CT,M,2016,Matias,12
CT,M,2016,Quinn,12
CT,M,2016,Anderson,11
CT,M,2016,Angelo,11
CT,M,2016,Carmine,11
CT,M,2016,Clark,11
CT,M,2016,Cristian,11
CT,M,2016,Donovan,11
CT,M,2016,Frank,11
CT,M,2016,Gunner,11
CT,M,2016,Keegan,11
CT,M,2016,Maximiliano,11
CT,M,2016,Scott,11
CT,M,2016,Zane,11
CT,M,2016,Adriel,10
CT,M,2016,Arjun,10
CT,M,2016,Arlo,10
CT,M,2016,Ayaan,10
CT,M,2016,Bryan,10
CT,M,2016,Damien,10
CT,M,2016,Edwin,10
CT,M,2016,Erick,10
CT,M,2016,Gianni,10
CT,M,2016,Graham,10
CT,M,2016,Hector,10
CT,M,2016,Jesse,10
CT,M,2016,Jesus,10
CT,M,2016,Luka,10
CT,M,2016,Marc,10
CT,M,2016,Mathias,10
CT,M,2016,Milo,10
CT,M,2016,Philip,10
CT,M,2016,Phoenix,10
CT,M,2016,Ronan,10
CT,M,2016,Salvatore,10
CT,M,2016,Seth,10
CT,M,2016,Theo,10
CT,M,2016,Troy,10
CT,M,2016,Ace,9
CT,M,2016,Brycen,9
CT,M,2016,Caiden,9
CT,M,2016,Callan,9
CT,M,2016,Cyrus,9
CT,M,2016,Easton,9
CT,M,2016,Emerson,9
CT,M,2016,Emilio,9
CT,M,2016,Ezequiel,9
CT,M,2016,Garrett,9
CT,M,2016,Iker,9
CT,M,2016,Jase,9
CT,M,2016,Jasiah,9
CT,M,2016,Kameron,9
CT,M,2016,Kyrie,9
CT,M,2016,Maximilian,9
CT,M,2016,Niko,9
CT,M,2016,Nikolas,9
CT,M,2016,Noel,9
CT,M,2016,Omar,9
CT,M,2016,Pedro,9
CT,M,2016,Russell,9
CT,M,2016,Simon,9
CT,M,2016,Thiago,9
CT,M,2016,Trevor,9
CT,M,2016,Vincenzo,9
CT,M,2016,Aden,8
CT,M,2016,Ahmed,8
CT,M,2016,Amare,8
CT,M,2016,Ari,8
CT,M,2016,Aryan,8
CT,M,2016,Brantley,8
CT,M,2016,Brendan,8
CT,M,2016,Collin,8
CT,M,2016,Dexter,8
CT,M,2016,Drew,8
CT,M,2016,Elian,8
CT,M,2016,Erik,8
CT,M,2016,Fernando,8
CT,M,2016,Francis,8
CT,M,2016,Jamison,8
CT,M,2016,Jay,8
CT,M,2016,Johnathan,8
CT,M,2016,Judah,8
CT,M,2016,Kamari,8
CT,M,2016,Killian,8
CT,M,2016,Legend,8
CT,M,2016,Lennox,8
CT,M,2016,Leonard,8
CT,M,2016,Mohammed,8
CT,M,2016,Neil,8
CT,M,2016,Peyton,8
CT,M,2016,Princeton,8
CT,M,2016,Rafael,8
CT,M,2016,Reed,8
CT,M,2016,Rory,8
CT,M,2016,Rylan,8
CT,M,2016,Taylor,8
CT,M,2016,Vihaan,8
CT,M,2016,Zachariah,8
CT,M,2016,Zayn,8
CT,M,2016,Zyaire,8
CT,M,2016,Andre,7
CT,M,2016,Bowen,7
CT,M,2016,Brayan,7
CT,M,2016,Brooks,7
CT,M,2016,Bruce,7
CT,M,2016,Carmelo,7
CT,M,2016,Casey,7
CT,M,2016,Cassius,7
CT,M,2016,Clayton,7
CT,M,2016,Corbin,7
CT,M,2016,Danny,7
CT,M,2016,Dariel,7
CT,M,2016,Desmond,7
CT,M,2016,Devon,7
CT,M,2016,Fabian,7
CT,M,2016,Francesco,7
CT,M,2016,Gage,7
CT,M,2016,Gianluca,7
CT,M,2016,Gunnar,7
CT,M,2016,Harvey,7
CT,M,2016,Jadiel,7
CT,M,2016,Jaime,7
CT,M,2016,Jeffrey,7
CT,M,2016,Jorge,7
CT,M,2016,Josue,7
CT,M,2016,Julien,7
CT,M,2016,Major,7
CT,M,2016,Mario,7
CT,M,2016,Massimo,7
CT,M,2016,Maverick,7
CT,M,2016,Mekhi,7
CT,M,2016,Mohammad,7
CT,M,2016,Orion,7
CT,M,2016,Raphael,7
CT,M,2016,Remington,7
CT,M,2016,Reyansh,7
CT,M,2016,Rhys,7
CT,M,2016,Riaan,7
CT,M,2016,Rohan,7
CT,M,2016,Roland,7
CT,M,2016,Ronald,7
CT,M,2016,Ronin,7
CT,M,2016,Ryland,7
CT,M,2016,Sullivan,7
CT,M,2016,Tanner,7
CT,M,2016,Tenzin,7
CT,M,2016,Titus,7
CT,M,2016,Travis,7
CT,M,2016,Waylon,7
CT,M,2016,Wilson,7
CT,M,2016,Yadiel,7
CT,M,2016,Zander,7
CT,M,2016,Aarav,6
CT,M,2016,Alijah,6
CT,M,2016,Andy,6
CT,M,2016,Archer,6
CT,M,2016,Armani,6
CT,M,2016,Asa,6
CT,M,2016,Beckham,6
CT,M,2016,Brennan,6
CT,M,2016,Cairo,6
CT,M,2016,Callen,6
CT,M,2016,Chris,6
CT,M,2016,Colt,6
CT,M,2016,Cristiano,6
CT,M,2016,Dallas,6
CT,M,2016,Dalton,6
CT,M,2016,Davi,6
CT,M,2016,Dennis,6
CT,M,2016,Derrick,6
CT,M,2016,Dillon,6
CT,M,2016,Eliezer,6
CT,M,2016,Elisha,6
CT,M,2016,Emanuel,6
CT,M,2016,Finnley,6
CT,M,2016,Francisco,6
CT,M,2016,Frederick,6
CT,M,2016,Gael,6
CT,M,2016,Gideon,6
CT,M,2016,Grady,6
CT,M,2016,Gray,6
CT,M,2016,Gustavo,6
CT,M,2016,Harry,6
CT,M,2016,Holden,6
CT,M,2016,Izaiah,6
CT,M,2016,Jariel,6
CT,M,2016,Jasper,6
CT,M,2016,Julio,6
CT,M,2016,Kaden,6
CT,M,2016,Keagan,6
CT,M,2016,Kellen,6
CT,M,2016,Kingsley,6
CT,M,2016,Kingston,6
CT,M,2016,Kobe,6
CT,M,2016,Lachlan,6
CT,M,2016,London,6
CT,M,2016,Lucca,6
CT,M,2016,Lucian,6
CT,M,2016,Malcolm,6
CT,M,2016,Marcos,6
CT,M,2016,Marshall,6
CT,M,2016,Matthias,6
CT,M,2016,Mitchell,6
CT,M,2016,Nasir,6
CT,M,2016,Prince,6
CT,M,2016,Ralph,6
CT,M,2016,Raul,6
CT,M,2016,Ricardo,6
CT,M,2016,Royal,6
CT,M,2016,Zayne,6
CT,M,2016,Aarush,5
CT,M,2016,Aayden,5
CT,M,2016,Abdullah,5
CT,M,2016,Allan,5
CT,M,2016,Andres,5
CT,M,2016,Arian,5
CT,M,2016,Atharv,5
CT,M,2016,Avion,5
CT,M,2016,Aydin,5
CT,M,2016,Ben,5
CT,M,2016,Callum,5
CT,M,2016,Chance,5
CT,M,2016,Cillian,5
CT,M,2016,Cullen,5
CT,M,2016,Devansh,5
CT,M,2016,Domenic,5
CT,M,2016,Edgar,5
CT,M,2016,Edison,5
CT,M,2016,Eduardo,5
CT,M,2016,Eugene,5
CT,M,2016,Finley,5
CT,M,2016,Flynn,5
CT,M,2016,Gary,5
CT,M,2016,Giancarlo,5
CT,M,2016,Gordon,5
CT,M,2016,Hamza,5
CT,M,2016,Hayes,5
CT,M,2016,Hezekiah,5
CT,M,2016,Ismael,5
CT,M,2016,Israel,5
CT,M,2016,Jagger,5
CT,M,2016,Jakub,5
CT,M,2016,Jalen,5
CT,M,2016,Jared,5
CT,M,2016,Jayvien,5
CT,M,2016,Jerry,5
CT,M,2016,Kairo,5
CT,M,2016,Kason,5
CT,M,2016,Keith,5
CT,M,2016,Kendrick,5
CT,M,2016,Kenny,5
CT,M,2016,Kyler,5
CT,M,2016,Landyn,5
CT,M,2016,Leland,5
CT,M,2016,Mohamed,5
CT,M,2016,Nikolai,5
CT,M,2016,Odin,5
CT,M,2016,Reece,5
CT,M,2016,Remy,5
CT,M,2016,Reuben,5
CT,M,2016,Rey,5
CT,M,2016,Samson,5
CT,M,2016,Santino,5
CT,M,2016,Sonny,5
CT,M,2016,Stanley,5
CT,M,2016,Todd,5
CT,M,2016,Trenton,5
CT,M,2016,Vaughn,5
CT,M,2016,Viaan,5
CT,M,2016,Vivaan,5
CT,M,2016,Wade,5
CT,M,2016,Warren,5
CT,M,2016,Yariel,5
CT,M,2016,Zaire,5
CT,M,2017,Noah,223
CT,M,2017,Liam,208
CT,M,2017,Logan,189
CT,M,2017,Jacob,188
CT,M,2017,Michael,176
CT,M,2017,Lucas,170
CT,M,2017,Benjamin,165
CT,M,2017,James,158
CT,M,2017,Matthew,148
CT,M,2017,Joseph,144
CT,M,2017,Mason,143
CT,M,2017,William,140
CT,M,2017,Anthony,138
CT,M,2017,Henry,137
CT,M,2017,Ethan,136
CT,M,2017,Alexander,134
CT,M,2017,Ryan,133
CT,M,2017,Dylan,123
CT,M,2017,Jackson,120
CT,M,2017,Jack,116
CT,M,2017,Gabriel,115
CT,M,2017,Julian,114
CT,M,2017,Luke,114
CT,M,2017,Nicholas,113
CT,M,2017,David,111
CT,M,2017,Nathan,111
CT,M,2017,Aiden,110
CT,M,2017,Daniel,110
CT,M,2017,John,110
CT,M,2017,Oliver,108
CT,M,2017,Owen,107
CT,M,2017,Andrew,103
CT,M,2017,Thomas,101
CT,M,2017,Sebastian,98
CT,M,2017,Connor,96
CT,M,2017,Jayden,95
CT,M,2017,Joshua,93
CT,M,2017,Carter,92
CT,M,2017,Elijah,92
CT,M,2017,Christopher,91
CT,M,2017,Landon,90
CT,M,2017,Samuel,90
CT,M,2017,Charles,81
CT,M,2017,Theodore,78
CT,M,2017,Caleb,75
CT,M,2017,Jeremiah,75
CT,M,2017,Josiah,74
CT,M,2017,Luca,74
CT,M,2017,Jonathan,73
CT,M,2017,Evan,72
CT,M,2017,Isaac,72
CT,M,2017,Jaxon,72
CT,M,2017,Chase,71
CT,M,2017,Leo,71
CT,M,2017,Adam,70
CT,M,2017,Hunter,70
CT,M,2017,Austin,69
CT,M,2017,Wyatt,69
CT,M,2017,Adrian,68
CT,M,2017,Cameron,67
CT,M,2017,Christian,67
CT,M,2017,Tyler,66
CT,M,2017,Dominic,64
CT,M,2017,Grayson,62
CT,M,2017,Isaiah,62
CT,M,2017,Zachary,62
CT,M,2017,Brayden,61
CT,M,2017,Colton,60
CT,M,2017,Greyson,59
CT,M,2017,Declan,58
CT,M,2017,Gavin,57
CT,M,2017,Cole,56
CT,M,2017,Levi,56
CT,M,2017,Jaxson,53
CT,M,2017,Xavier,52
CT,M,2017,Robert,51
CT,M,2017,Angel,50
CT,M,2017,Hudson,50
CT,M,2017,George,49
CT,M,2017,Ian,49
CT,M,2017,Aaron,48
CT,M,2017,Lincoln,46
CT,M,2017,Mateo,46
CT,M,2017,Maxwell,46
CT,M,2017,Nolan,46
CT,M,2017,Jason,45
CT,M,2017,Jayce,45
CT,M,2017,Eli,44
CT,M,2017,Elias,44
CT,M,2017,Jace,43
CT,M,2017,Jameson,42
CT,M,2017,Kayden,42
CT,M,2017,Parker,42
CT,M,2017,Patrick,42
CT,M,2017,Kevin,41
CT,M,2017,Leonardo,40
CT,M,2017,Lorenzo,40
CT,M,2017,Jordan,39
CT,M,2017,Wesley,39
CT,M,2017,Jake,37
CT,M,2017,Nathaniel,37
CT,M,2017,Everett,36
CT,M,2017,Harrison,36
CT,M,2017,Justin,36
CT,M,2017,Miles,36
CT,M,2017,Vincent,36
CT,M,2017,Brady,35
CT,M,2017,Edward,35
CT,M,2017,Max,35
CT,M,2017,Cooper,34
CT,M,2017,Jonah,34
CT,M,2017,Peter,34
CT,M,2017,Tristan,34
CT,M,2017,Alex,33
CT,M,2017,Ezra,33
CT,M,2017,Bryce,32
CT,M,2017,Ayden,31
CT,M,2017,Brandon,31
CT,M,2017,Colin,31
CT,M,2017,Elliot,31
CT,M,2017,Kai,31
CT,M,2017,Maverick,31
CT,M,2017,Ryder,31
CT,M,2017,Sean,31
CT,M,2017,Silas,31
CT,M,2017,Timothy,31
CT,M,2017,Blake,30
CT,M,2017,Bryson,30
CT,M,2017,Eric,30
CT,M,2017,Kaiden,30
CT,M,2017,Luis,30
CT,M,2017,Ashton,28
CT,M,2017,Emmett,28
CT,M,2017,Finn,28
CT,M,2017,Giovanni,28
CT,M,2017,Jose,28
CT,M,2017,King,28
CT,M,2017,Nicolas,28
CT,M,2017,Rowan,28
CT,M,2017,Mark,27
CT,M,2017,Micah,27
CT,M,2017,Asher,26
CT,M,2017,Carson,26
CT,M,2017,Kaleb,26
CT,M,2017,Calvin,25
CT,M,2017,Camden,25
CT,M,2017,Enzo,25
CT,M,2017,Ezekiel,25
CT,M,2017,Malachi,25
CT,M,2017,Richard,25
CT,M,2017,Santiago,25
CT,M,2017,Bradley,24
CT,M,2017,Brody,24
CT,M,2017,Cayden,24
CT,M,2017,Messiah,24
CT,M,2017,Amir,23
CT,M,2017,Elliott,23
CT,M,2017,Roman,23
CT,M,2017,Weston,23
CT,M,2017,Aidan,22
CT,M,2017,Avery,22
CT,M,2017,Bennett,22
CT,M,2017,Carlos,22
CT,M,2017,Diego,22
CT,M,2017,Joel,22
CT,M,2017,Victor,22
CT,M,2017,Antonio,21
CT,M,2017,Axel,21
CT,M,2017,Damian,21
CT,M,2017,Emmanuel,21
CT,M,2017,Kyrie,21
CT,M,2017,Preston,21
CT,M,2017,Sawyer,21
CT,M,2017,Zion,21
CT,M,2017,Charlie,20
CT,M,2017,Kenneth,20
CT,M,2017,Marco,20
CT,M,2017,Matteo,20
CT,M,2017,Paul,20
CT,M,2017,Xander,20
CT,M,2017,Abel,19
CT,M,2017,Conor,19
CT,M,2017,Finley,19
CT,M,2017,Graham,19
CT,M,2017,Hayden,19
CT,M,2017,Jeremy,19
CT,M,2017,Nico,19
CT,M,2017,Rocco,19
CT,M,2017,Stephen,19
CT,M,2017,Steven,19
CT,M,2017,Arthur,18
CT,M,2017,Brian,18
CT,M,2017,Jax,18
CT,M,2017,Myles,18
CT,M,2017,Abraham,17
CT,M,2017,Andre,17
CT,M,2017,Angelo,17
CT,M,2017,Bentley,17
CT,M,2017,Casey,17
CT,M,2017,Dean,17
CT,M,2017,Grant,17
CT,M,2017,Jayceon,17
CT,M,2017,Kyle,17
CT,M,2017,Matias,17
CT,M,2017,Trevor,17
CT,M,2017,Easton,16
CT,M,2017,Griffin,16
CT,M,2017,Lukas,16
CT,M,2017,Maximus,16
CT,M,2017,Muhammad,16
CT,M,2017,Caden,15
CT,M,2017,Cody,15
CT,M,2017,Derek,15
CT,M,2017,Juan,15
CT,M,2017,Jude,15
CT,M,2017,Kaden,15
CT,M,2017,Alan,14
CT,M,2017,Bryan,14
CT,M,2017,Donovan,14
CT,M,2017,Drew,14
CT,M,2017,Jay,14
CT,M,2017,Jeffrey,14
CT,M,2017,Kameron,14
CT,M,2017,Miguel,14
CT,M,2017,Philip,14
CT,M,2017,Quinn,14
CT,M,2017,Ali,13
CT,M,2017,Archer,13
CT,M,2017,August,13
CT,M,2017,Collin,13
CT,M,2017,Erick,13
CT,M,2017,Erik,13
CT,M,2017,Gael,13
CT,M,2017,Ivan,13
CT,M,2017,Jasper,13
CT,M,2017,Jesse,13
CT,M,2017,Josue,13
CT,M,2017,Karter,13
CT,M,2017,Lennox,13
CT,M,2017,Maddox,13
CT,M,2017,Milo,13
CT,M,2017,Russell,13
CT,M,2017,Rylan,13
CT,M,2017,Salvatore,13
CT,M,2017,Thiago,13
CT,M,2017,Vincenzo,13
CT,M,2017,Adonis,12
CT,M,2017,Caiden,12
CT,M,2017,Dante,12
CT,M,2017,Edwin,12
CT,M,2017,Gianni,12
CT,M,2017,Julius,12
CT,M,2017,Louis,12
CT,M,2017,Luciano,12
CT,M,2017,Nasir,12
CT,M,2017,Prince,12
CT,M,2017,Rayan,12
CT,M,2017,Shane,12
CT,M,2017,Tucker,12
CT,M,2017,Zander,12
CT,M,2017,Zayden,12
CT,M,2017,Alejandro,11
CT,M,2017,Andres,11
CT,M,2017,Brendan,11
CT,M,2017,Callen,11
CT,M,2017,Cristian,11
CT,M,2017,Damien,11
CT,M,2017,Gregory,11
CT,M,2017,Jesus,11
CT,M,2017,Killian,11
CT,M,2017,Marcus,11
CT,M,2017,Nehemiah,11
CT,M,2017,Omar,11
CT,M,2017,Paxton,11
CT,M,2017,Rhys,11
CT,M,2017,Spencer,11
CT,M,2017,Travis,11
CT,M,2017,Ahmed,10
CT,M,2017,Anderson,10
CT,M,2017,Arjun,10
CT,M,2017,Ayaan,10
CT,M,2017,Beau,10
CT,M,2017,Cyrus,10
CT,M,2017,Desmond,10
CT,M,2017,Devin,10
CT,M,2017,Domenic,10
CT,M,2017,Emiliano,10
CT,M,2017,Felix,10
CT,M,2017,Garrett,10
CT,M,2017,Ibrahim,10
CT,M,2017,Israel,10
CT,M,2017,Jaiden,10
CT,M,2017,Julien,10
CT,M,2017,Leon,10
CT,M,2017,Martin,10
CT,M,2017,Pierce,10
CT,M,2017,Rafael,10
CT,M,2017,Raymond,10
CT,M,2017,Riley,10
CT,M,2017,Seth,10
CT,M,2017,Tanner,10
CT,M,2017,Theo,10
CT,M,2017,Tobias,10
CT,M,2017,Zane,10
CT,M,2017,Alexis,9
CT,M,2017,Arlo,9
CT,M,2017,Braxton,9
CT,M,2017,Braydon,9
CT,M,2017,Brooks,9
CT,M,2017,Cash,9
CT,M,2017,Chance,9
CT,M,2017,Clark,9
CT,M,2017,Dakota,9
CT,M,2017,Dominick,9
CT,M,2017,Francisco,9
CT,M,2017,Frank,9
CT,M,2017,Gianluca,9
CT,M,2017,Jadiel,9
CT,M,2017,Javier,9
CT,M,2017,Jaylen,9
CT,M,2017,Judah,9
CT,M,2017,Kian,9
CT,M,2017,Kieran,9
CT,M,2017,Kingston,9
CT,M,2017,Lawrence,9
CT,M,2017,Marshall,9
CT,M,2017,Mathias,9
CT,M,2017,Noel,9
CT,M,2017,Ricardo,9
CT,M,2017,Ronald,9
CT,M,2017,Ronan,9
CT,M,2017,Zaire,9
CT,M,2017,Zayn,9
CT,M,2017,Albert,8
CT,M,2017,Amari,8
CT,M,2017,Ari,8
CT,M,2017,Augustus,8
CT,M,2017,Beckett,8
CT,M,2017,Bodhi,8
CT,M,2017,Colby,8
CT,M,2017,Dawson,8
CT,M,2017,Derrick,8
CT,M,2017,Dexter,8
CT,M,2017,Dillon,8
CT,M,2017,Donald,8
CT,M,2017,Emerson,8
CT,M,2017,Finnegan,8
CT,M,2017,Francis,8
CT,M,2017,Jaden,8
CT,M,2017,Johan,8
CT,M,2017,Jonas,8
CT,M,2017,Julio,8
CT,M,2017,Keegan,8
CT,M,2017,Khalil,8
CT,M,2017,Leonard,8
CT,M,2017,Marvin,8
CT,M,2017,Matthias,8
CT,M,2017,Maximiliano,8
CT,M,2017,Mohammed,8
CT,M,2017,Odin,8
CT,M,2017,Omari,8
CT,M,2017,Oscar,8
CT,M,2017,Otto,8
CT,M,2017,Phoenix,8
CT,M,2017,Raphael,8
CT,M,2017,River,8
CT,M,2017,Rory,8
CT,M,2017,Ryker,8
CT,M,2017,Shawn,8
CT,M,2017,Simon,8
CT,M,2017,Ace,7
CT,M,2017,Alessandro,7
CT,M,2017,Ares,7
CT,M,2017,Beckham,7
CT,M,2017,Bruno,7
CT,M,2017,Cairo,7
CT,M,2017,Callum,7
CT,M,2017,Chester,7
CT,M,2017,Cullen,7
CT,M,2017,Davi,7
CT,M,2017,Dorian,7
CT,M,2017,Emil,7
CT,M,2017,Emilio,7
CT,M,2017,Gage,7
CT,M,2017,Gideon,7
CT,M,2017,Hamza,7
CT,M,2017,Iker,7
CT,M,2017,Jaime,7
CT,M,2017,Jorge,7
CT,M,2017,Joziah,7
CT,M,2017,Kairo,7
CT,M,2017,Kane,7
CT,M,2017,Landen,7
CT,M,2017,Malik,7
CT,M,2017,Maximilian,7
CT,M,2017,Milan,7
CT,M,2017,Mohammad,7
CT,M,2017,Nathanael,7
CT,M,2017,Phillip,7
CT,M,2017,Reid,7
CT,M,2017,Remy,7
CT,M,2017,Reyansh,7
CT,M,2017,Roy,7
CT,M,2017,Royal,7
CT,M,2017,Samir,7
CT,M,2017,Santino,7
CT,M,2017,Sincere,7
CT,M,2017,Warren,7
CT,M,2017,Yadiel,7
CT,M,2017,Aaden,6
CT,M,2017,Adriel,6
CT,M,2017,Allen,6
CT,M,2017,Alonzo,6
CT,M,2017,Anders,6
CT,M,2017,Brantley,6
CT,M,2017,Cassius,6
CT,M,2017,Conrad,6
CT,M,2017,Cristiano,6
CT,M,2017,Dallas,6
CT,M,2017,Dariel,6
CT,M,2017,Darius,6
CT,M,2017,Devon,6
CT,M,2017,Dwayne,6
CT,M,2017,Eamon,6
CT,M,2017,Eduardo,6
CT,M,2017,Eliot,6
CT,M,2017,Esteban,6
CT,M,2017,Ezequiel,6
CT,M,2017,Frederick,6
CT,M,2017,Grady,6
CT,M,2017,Gunnar,6
CT,M,2017,Gunner,6
CT,M,2017,Harvey,6
CT,M,2017,Hector,6
CT,M,2017,Holden,6
CT,M,2017,Hugo,6
CT,M,2017,Jalen,6
CT,M,2017,Jamison,6
CT,M,2017,Jayson,6
CT,M,2017,Jaziel,6
CT,M,2017,Johnathan,6
CT,M,2017,Kayson,6
CT,M,2017,Kellen,6
CT,M,2017,Legend,6
CT,M,2017,Lucian,6
CT,M,2017,Luka,6
CT,M,2017,Mack,6
CT,M,2017,Maison,6
CT,M,2017,Marcel,6
CT,M,2017,Mohamed,6
CT,M,2017,Moses,6
CT,M,2017,Nikolas,6
CT,M,2017,Pedro,6
CT,M,2017,Riaan,6
CT,M,2017,Rian,6
CT,M,2017,Romeo,6
CT,M,2017,Royce,6
CT,M,2017,Tomas,6
CT,M,2017,Troy,6
CT,M,2017,Waylon,6
CT,M,2017,Zayne,6
CT,M,2017,Aarav,5
CT,M,2017,Abdullah,5
CT,M,2017,Amare,5
CT,M,2017,Andy,5
CT,M,2017,Arian,5
CT,M,2017,Aryan,5
CT,M,2017,Atlas,5
CT,M,2017,Bobby,5
CT,M,2017,Boden,5
CT,M,2017,Braylon,5
CT,M,2017,Brett,5
CT,M,2017,Bruce,5
CT,M,2017,Carmine,5
CT,M,2017,Chris,5
CT,M,2017,Clayton,5
CT,M,2017,Corey,5
CT,M,2017,Dakari,5
CT,M,2017,Danny,5
CT,M,2017,Dennis,5
CT,M,2017,Douglas,5
CT,M,2017,Drake,5
CT,M,2017,Duke,5
CT,M,2017,Dustin,5
CT,M,2017,Elian,5
CT,M,2017,Ellis,5
CT,M,2017,Emanuel,5
CT,M,2017,Emery,5
CT,M,2017,Finnian,5
CT,M,2017,Flynn,5
CT,M,2017,Ford,5
CT,M,2017,Franklin,5
CT,M,2017,Giuseppe,5
CT,M,2017,Hendrix,5
CT,M,2017,Isiah,5
CT,M,2017,Jacoby,5
CT,M,2017,Jad,5
CT,M,2017,Jase,5
CT,M,2017,Jayvion,5
CT,M,2017,Jefferson,5
CT,M,2017,Jermaine,5
CT,M,2017,Johnny,5
CT,M,2017,Juelz,5
CT,M,2017,Kamari,5
CT,M,2017,Kamden,5
CT,M,2017,Keith,5
CT,M,2017,Knox,5
CT,M,2017,Kobe,5
CT,M,2017,Kody,5
CT,M,2017,Leland,5
CT,M,2017,Lucius,5
CT,M,2017,Maksim,5
CT,M,2017,Marc,5
CT,M,2017,Mario,5
CT,M,2017,Maxim,5
CT,M,2017,Nash,5
CT,M,2017,Osman,5
CT,M,2017,Peyton,5
CT,M,2017,Quincy,5
CT,M,2017,Raiden,5
CT,M,2017,Ralph,5
CT,M,2017,Reign,5
CT,M,2017,Ricky,5
CT,M,2017,Rishi,5
CT,M,2017,Roberto,5
CT,M,2017,Rohan,5
CT,M,2017,Roland,5
CT,M,2017,Sage,5
CT,M,2017,Sam,5
CT,M,2017,Samarth,5
CT,M,2017,Stanley,5
CT,M,2017,Sullivan,5
CT,M,2017,Syed,5
CT,M,2017,Taylor,5
CT,M,2017,Todd,5
CT,M,2017,Tyson,5
CT,M,2017,Uriel,5
CT,M,2017,Vihaan,5
CT,M,2017,Vivaan,5
CT,M,2017,Walter,5
CT,M,2017,Wilson,5
CT,M,2017,Winston,5
CT,M,2017,Yahir,5
CT,M,2017,Youssef,5
CT,M,2017,Zaiden,5
CT,M,2017,Zyaire,5
CT,M,2018,Noah,237
CT,M,2018,Liam,219
CT,M,2018,Benjamin,178
CT,M,2018,Logan,166
CT,M,2018,Lucas,165
CT,M,2018,Alexander,164
CT,M,2018,Joseph,161
CT,M,2018,James,158
CT,M,2018,Mason,157
CT,M,2018,Jack,151
CT,M,2018,Michael,151
CT,M,2018,Jacob,149
CT,M,2018,Ethan,141
CT,M,2018,William,138
CT,M,2018,Ryan,132
CT,M,2018,Henry,128
CT,M,2018,Oliver,124
CT,M,2018,John,120
CT,M,2018,Daniel,119
CT,M,2018,Jackson,119
CT,M,2018,Dylan,118
CT,M,2018,Carter,115
CT,M,2018,Matthew,115
CT,M,2018,Owen,112
CT,M,2018,Nathan,111
CT,M,2018,Anthony,106
CT,M,2018,Cameron,103
CT,M,2018,Samuel,103
CT,M,2018,Theodore,103
CT,M,2018,Jayden,102
CT,M,2018,Gabriel,99
CT,M,2018,Aiden,98
CT,M,2018,Charles,97
CT,M,2018,Thomas,97
CT,M,2018,Elijah,95
CT,M,2018,David,93
CT,M,2018,Andrew,91
CT,M,2018,Christopher,88
CT,M,2018,Nicholas,88
CT,M,2018,Julian,87
CT,M,2018,Connor,86
CT,M,2018,Luke,85
CT,M,2018,Caleb,84
CT,M,2018,Sebastian,84
CT,M,2018,Luca,78
CT,M,2018,Grayson,77
CT,M,2018,Wyatt,74
CT,M,2018,Jeremiah,73
CT,M,2018,Greyson,72
CT,M,2018,Hunter,71
CT,M,2018,Landon,71
CT,M,2018,Jaxon,69
CT,M,2018,Colton,68
CT,M,2018,Josiah,68
CT,M,2018,Leo,67
CT,M,2018,Brayden,63
CT,M,2018,Elias,61
CT,M,2018,Christian,60
CT,M,2018,Robert,60
CT,M,2018,Austin,59
CT,M,2018,Chase,59
CT,M,2018,Joshua,58
CT,M,2018,Levi,58
CT,M,2018,Zachary,57
CT,M,2018,Isaac,56
CT,M,2018,Nolan,56
CT,M,2018,Adrian,55
CT,M,2018,Aaron,53
CT,M,2018,Evan,53
CT,M,2018,Mateo,53
CT,M,2018,Jonathan,52
CT,M,2018,Leonardo,51
CT,M,2018,Lincoln,51
CT,M,2018,Adam,50
CT,M,2018,Tyler,50
CT,M,2018,Dominic,49
CT,M,2018,Xavier,49
CT,M,2018,Jason,48
CT,M,2018,Jaxson,48
CT,M,2018,Cole,47
CT,M,2018,Gavin,47
CT,M,2018,Maxwell,47
CT,M,2018,Eli,46
CT,M,2018,Asher,44
CT,M,2018,Ian,44
CT,M,2018,Isaiah,44
CT,M,2018,Kayden,44
CT,M,2018,Angel,43
CT,M,2018,Jordan,42
CT,M,2018,Parker,42
CT,M,2018,Tristan,42
CT,M,2018,Vincent,42
CT,M,2018,Camden,41
CT,M,2018,Everett,41
CT,M,2018,Hudson,41
CT,M,2018,Jameson,41
CT,M,2018,Roman,41
CT,M,2018,Ayden,40
CT,M,2018,Finn,40
CT,M,2018,Giovanni,40
CT,M,2018,Wesley,40
CT,M,2018,George,39
CT,M,2018,Rowan,39
CT,M,2018,Declan,38
CT,M,2018,Nathaniel,37
CT,M,2018,Bennett,35
CT,M,2018,Blake,35
CT,M,2018,Amir,34
CT,M,2018,Bryson,34
CT,M,2018,Ezra,34
CT,M,2018,Max,34
CT,M,2018,Justin,33
CT,M,2018,Maverick,33
CT,M,2018,Patrick,33
CT,M,2018,Colin,32
CT,M,2018,Peter,32
CT,M,2018,Antonio,31
CT,M,2018,Brandon,31
CT,M,2018,Emmett,31
CT,M,2018,Lorenzo,31
CT,M,2018,Micah,31
CT,M,2018,Sawyer,31
CT,M,2018,Avery,30
CT,M,2018,Bryce,30
CT,M,2018,Ezekiel,30
CT,M,2018,Brody,29
CT,M,2018,Carson,29
CT,M,2018,Cooper,29
CT,M,2018,Harrison,29
CT,M,2018,Jace,29
CT,M,2018,Kyrie,29
CT,M,2018,Lukas,29
CT,M,2018,Miles,29
CT,M,2018,Richard,29
CT,M,2018,Calvin,28
CT,M,2018,Dean,28
CT,M,2018,Jayce,28
CT,M,2018,Jose,28
CT,M,2018,King,28
CT,M,2018,Maddox,28
CT,M,2018,Matteo,28
CT,M,2018,Carlos,27
CT,M,2018,August,26
CT,M,2018,Axel,26
CT,M,2018,Eric,26
CT,M,2018,Nicolas,26
CT,M,2018,Ryder,26
CT,M,2018,Jake,25
CT,M,2018,Kyle,25
CT,M,2018,Messiah,25
CT,M,2018,Nico,25
CT,M,2018,Paul,25
CT,M,2018,Zion,25
CT,M,2018,Ashton,24
CT,M,2018,Brian,24
CT,M,2018,Elliott,24
CT,M,2018,Joel,24
CT,M,2018,Xander,24
CT,M,2018,Brady,23
CT,M,2018,Cody,23
CT,M,2018,Elliot,23
CT,M,2018,Jeremy,23
CT,M,2018,Kevin,23
CT,M,2018,Louis,23
CT,M,2018,Malachi,23
CT,M,2018,Mark,23
CT,M,2018,Silas,23
CT,M,2018,Weston,23
CT,M,2018,Charlie,22
CT,M,2018,Grant,22
CT,M,2018,Julius,22
CT,M,2018,Santiago,22
CT,M,2018,Theo,22
CT,M,2018,Aidan,20
CT,M,2018,Edward,20
CT,M,2018,Enzo,20
CT,M,2018,Felix,20
CT,M,2018,Kaleb,20
CT,M,2018,Luis,20
CT,M,2018,Maximus,20
CT,M,2018,Preston,20
CT,M,2018,Riley,20
CT,M,2018,Tucker,20
CT,M,2018,Alan,19
CT,M,2018,Alex,19
CT,M,2018,Graham,19
CT,M,2018,Jonah,19
CT,M,2018,Sean,19
CT,M,2018,Timothy,19
CT,M,2018,Adriel,18
CT,M,2018,Beau,18
CT,M,2018,Conor,18
CT,M,2018,Derek,18
CT,M,2018,Kaiden,18
CT,M,2018,Matias,18
CT,M,2018,Myles,18
CT,M,2018,Rocco,18
CT,M,2018,Spencer,18
CT,M,2018,Diego,17
CT,M,2018,Easton,17
CT,M,2018,Kai,17
CT,M,2018,Karter,17
CT,M,2018,Kenneth,17
CT,M,2018,Orion,17
CT,M,2018,Reid,17
CT,M,2018,Amari,16
CT,M,2018,Caden,16
CT,M,2018,Gael,16
CT,M,2018,Hayden,16
CT,M,2018,Jeffrey,16
CT,M,2018,Josue,16
CT,M,2018,Juan,16
CT,M,2018,Kingston,16
CT,M,2018,Leon,16
CT,M,2018,Muhammad,16
CT,M,2018,Ronan,16
CT,M,2018,Thiago,16
CT,M,2018,Arthur,15
CT,M,2018,Brendan,15
CT,M,2018,Brooks,15
CT,M,2018,Cayden,15
CT,M,2018,Desmond,15
CT,M,2018,Griffin,15
CT,M,2018,Jaden,15
CT,M,2018,Quinn,15
CT,M,2018,Rafael,15
CT,M,2018,Rory,15
CT,M,2018,Bryan,14
CT,M,2018,Carmelo,14
CT,M,2018,Chance,14
CT,M,2018,Damian,14
CT,M,2018,Jasper,14
CT,M,2018,Jayceon,14
CT,M,2018,Kaden,14
CT,M,2018,Malcolm,14
CT,M,2018,Marco,14
CT,M,2018,Milo,14
CT,M,2018,Steven,14
CT,M,2018,Victor,14
CT,M,2018,Walter,14
CT,M,2018,Zane,14
CT,M,2018,Cairo,13
CT,M,2018,Gianni,13
CT,M,2018,Marcus,13
CT,M,2018,Miguel,13
CT,M,2018,Phoenix,13
CT,M,2018,Raymond,13
CT,M,2018,Shane,13
CT,M,2018,Stephen,13
CT,M,2018,Travis,13
CT,M,2018,Trevor,13
CT,M,2018,Vincenzo,13
CT,M,2018,Abraham,12
CT,M,2018,Andre,12
CT,M,2018,Donovan,12
CT,M,2018,Ellis,12
CT,M,2018,Javier,12
CT,M,2018,Luka,12
CT,M,2018,Philip,12
CT,M,2018,Simon,12
CT,M,2018,Alejandro,11
CT,M,2018,Armani,11
CT,M,2018,Bentley,11
CT,M,2018,Bodhi,11
CT,M,2018,Bradley,11
CT,M,2018,Clark,11
CT,M,2018,Dante,11
CT,M,2018,Finnegan,11
CT,M,2018,Frank,11
CT,M,2018,Frederick,11
CT,M,2018,Ibrahim,11
CT,M,2018,Jax,11
CT,M,2018,Jaylen,11
CT,M,2018,Jesse,11
CT,M,2018,Judah,11
CT,M,2018,Jude,11
CT,M,2018,Julien,11
CT,M,2018,Maximilian,11
CT,M,2018,Milan,11
CT,M,2018,Noel,11
CT,M,2018,Omar,11
CT,M,2018,Troy,11
CT,M,2018,Zayn,11
CT,M,2018,Abel,10
CT,M,2018,Ari,10
CT,M,2018,Caiden,10
CT,M,2018,Clayton,10
CT,M,2018,Damien,10
CT,M,2018,Emmanuel,10
CT,M,2018,Finley,10
CT,M,2018,Gregory,10
CT,M,2018,Jayson,10
CT,M,2018,Jorge,10
CT,M,2018,Keegan,10
CT,M,2018,Lennox,10
CT,M,2018,Lucca,10
CT,M,2018,Omari,10
CT,M,2018,Oscar,10
CT,M,2018,River,10
CT,M,2018,Romeo,10
CT,M,2018,Santino,10
CT,M,2018,Vihaan,10
CT,M,2018,Winston,10
CT,M,2018,Adonis,9
CT,M,2018,Alden,9
CT,M,2018,Collin,9
CT,M,2018,Dennis,9
CT,M,2018,Drew,9
CT,M,2018,Edwin,9
CT,M,2018,Erik,9
CT,M,2018,Fabian,9
CT,M,2018,Holden,9
CT,M,2018,Ivan,9
CT,M,2018,Jadiel,9
CT,M,2018,Jesus,9
CT,M,2018,Kendrick,9
CT,M,2018,Khalil,9
CT,M,2018,Mario,9
CT,M,2018,Neil,9
CT,M,2018,Pedro,9
CT,M,2018,Ryker,9
CT,M,2018,Ace,8
CT,M,2018,Ahmed,8
CT,M,2018,Albert,8
CT,M,2018,Ali,8
CT,M,2018,Anderson,8
CT,M,2018,Arjun,8
CT,M,2018,Ayaan,8
CT,M,2018,Beckett,8
CT,M,2018,Beckham,8
CT,M,2018,Braxton,8
CT,M,2018,Brennan,8
CT,M,2018,Brycen,8
CT,M,2018,Cyrus,8
CT,M,2018,Devon,8
CT,M,2018,Emerson,8
CT,M,2018,Emilio,8
CT,M,2018,Erick,8
CT,M,2018,Ezequiel,8
CT,M,2018,Francisco,8
CT,M,2018,Gianluca,8
CT,M,2018,Harry,8
CT,M,2018,Israel,8
CT,M,2018,Jaiden,8
CT,M,2018,Jay,8
CT,M,2018,Kairo,8
CT,M,2018,Kameron,8
CT,M,2018,Lachlan,8
CT,M,2018,Leonidas,8
CT,M,2018,Luciano,8
CT,M,2018,Martin,8
CT,M,2018,Nehemiah,8
CT,M,2018,Nelson,8
CT,M,2018,Nikolai,8
CT,M,2018,Nikolas,8
CT,M,2018,Pierce,8
CT,M,2018,Remy,8
CT,M,2018,Rhys,8
CT,M,2018,Rohan,8
CT,M,2018,Ronald,8
CT,M,2018,Warren,8
CT,M,2018,Waylon,8
CT,M,2018,Zain,8
CT,M,2018,Zayden,8
CT,M,2018,Aarav,7
CT,M,2018,Abdul,7
CT,M,2018,Abdullah,7
CT,M,2018,Alexis,7
CT,M,2018,Arlo,7
CT,M,2018,Barrett,7
CT,M,2018,Bruno,7
CT,M,2018,Callan,7
CT,M,2018,Callum,7
CT,M,2018,Casey,7
CT,M,2018,Cesar,7
CT,M,2018,Colby,7
CT,M,2018,Colt,7
CT,M,2018,Colten,7
CT,M,2018,Cristian,7
CT,M,2018,Dereck,7
CT,M,2018,Devin,7
CT,M,2018,Elian,7
CT,M,2018,Esteban,7
CT,M,2018,Flynn,7
CT,M,2018,Francis,7
CT,M,2018,Franklin,7
CT,M,2018,Gage,7
CT,M,2018,Hendrix,7
CT,M,2018,Ismael,7
CT,M,2018,Jeremias,7
CT,M,2018,Jonas,7
CT,M,2018,Joziah,7
CT,M,2018,Justice,7
CT,M,2018,Kash,7
CT,M,2018,Leandro,7
CT,M,2018,Legend,7
CT,M,2018,Marlon,7
CT,M,2018,Mathias,7
CT,M,2018,Nash,7
CT,M,2018,Odin,7
CT,M,2018,Otto,7
CT,M,2018,Rayan,7
CT,M,2018,Reece,7
CT,M,2018,Sam,7
CT,M,2018,Shawn,7
CT,M,2018,Sincere,7
CT,M,2018,Tanner,7
CT,M,2018,Tobias,7
CT,M,2018,Trey,7
CT,M,2018,Tyson,7
CT,M,2018,Walker,7
CT,M,2018,Wilson,7
CT,M,2018,Yusuf,7
CT,M,2018,Zaid,7
CT,M,2018,Alec,6
CT,M,2018,Alessio,6
CT,M,2018,Andres,6
CT,M,2018,Angelo,6
CT,M,2018,Atlas,6
CT,M,2018,Aydin,6
CT,M,2018,Brantley,6
CT,M,2018,Callen,6
CT,M,2018,Cash,6
CT,M,2018,Corbin,6
CT,M,2018,Corey,6
CT,M,2018,Dominick,6
CT,M,2018,Eamon,6
CT,M,2018,Eden,6
CT,M,2018,Edgar,6
CT,M,2018,Grady,6
CT,M,2018,Gunnar,6
CT,M,2018,Gustavo,6
CT,M,2018,Jagger,6
CT,M,2018,Jefferson,6
CT,M,2018,Juelz,6
CT,M,2018,Kade,6
CT,M,2018,Kane,6
CT,M,2018,Killian,6
CT,M,2018,Lawrence,6
CT,M,2018,Leonel,6
CT,M,2018,Maison,6
CT,M,2018,Malik,6
CT,M,2018,Matthias,6
CT,M,2018,Maximiliano,6
CT,M,2018,Mohamed,6
CT,M,2018,Mohammed,6
CT,M,2018,Nasir,6
CT,M,2018,Prince,6
CT,M,2018,Raphael,6
CT,M,2018,Ray,6
CT,M,2018,Rhett,6
CT,M,2018,Russell,6
CT,M,2018,Seamus,6
CT,M,2018,Seth,6
CT,M,2018,Sullivan,6
CT,M,2018,Tate,6
CT,M,2018,Westley,6
CT,M,2018,Aayan,5
CT,M,2018,Abdiel,5
CT,M,2018,Alessandro,5
CT,M,2018,Alijah,5
CT,M,2018,Alonzo,5
CT,M,2018,Amare,5
CT,M,2018,Archer,5
CT,M,2018,Arian,5
CT,M,2018,Armando,5
CT,M,2018,Avion,5
CT,M,2018,Ayman,5
CT,M,2018,Bilal,5
CT,M,2018,Bruce,5
CT,M,2018,Carmine,5
CT,M,2018,Cassian,5
CT,M,2018,Cassius,5
CT,M,2018,Chris,5
CT,M,2018,Crosby,5
CT,M,2018,Cruz,5
CT,M,2018,Dalton,5
CT,M,2018,Damon,5
CT,M,2018,Danny,5
CT,M,2018,Dariel,5
CT,M,2018,Dawson,5
CT,M,2018,Dominik,5
CT,M,2018,Donald,5
CT,M,2018,Duke,5
CT,M,2018,Eithan,5
CT,M,2018,Eliezer,5
CT,M,2018,Elisha,5
CT,M,2018,Elvis,5
CT,M,2018,Emery,5
CT,M,2018,Emiliano,5
CT,M,2018,Ford,5
CT,M,2018,Garrett,5
CT,M,2018,Gideon,5
CT,M,2018,Gino,5
CT,M,2018,Grey,5
CT,M,2018,Gunner,5
CT,M,2018,Harlan,5
CT,M,2018,Hector,5
CT,M,2018,Hugh,5
CT,M,2018,Hugo,5
CT,M,2018,Izaiah,5
CT,M,2018,Jakob,5
CT,M,2018,Jamison,5
CT,M,2018,Jaxton,5
CT,M,2018,Jett,5
CT,M,2018,Joan,5
CT,M,2018,Johnny,5
CT,M,2018,Karson,5
CT,M,2018,Kayson,5
CT,M,2018,Kellan,5
CT,M,2018,Kelvin,5
CT,M,2018,Kenzo,5
CT,M,2018,Kian,5
CT,M,2018,Kieran,5
CT,M,2018,Kyler,5
CT,M,2018,Landyn,5
CT,M,2018,Legacy,5
CT,M,2018,Lian,5
CT,M,2018,Manuel,5
CT,M,2018,Marc,5
CT,M,2018,Marcel,5
CT,M,2018,Marcos,5
CT,M,2018,Marshall,5
CT,M,2018,Maurice,5
CT,M,2018,Mayson,5
CT,M,2018,Mekhi,5
CT,M,2018,Memphis,5
CT,M,2018,Musa,5
CT,M,2018,Niko,5
CT,M,2018,Orlando,5
CT,M,2018,Pablo,5
CT,M,2018,Rayyan,5
CT,M,2018,Reed,5
CT,M,2018,Remington,5
CT,M,2018,Ricardo,5
CT,M,2018,Sage,5
CT,M,2018,Saleh,5
CT,M,2018,Samson,5
CT,M,2018,Stefan,5
CT,M,2018,Sterling,5
CT,M,2018,Thatcher,5
CT,M,2018,Wade,5
CT,M,2018,Yadiel,5
CT,M,2018,Zaire,5
CT,M,2018,Zander,5
CT,M,2018,Zayne,5
CT,M,2019,Liam,230
CT,M,2019,Noah,220
CT,M,2019,Mason,160
CT,M,2019,Lucas,156
CT,M,2019,James,152
CT,M,2019,Logan,152
CT,M,2019,Ethan,150
CT,M,2019,William,149
CT,M,2019,Jacob,146
CT,M,2019,Oliver,145
CT,M,2019,Henry,144
CT,M,2019,Jack,142
CT,M,2019,Michael,142
CT,M,2019,Joseph,130
CT,M,2019,Benjamin,126
CT,M,2019,Matthew,122
CT,M,2019,Alexander,121
CT,M,2019,Anthony,117
CT,M,2019,Owen,111
CT,M,2019,Dylan,107
CT,M,2019,Elijah,106
CT,M,2019,Jackson,106
CT,M,2019,Aiden,105
CT,M,2019,Christopher,102
CT,M,2019,Sebastian,102
CT,M,2019,John,101
CT,M,2019,Julian,101
CT,M,2019,Theodore,100
CT,M,2019,Leo,99
CT,M,2019,Ryan,98
CT,M,2019,Luca,97
CT,M,2019,Carter,94
CT,M,2019,Daniel,94
CT,M,2019,Gabriel,93
CT,M,2019,Andrew,92
CT,M,2019,Connor,91
CT,M,2019,Thomas,91
CT,M,2019,Jaxon,89
CT,M,2019,Samuel,89
CT,M,2019,David,88
CT,M,2019,Luke,88
CT,M,2019,Nathan,85
CT,M,2019,Nicholas,85
CT,M,2019,Grayson,83
CT,M,2019,Hunter,79
CT,M,2019,Charles,77
CT,M,2019,Caleb,73
CT,M,2019,Joshua,73
CT,M,2019,Jayden,72
CT,M,2019,Josiah,71
CT,M,2019,Cameron,70
CT,M,2019,Wyatt,70
CT,M,2019,Christian,67
CT,M,2019,Jeremiah,63
CT,M,2019,Mateo,63
CT,M,2019,Austin,62
CT,M,2019,Colton,61
CT,M,2019,Levi,61
CT,M,2019,Elias,60
CT,M,2019,Lorenzo,60
CT,M,2019,Isaac,59
CT,M,2019,Dominic,57
CT,M,2019,Greyson,57
CT,M,2019,Jonathan,57
CT,M,2019,Zachary,57
CT,M,2019,Landon,56
CT,M,2019,Declan,55
CT,M,2019,Adrian,54
CT,M,2019,Cole,54
CT,M,2019,Jaxson,53
CT,M,2019,Nolan,53
CT,M,2019,Nathaniel,51
CT,M,2019,Bryson,50
CT,M,2019,Maxwell,50
CT,M,2019,Brayden,49
CT,M,2019,Bennett,48
CT,M,2019,Adam,47
CT,M,2019,Miles,47
CT,M,2019,Robert,47
CT,M,2019,Roman,47
CT,M,2019,Aaron,46
CT,M,2019,Ezra,46
CT,M,2019,Chase,44
CT,M,2019,Eli,44
CT,M,2019,Evan,44
CT,M,2019,Wesley,44
CT,M,2019,Everett,43
CT,M,2019,George,43
CT,M,2019,Leonardo,43
CT,M,2019,Asher,42
CT,M,2019,Hudson,42
CT,M,2019,Jayce,42
CT,M,2019,Matteo,42
CT,M,2019,Ian,41
CT,M,2019,Jameson,41
CT,M,2019,Kayden,41
CT,M,2019,Angel,40
CT,M,2019,Emmett,40
CT,M,2019,Isaiah,40
CT,M,2019,Jace,40
CT,M,2019,Nicolas,40
CT,M,2019,Vincent,40
CT,M,2019,Cooper,38
CT,M,2019,Parker,38
CT,M,2019,Tyler,38
CT,M,2019,Carson,36
CT,M,2019,Jason,36
CT,M,2019,Jordan,36
CT,M,2019,Gavin,35
CT,M,2019,Lincoln,35
CT,M,2019,Max,35
CT,M,2019,Bryce,34
CT,M,2019,Justin,34
CT,M,2019,Kai,33
CT,M,2019,Harrison,32
CT,M,2019,Jonah,32
CT,M,2019,Camden,31
CT,M,2019,Maverick,31
CT,M,2019,Ryder,31
CT,M,2019,Axel,30
CT,M,2019,Giovanni,30
CT,M,2019,Nico,29
CT,M,2019,Amir,28
CT,M,2019,Brooks,28
CT,M,2019,Patrick,28
CT,M,2019,Tristan,28
CT,M,2019,Ayden,27
CT,M,2019,Kaleb,27
CT,M,2019,Elliot,26
CT,M,2019,Rowan,26
CT,M,2019,Xavier,26
CT,M,2019,Carlos,25
CT,M,2019,Colin,25
CT,M,2019,Kaiden,25
CT,M,2019,Messiah,25
CT,M,2019,Miguel,25
CT,M,2019,Peter,25
CT,M,2019,Beau,24
CT,M,2019,Blake,24
CT,M,2019,Joel,24
CT,M,2019,Myles,24
CT,M,2019,Brody,23
CT,M,2019,Calvin,23
CT,M,2019,Charlie,23
CT,M,2019,Griffin,23
CT,M,2019,Thiago,23
CT,M,2019,Weston,23
CT,M,2019,Aidan,22
CT,M,2019,August,22
CT,M,2019,Edward,22
CT,M,2019,Ezekiel,22
CT,M,2019,Jose,22
CT,M,2019,Leon,22
CT,M,2019,Richard,22
CT,M,2019,Silas,22
CT,M,2019,Avery,21
CT,M,2019,Brandon,21
CT,M,2019,Damian,21
CT,M,2019,Elliott,21
CT,M,2019,Emmanuel,21
CT,M,2019,Enzo,21
CT,M,2019,Graham,21
CT,M,2019,Kairo,21
CT,M,2019,Luis,21
CT,M,2019,Lukas,21
CT,M,2019,Maddox,21
CT,M,2019,Ronan,21
CT,M,2019,Cayden,20
CT,M,2019,Dean,20
CT,M,2019,Karter,20
CT,M,2019,Kyrie,20
CT,M,2019,Legend,20
CT,M,2019,Micah,20
CT,M,2019,Milo,20
CT,M,2019,Rory,20
CT,M,2019,Santiago,20
CT,M,2019,Sawyer,20
CT,M,2019,Theo,20
CT,M,2019,Timothy,20
CT,M,2019,Zion,20
CT,M,2019,Adonis,19
CT,M,2019,Armani,19
CT,M,2019,Caden,19
CT,M,2019,Finn,19
CT,M,2019,Julius,19
CT,M,2019,Abel,18
CT,M,2019,Arthur,18
CT,M,2019,Gael,18
CT,M,2019,Jax,18
CT,M,2019,Kevin,18
CT,M,2019,Maximus,18
CT,M,2019,Sean,18
CT,M,2019,Amari,17
CT,M,2019,Antonio,17
CT,M,2019,Ashton,17
CT,M,2019,Bradley,17
CT,M,2019,Grant,17
CT,M,2019,Jake,17
CT,M,2019,Jeremy,17
CT,M,2019,Riley,17
CT,M,2019,Vincenzo,17
CT,M,2019,Xander,17
CT,M,2019,Ace,16
CT,M,2019,Alex,16
CT,M,2019,Andre,16
CT,M,2019,Dominick,16
CT,M,2019,Easton,16
CT,M,2019,Eric,16
CT,M,2019,Josue,16
CT,M,2019,Kenneth,16
CT,M,2019,Luka,16
CT,M,2019,Preston,16
CT,M,2019,Victor,16
CT,M,2019,Caiden,15
CT,M,2019,Conor,15
CT,M,2019,Jasper,15
CT,M,2019,Juan,15
CT,M,2019,Kyle,15
CT,M,2019,Louis,15
CT,M,2019,Quinn,15
CT,M,2019,Rocco,15
CT,M,2019,Walter,15
CT,M,2019,Alan,14
CT,M,2019,Anderson,14
CT,M,2019,Elian,14
CT,M,2019,Erick,14
CT,M,2019,Felix,14
CT,M,2019,Frank,14
CT,M,2019,Killian,14
CT,M,2019,King,14
CT,M,2019,Malachi,14
CT,M,2019,Mark,14
CT,M,2019,Stephen,14
CT,M,2019,Troy,14
CT,M,2019,Vihaan,14
CT,M,2019,Abdiel,13
CT,M,2019,Angelo,13
CT,M,2019,Beckett,13
CT,M,2019,Damien,13
CT,M,2019,Derek,13
CT,M,2019,Devin,13
CT,M,2019,Donovan,13
CT,M,2019,Emiliano,13
CT,M,2019,Ibrahim,13
CT,M,2019,Jaiden,13
CT,M,2019,Jaylen,13
CT,M,2019,Marco,13
CT,M,2019,Milan,13
CT,M,2019,Oscar,13
CT,M,2019,Archer,12
CT,M,2019,Bentley,12
CT,M,2019,Gianni,12
CT,M,2019,Gunnar,12
CT,M,2019,Jaden,12
CT,M,2019,Martin,12
CT,M,2019,Noel,12
CT,M,2019,Russell,12
CT,M,2019,Steven,12
CT,M,2019,Tucker,12
CT,M,2019,Adriel,11
CT,M,2019,Callum,11
CT,M,2019,Cody,11
CT,M,2019,Dante,11
CT,M,2019,Diego,11
CT,M,2019,Jay,11
CT,M,2019,Johan,11
CT,M,2019,Jorge,11
CT,M,2019,Joziah,11
CT,M,2019,Kieran,11
CT,M,2019,Kingston,11
CT,M,2019,Lennox,11
CT,M,2019,Marcus,11
CT,M,2019,Nash,11
CT,M,2019,Niko,11
CT,M,2019,Pedro,11
CT,M,2019,Phoenix,11
CT,M,2019,Raphael,11
CT,M,2019,Remy,11
CT,M,2019,Romeo,11
CT,M,2019,Ryker,11
CT,M,2019,Shane,11
CT,M,2019,Tobias,11
CT,M,2019,Abraham,10
CT,M,2019,Alexis,10
CT,M,2019,Andy,10
CT,M,2019,Arjun,10
CT,M,2019,Brian,10
CT,M,2019,Bryan,10
CT,M,2019,Cairo,10
CT,M,2019,Dallas,10
CT,M,2019,Edwin,10
CT,M,2019,Grady,10
CT,M,2019,Jonas,10
CT,M,2019,Jude,10
CT,M,2019,Kane,10
CT,M,2019,Muhammad,10
CT,M,2019,Nasir,10
CT,M,2019,Otto,10
CT,M,2019,Philip,10
CT,M,2019,Prince,10
CT,M,2019,Reid,10
CT,M,2019,Santino,10
CT,M,2019,Warren,10
CT,M,2019,Zayden,10
CT,M,2019,Arlo,9
CT,M,2019,Aryan,9
CT,M,2019,Chris,9
CT,M,2019,Devon,9
CT,M,2019,Emanuel,9
CT,M,2019,Finley,9
CT,M,2019,Finnegan,9
CT,M,2019,Frederick,9
CT,M,2019,Garrett,9
CT,M,2019,Hayden,9
CT,M,2019,Ivan,9
CT,M,2019,Jayceon,9
CT,M,2019,Kaden,9
CT,M,2019,Odin,9
CT,M,2019,Omar,9
CT,M,2019,Paxton,9
CT,M,2019,Rafael,9
CT,M,2019,Remington,9
CT,M,2019,Rhys,9
CT,M,2019,River,9
CT,M,2019,Salvatore,9
CT,M,2019,Simon,9
CT,M,2019,Tanner,9
CT,M,2019,Andres,8
CT,M,2019,Clark,8
CT,M,2019,Colt,8
CT,M,2019,Emilio,8
CT,M,2019,Fabian,8
CT,M,2019,Francis,8
CT,M,2019,Gregory,8
CT,M,2019,Holden,8
CT,M,2019,Jadiel,8
CT,M,2019,Javier,8
CT,M,2019,Judah,8
CT,M,2019,Kash,8
CT,M,2019,Landen,8
CT,M,2019,Luciano,8
CT,M,2019,Maximilian,8
CT,M,2019,Nikolai,8
CT,M,2019,Pablo,8
CT,M,2019,Paul,8
CT,M,2019,Raymond,8
CT,M,2019,Ricardo,8
CT,M,2019,Rylan,8
CT,M,2019,Scott,8
CT,M,2019,Spencer,8
CT,M,2019,Trevor,8
CT,M,2019,Trey,8
CT,M,2019,Waylon,8
CT,M,2019,Zane,8
CT,M,2019,Aarav,7
CT,M,2019,Albert,7
CT,M,2019,Ali,7
CT,M,2019,Ari,7
CT,M,2019,Ayaan,7
CT,M,2019,Barrett,7
CT,M,2019,Cash,7
CT,M,2019,Conner,7
CT,M,2019,Corbin,7
CT,M,2019,Cristian,7
CT,M,2019,Cyrus,7
CT,M,2019,Damon,7
CT,M,2019,Dennis,7
CT,M,2019,Domenic,7
CT,M,2019,Drew,7
CT,M,2019,Ermias,7
CT,M,2019,Israel,7
CT,M,2019,Jakob,7
CT,M,2019,Jared,7
CT,M,2019,Jayson,7
CT,M,2019,Kayson,7
CT,M,2019,Khalil,7
CT,M,2019,Kiaan,7
CT,M,2019,Knox,7
CT,M,2019,Kyro,7
CT,M,2019,Malakai,7
CT,M,2019,Marcel,7
CT,M,2019,Mathias,7
CT,M,2019,Maximiliano,7
CT,M,2019,Mohammad,7
CT,M,2019,Neil,7
CT,M,2019,Omari,7
CT,M,2019,Quincy,7
CT,M,2019,Rayan,7
CT,M,2019,Royce,7
CT,M,2019,Sam,7
CT,M,2019,Valentino,7
CT,M,2019,Zander,7
CT,M,2019,Alec,6
CT,M,2019,Alejandro,6
CT,M,2019,Aleksander,6
CT,M,2019,Augustus,6
CT,M,2019,Ayan,6
CT,M,2019,Beckham,6
CT,M,2019,Bruno,6
CT,M,2019,Carmelo,6
CT,M,2019,Casey,6
CT,M,2019,Chance,6
CT,M,2019,Cruz,6
CT,M,2019,Dillon,6
CT,M,2019,Dominik,6
CT,M,2019,Eliel,6
CT,M,2019,Ellis,6
CT,M,2019,Elon,6
CT,M,2019,Emerson,6
CT,M,2019,Emil,6
CT,M,2019,Eugene,6
CT,M,2019,Francisco,6
CT,M,2019,Iker,6
CT,M,2019,Jaime,6
CT,M,2019,Jamison,6
CT,M,2019,Jaxton,6
CT,M,2019,Johnathan,6
CT,M,2019,Julien,6
CT,M,2019,Justice,6
CT,M,2019,Kyler,6
CT,M,2019,Leonel,6
CT,M,2019,Lucian,6
CT,M,2019,Malcolm,6
CT,M,2019,Matias,6
CT,M,2019,Nelson,6
CT,M,2019,Nikolas,6
CT,M,2019,Pierce,6
CT,M,2019,Reed,6
CT,M,2019,Shawn,6
CT,M,2019,Skyler,6
CT,M,2019,Sullivan,6
CT,M,2019,Yousef,6
CT,M,2019,Zaire,6
CT,M,2019,Zayn,6
CT,M,2019,Ares,5
CT,M,2019,Aron,5
CT,M,2019,Atlas,5
CT,M,2019,Aydin,5
CT,M,2019,Braeden,5
CT,M,2019,Brixton,5
CT,M,2019,Cade,5
CT,M,2019,Callan,5
CT,M,2019,Callen,5
CT,M,2019,Camryn,5
CT,M,2019,Carmine,5
CT,M,2019,Colby,5
CT,M,2019,Collin,5
CT,M,2019,Corey,5
CT,M,2019,Deacon,5
CT,M,2019,Denzel,5
CT,M,2019,Desmond,5
CT,M,2019,Elvin,5
CT,M,2019,Ezequiel,5
CT,M,2019,Finnley,5
CT,M,2019,Ford,5
CT,M,2019,Gage,5
CT,M,2019,Harvey,5
CT,M,2019,Hassan,5
CT,M,2019,Hector,5
CT,M,2019,Hendrix,5
CT,M,2019,Hugo,5
CT,M,2019,Isaias,5
CT,M,2019,Ishaan,5
CT,M,2019,Izaiah,5
CT,M,2019,Jermaine,5
CT,M,2019,Jesse,5
CT,M,2019,Jimmy,5
CT,M,2019,Joaquin,5
CT,M,2019,Kaison,5
CT,M,2019,Kelvin,5
CT,M,2019,Khalid,5
CT,M,2019,Kian,5
CT,M,2019,Kobe,5
CT,M,2019,Kristian,5
CT,M,2019,Kylan,5
CT,M,2019,Kylian,5
CT,M,2019,Leandro,5
CT,M,2019,Lenox,5
CT,M,2019,Lucca,5
CT,M,2019,Lukasz,5
CT,M,2019,Magnus,5
CT,M,2019,Malik,5
CT,M,2019,Marcello,5
CT,M,2019,Marcos,5
CT,M,2019,Marquis,5
CT,M,2019,Matthias,5
CT,M,2019,Mikael,5
CT,M,2019,Mohammed,5
CT,M,2019,Oakley,5
CT,M,2019,Otis,5
CT,M,2019,Pharaoh,5
CT,M,2019,Raiden,5
CT,M,2019,Reyansh,5
CT,M,2019,Rohan,5
CT,M,2019,Ronin,5
CT,M,2019,Sergio,5
CT,M,2019,Seth,5
CT,M,2019,Shea,5
CT,M,2019,Stanley,5
CT,M,2019,Sylas,5
CT,M,2019,Tomas,5
CT,M,2019,Travis,5
CT,M,2019,Tyson,5
CT,M,2019,Wilson,5
CT,M,2019,Yadiel,5
CT,M,2019,Yusuf,5
CT,M,2019,Zachariah,5
CT,M,2019,Zahir,5
CT,M,2019,Zaiden,5
CT,M,2019,Zavier,5
CT,M,2020,Noah,212
CT,M,2020,Liam,204
CT,M,2020,Benjamin,166
CT,M,2020,Michael,156
CT,M,2020,James,151
CT,M,2020,Logan,150
CT,M,2020,William,150
CT,M,2020,Jack,149
CT,M,2020,Lucas,140
CT,M,2020,Oliver,139
CT,M,2020,Alexander,138
CT,M,2020,Jacob,132
CT,M,2020,John,127
CT,M,2020,Matthew,119
CT,M,2020,Theodore,119
CT,M,2020,Henry,117
CT,M,2020,Daniel,115
CT,M,2020,Ethan,114
CT,M,2020,Owen,114
CT,M,2020,Jackson,112
CT,M,2020,Mason,111
CT,M,2020,Joseph,109
CT,M,2020,Dylan,105
CT,M,2020,Luca,103
CT,M,2020,Ryan,103
CT,M,2020,Aiden,102
CT,M,2020,Elijah,101
CT,M,2020,Anthony,97
CT,M,2020,Leo,97
CT,M,2020,Luke,97
CT,M,2020,Charles,93
CT,M,2020,Nathan,85
CT,M,2020,Sebastian,85
CT,M,2020,Andrew,84
CT,M,2020,Gabriel,84
CT,M,2020,Nicholas,84
CT,M,2020,Thomas,83
CT,M,2020,Carter,80
CT,M,2020,Grayson,79
CT,M,2020,Hunter,78
CT,M,2020,Jayden,78
CT,M,2020,Cameron,73
CT,M,2020,Samuel,73
CT,M,2020,Julian,72
CT,M,2020,Connor,70
CT,M,2020,Levi,69
CT,M,2020,David,67
CT,M,2020,Wyatt,67
CT,M,2020,Christopher,66
CT,M,2020,Caleb,65
CT,M,2020,Jaxon,65
CT,M,2020,Elias,61
CT,M,2020,Hudson,61
CT,M,2020,Colton,60
CT,M,2020,Isaac,59
CT,M,2020,Josiah,58
CT,M,2020,Asher,57
CT,M,2020,Austin,57
CT,M,2020,Mateo,57
CT,M,2020,Jaxson,56
CT,M,2020,Kayden,56
CT,M,2020,Cole,55
CT,M,2020,Miles,54
CT,M,2020,Jeremiah,53
CT,M,2020,Nolan,52
CT,M,2020,Chase,51
CT,M,2020,Landon,51
CT,M,2020,Robert,51
CT,M,2020,Adrian,50
CT,M,2020,Greyson,50
CT,M,2020,Lincoln,50
CT,M,2020,Nathaniel,50
CT,M,2020,Tyler,49
CT,M,2020,Jonathan,48
CT,M,2020,Declan,47
CT,M,2020,Evan,47
CT,M,2020,Dominic,46
CT,M,2020,Giovanni,46
CT,M,2020,Zachary,46
CT,M,2020,Brayden,45
CT,M,2020,Matteo,45
CT,M,2020,Vincent,45
CT,M,2020,Christian,44
CT,M,2020,Ezra,44
CT,M,2020,Jordan,44
CT,M,2020,Joshua,43
CT,M,2020,Leonardo,43
CT,M,2020,Parker,43
CT,M,2020,Eli,41
CT,M,2020,Maverick,41
CT,M,2020,George,40
CT,M,2020,Jameson,40
CT,M,2020,Adam,39
CT,M,2020,Isaiah,39
CT,M,2020,Wesley,39
CT,M,2020,Theo,38
CT,M,2020,Bryson,37
CT,M,2020,Jason,37
CT,M,2020,Cooper,36
CT,M,2020,Maxwell,36
CT,M,2020,Ian,35
CT,M,2020,Max,35
CT,M,2020,Aaron,34
CT,M,2020,Ayden,34
CT,M,2020,Eric,34
CT,M,2020,Jace,34
CT,M,2020,Amir,33
CT,M,2020,Roman,33
CT,M,2020,Everett,32
CT,M,2020,Jayce,32
CT,M,2020,Kevin,32
CT,M,2020,Legend,32
CT,M,2020,Brody,31
CT,M,2020,Thiago,31
CT,M,2020,Avery,30
CT,M,2020,Emmett,30
CT,M,2020,Lorenzo,30
CT,M,2020,Luka,30
CT,M,2020,Ryder,30
CT,M,2020,Jose,29
CT,M,2020,Kaiden,29
CT,M,2020,Nicolas,29
CT,M,2020,Antonio,28
CT,M,2020,Carson,28
CT,M,2020,Enzo,28
CT,M,2020,Harrison,28
CT,M,2020,Kai,28
CT,M,2020,Myles,28
CT,M,2020,Weston,28
CT,M,2020,Axel,27
CT,M,2020,Camden,27
CT,M,2020,Edward,27
CT,M,2020,Ezekiel,27
CT,M,2020,Gavin,27
CT,M,2020,King,27
CT,M,2020,Luis,27
CT,M,2020,Milo,27
CT,M,2020,Peter,27
CT,M,2020,Adonis,26
CT,M,2020,Bennett,26
CT,M,2020,Justin,26
CT,M,2020,Rowan,26
CT,M,2020,Tucker,26
CT,M,2020,Xavier,26
CT,M,2020,Angel,25
CT,M,2020,Ashton,25
CT,M,2020,Calvin,25
CT,M,2020,Patrick,25
CT,M,2020,Zayn,25
CT,M,2020,Arthur,24
CT,M,2020,Jonah,24
CT,M,2020,Micah,24
CT,M,2020,Tristan,24
CT,M,2020,Aidan,23
CT,M,2020,Blake,23
CT,M,2020,Matias,23
CT,M,2020,Santiago,23
CT,M,2020,Victor,23
CT,M,2020,Bradley,22
CT,M,2020,Charlie,22
CT,M,2020,Elliot,22
CT,M,2020,Finn,22
CT,M,2020,Ronan,22
CT,M,2020,Zion,22
CT,M,2020,Caden,21
CT,M,2020,Gianni,21
CT,M,2020,Kairo,21
CT,M,2020,Lukas,21
CT,M,2020,Silas,21
CT,M,2020,Timothy,21
CT,M,2020,Beckett,20
CT,M,2020,Brooks,20
CT,M,2020,Bryce,20
CT,M,2020,Carlos,20
CT,M,2020,Colin,20
CT,M,2020,Dean,20
CT,M,2020,Diego,20
CT,M,2020,Elliott,20
CT,M,2020,Francis,20
CT,M,2020,Graham,20
CT,M,2020,Jasper,20
CT,M,2020,Jude,20
CT,M,2020,Richard,20
CT,M,2020,Rory,20
CT,M,2020,August,19
CT,M,2020,Brandon,19
CT,M,2020,Damian,19
CT,M,2020,Nico,19
CT,M,2020,Sean,19
CT,M,2020,Xander,19
CT,M,2020,Arlo,18
CT,M,2020,Caiden,18
CT,M,2020,Dante,18
CT,M,2020,Easton,18
CT,M,2020,Gael,18
CT,M,2020,Kobe,18
CT,M,2020,Kyrie,18
CT,M,2020,Maddox,18
CT,M,2020,Messiah,18
CT,M,2020,Rafael,18
CT,M,2020,Sawyer,18
CT,M,2020,Ace,17
CT,M,2020,Conor,17
CT,M,2020,Felix,17
CT,M,2020,Grant,17
CT,M,2020,Griffin,17
CT,M,2020,Jake,17
CT,M,2020,Kaleb,17
CT,M,2020,Lennox,17
CT,M,2020,Paul,17
CT,M,2020,Abel,16
CT,M,2020,Archer,16
CT,M,2020,Beau,16
CT,M,2020,Brian,16
CT,M,2020,Cairo,16
CT,M,2020,Emmanuel,16
CT,M,2020,Jaylen,16
CT,M,2020,Jeremy,16
CT,M,2020,Leon,16
CT,M,2020,Omar,16
CT,M,2020,Rocco,16
CT,M,2020,Tanner,16
CT,M,2020,Zayden,16
CT,M,2020,Adriel,15
CT,M,2020,Alex,15
CT,M,2020,Atlas,15
CT,M,2020,Hayden,15
CT,M,2020,Joel,15
CT,M,2020,Kameron,15
CT,M,2020,Louis,15
CT,M,2020,Phoenix,15
CT,M,2020,Raymond,15
CT,M,2020,Steven,15
CT,M,2020,Amari,14
CT,M,2020,Aziel,14
CT,M,2020,Bryan,14
CT,M,2020,Corey,14
CT,M,2020,Kaden,14
CT,M,2020,Luciano,14
CT,M,2020,Muhammad,14
CT,M,2020,Santino,14
CT,M,2020,Alejandro,13
CT,M,2020,Anderson,13
CT,M,2020,Angelo,13
CT,M,2020,Brady,13
CT,M,2020,Callan,13
CT,M,2020,Callum,13
CT,M,2020,Cayden,13
CT,M,2020,Israel,13
CT,M,2020,Lucca,13
CT,M,2020,Malachi,13
CT,M,2020,Mario,13
CT,M,2020,Miguel,13
CT,M,2020,Philip,13
CT,M,2020,River,13
CT,M,2020,Stephen,13
CT,M,2020,Donovan,12
CT,M,2020,Emerson,12
CT,M,2020,Finley,12
CT,M,2020,Finnegan,12
CT,M,2020,Holden,12
CT,M,2020,Judah,12
CT,M,2020,Malcolm,12
CT,M,2020,Maximilian,12
CT,M,2020,Maximus,12
CT,M,2020,Milan,12
CT,M,2020,Pedro,12
CT,M,2020,Quinn,12
CT,M,2020,Riley,12
CT,M,2020,Romeo,12
CT,M,2020,Spencer,12
CT,M,2020,Abraham,11
CT,M,2020,Chance,11
CT,M,2020,Cody,11
CT,M,2020,Cyrus,11
CT,M,2020,Desmond,11
CT,M,2020,Elian,11
CT,M,2020,Ellis,11
CT,M,2020,Emanuel,11
CT,M,2020,Frank,11
CT,M,2020,Josue,11
CT,M,2020,Kenneth,11
CT,M,2020,Kyle,11
CT,M,2020,Mark,11
CT,M,2020,Mathias,11
CT,M,2020,Niko,11
CT,M,2020,Odin,11
CT,M,2020,Oscar,11
CT,M,2020,Rhett,11
CT,M,2020,Rylan,11
CT,M,2020,Simon,11
CT,M,2020,Tobias,11
CT,M,2020,Trevor,11
CT,M,2020,Walker,11
CT,M,2020,Arjun,10
CT,M,2020,Carmelo,10
CT,M,2020,Damien,10
CT,M,2020,Daxton,10
CT,M,2020,Dior,10
CT,M,2020,Dominick,10
CT,M,2020,Ivan,10
CT,M,2020,Jaiden,10
CT,M,2020,Jasiah,10
CT,M,2020,Jax,10
CT,M,2020,Jayson,10
CT,M,2020,Jesse,10
CT,M,2020,Juan,10
CT,M,2020,Julius,10
CT,M,2020,Marco,10
CT,M,2020,Marcus,10
CT,M,2020,Remington,10
CT,M,2020,Ali,9
CT,M,2020,Ari,9
CT,M,2020,Crew,9
CT,M,2020,Dariel,9
CT,M,2020,Derek,9
CT,M,2020,Drew,9
CT,M,2020,Emilio,9
CT,M,2020,Franklin,9
CT,M,2020,Gregory,9
CT,M,2020,Hector,9
CT,M,2020,Jaden,9
CT,M,2020,Joniel,9
CT,M,2020,Karter,9
CT,M,2020,Kash,9
CT,M,2020,Kylo,9
CT,M,2020,Lionel,9
CT,M,2020,Martin,9
CT,M,2020,Nash,9
CT,M,2020,Paxton,9
CT,M,2020,Raphael,9
CT,M,2020,Salvatore,9
CT,M,2020,Troy,9
CT,M,2020,Vincenzo,9
CT,M,2020,Zyaire,9
CT,M,2020,Armani,8
CT,M,2020,Ayaan,8
CT,M,2020,Bodhi,8
CT,M,2020,Braxton,8
CT,M,2020,Colt,8
CT,M,2020,Davi,8
CT,M,2020,Ermias,8
CT,M,2020,Gino,8
CT,M,2020,Hugo,8
CT,M,2020,Jad,8
CT,M,2020,Johnathan,8
CT,M,2020,Julien,8
CT,M,2020,Kenzo,8
CT,M,2020,Kian,8
CT,M,2020,Kieran,8
CT,M,2020,Kingston,8
CT,M,2020,Lee,8
CT,M,2020,Major,8
CT,M,2020,Matthias,8
CT,M,2020,Reid,8
CT,M,2020,Shane,8
CT,M,2020,Wade,8
CT,M,2020,Zaire,8
CT,M,2020,Alec,7
CT,M,2020,Aleksander,7
CT,M,2020,Alexis,7
CT,M,2020,Andre,7
CT,M,2020,Azlan,7
CT,M,2020,Ben,7
CT,M,2020,Bodie,7
CT,M,2020,Brantley,7
CT,M,2020,Cesar,7
CT,M,2020,Clark,7
CT,M,2020,Collin,7
CT,M,2020,Colson,7
CT,M,2020,Cristian,7
CT,M,2020,Damon,7
CT,M,2020,Devin,7
CT,M,2020,Erick,7
CT,M,2020,Francisco,7
CT,M,2020,Frederick,7
CT,M,2020,Grady,7
CT,M,2020,Hamza,7
CT,M,2020,Harry,7
CT,M,2020,Hendrix,7
CT,M,2020,Ibrahim,7
CT,M,2020,Jadiel,7
CT,M,2020,Javier,7
CT,M,2020,Jayceon,7
CT,M,2020,Jedidiah,7
CT,M,2020,Jeffrey,7
CT,M,2020,Keanu,7
CT,M,2020,Khalil,7
CT,M,2020,Leonel,7
CT,M,2020,Lian,7
CT,M,2020,Marcel,7
CT,M,2020,Marvin,7
CT,M,2020,Mitchell,7
CT,M,2020,Morgan,7
CT,M,2020,Nehemiah,7
CT,M,2020,Orion,7
CT,M,2020,Pierce,7
CT,M,2020,Preston,7
CT,M,2020,Rhys,7
CT,M,2020,Russell,7
CT,M,2020,Samson,7
CT,M,2020,Seamus,7
CT,M,2020,Tomas,7
CT,M,2020,Valentino,7
CT,M,2020,Waylon,7
CT,M,2020,Yusuf,7
CT,M,2020,Zaid,7
CT,M,2020,Zander,7
CT,M,2020,Aarav,6
CT,M,2020,Abdiel,6
CT,M,2020,Alan,6
CT,M,2020,Apollo,6
CT,M,2020,Asa,6
CT,M,2020,Augustus,6
CT,M,2020,Bruce,6
CT,M,2020,Carmine,6
CT,M,2020,Cillian,6
CT,M,2020,Dallas,6
CT,M,2020,Edwin,6
CT,M,2020,Emery,6
CT,M,2020,Ezequiel,6
CT,M,2020,Gideon,6
CT,M,2020,Gunnar,6
CT,M,2020,Hayes,6
CT,M,2020,Jaime,6
CT,M,2020,Jakob,6
CT,M,2020,Jalen,6
CT,M,2020,Johnny,6
CT,M,2020,Juelz,6
CT,M,2020,Kaison,6
CT,M,2020,Kamden,6
CT,M,2020,Kane,6
CT,M,2020,Kiaan,6
CT,M,2020,Knox,6
CT,M,2020,Marshall,6
CT,M,2020,Nasir,6
CT,M,2020,Nikolai,6
CT,M,2020,Noel,6
CT,M,2020,Onyx,6
CT,M,2020,Prince,6
CT,M,2020,Ralph,6
CT,M,2020,Reign,6
CT,M,2020,Ricardo,6
CT,M,2020,Ronald,6
CT,M,2020,Samir,6
CT,M,2020,Scott,6
CT,M,2020,Sonny,6
CT,M,2020,Van,6
CT,M,2020,Veer,6
CT,M,2020,Walter,6
CT,M,2020,Zaiden,6
CT,M,2020,Zane,6
CT,M,2020,Zayne,6
CT,M,2020,Aden,5
CT,M,2020,Arham,5
CT,M,2020,Arian,5
CT,M,2020,Atticus,5
CT,M,2020,Avi,5
CT,M,2020,Barrett,5
CT,M,2020,Beckham,5
CT,M,2020,Bentley,5
CT,M,2020,Bernardo,5
CT,M,2020,Boston,5
CT,M,2020,Cade,5
CT,M,2020,Camron,5
CT,M,2020,Casey,5
CT,M,2020,Cassius,5
CT,M,2020,Clayton,5
CT,M,2020,Cristopher,5
CT,M,2020,Darius,5
CT,M,2020,Dennis,5
CT,M,2020,Denzel,5
CT,M,2020,Dominik,5
CT,M,2020,Eduardo,5
CT,M,2020,Elon,5
CT,M,2020,Emiliano,5
CT,M,2020,Emir,5
CT,M,2020,Erik,5
CT,M,2020,Ernest,5
CT,M,2020,Flynn,5
CT,M,2020,Gerald,5
CT,M,2020,Gianluca,5
CT,M,2020,Giuseppe,5
CT,M,2020,Hank,5
CT,M,2020,Harvey,5
CT,M,2020,Henrique,5
CT,M,2020,Isaias,5
CT,M,2020,Ishaan,5
CT,M,2020,Izaiah,5
CT,M,2020,Jamie,5
CT,M,2020,Jared,5
CT,M,2020,Jay,5
CT,M,2020,Jaycob,5
CT,M,2020,Jesus,5
CT,M,2020,Joaquin,5
CT,M,2020,Johan,5
CT,M,2020,Jovan,5
CT,M,2020,Kaysen,5
CT,M,2020,Kingsley,5
CT,M,2020,Koa,5
CT,M,2020,Kyler,5
CT,M,2020,Lachlan,5
CT,M,2020,Lawson,5
CT,M,2020,Leonard,5
CT,M,2020,Malik,5
CT,M,2020,Marcello,5
CT,M,2020,Mohammad,5
CT,M,2020,Niklaus,5
CT,M,2020,Oakley,5
CT,M,2020,Ocean,5
CT,M,2020,Princeton,5
CT,M,2020,Quentin,5
CT,M,2020,Raheem,5
CT,M,2020,Rayan,5
CT,M,2020,Remy,5
CT,M,2020,Roberto,5
CT,M,2020,Royal,5
CT,M,2020,Royce,5
CT,M,2020,Saint,5
CT,M,2020,Seth,5
CT,M,2020,Shawn,5
CT,M,2020,Soren,5
CT,M,2020,Stanley,5
CT,M,2020,Sylas,5
CT,M,2020,Syncere,5
CT,M,2020,Travis,5
CT,M,2020,Trey,5
CT,M,2020,Uriel,5
CT,M,2020,Warren,5
CT,M,2020,Zain,5
CT,M,2020,Zayan,5
CT,M,2020,Zyair,5
CT,M,2021,Noah,250
CT,M,2021,Liam,237
CT,M,2021,James,175
CT,M,2021,Lucas,161
CT,M,2021,Benjamin,158
CT,M,2021,Theodore,158
CT,M,2021,Oliver,153
CT,M,2021,William,142
CT,M,2021,Henry,139
CT,M,2021,Jack,136
CT,M,2021,Joseph,136
CT,M,2021,Luca,131
CT,M,2021,Ethan,126
CT,M,2021,John,126
CT,M,2021,Jacob,124
CT,M,2021,Logan,124
CT,M,2021,Mason,121
CT,M,2021,Jackson,120
CT,M,2021,Alexander,114
CT,M,2021,Owen,113
CT,M,2021,Michael,112
CT,M,2021,Aiden,109
CT,M,2021,Anthony,106
CT,M,2021,Cameron,105
CT,M,2021,Leo,104
CT,M,2021,Elijah,102
CT,M,2021,Carter,98
CT,M,2021,Thomas,98
CT,M,2021,Charles,97
CT,M,2021,Samuel,97
CT,M,2021,Julian,96
CT,M,2021,Matthew,94
CT,M,2021,Caleb,90
CT,M,2021,Levi,90
CT,M,2021,Gabriel,86
CT,M,2021,Nicholas,86
CT,M,2021,Luke,83
CT,M,2021,Mateo,83
CT,M,2021,Daniel,82
CT,M,2021,Dylan,82
CT,M,2021,Nathan,82
CT,M,2021,Sebastian,77
CT,M,2021,Christopher,74
CT,M,2021,Josiah,73
CT,M,2021,Grayson,69
CT,M,2021,Isaac,67
CT,M,2021,Jayden,67
CT,M,2021,Elias,65
CT,M,2021,Nolan,64
CT,M,2021,Ryan,64
CT,M,2021,Landon,63
CT,M,2021,Andrew,62
CT,M,2021,Chase,62
CT,M,2021,Connor,62
CT,M,2021,David,62
CT,M,2021,Miles,62
CT,M,2021,Wyatt,61
CT,M,2021,Cole,60
CT,M,2021,Hudson,59
CT,M,2021,Asher,55
CT,M,2021,Hunter,55
CT,M,2021,Joshua,55
CT,M,2021,Dominic,54
CT,M,2021,Austin,53
CT,M,2021,Robert,53
CT,M,2021,Cooper,52
CT,M,2021,Jaxon,52
CT,M,2021,Christian,51
CT,M,2021,Everett,51
CT,M,2021,Lorenzo,51
CT,M,2021,Adrian,50
CT,M,2021,Wesley,50
CT,M,2021,Colton,48
CT,M,2021,Declan,48
CT,M,2021,Ryder,48
CT,M,2021,Zachary,48
CT,M,2021,Ezra,47
CT,M,2021,Greyson,47
CT,M,2021,Maverick,47
CT,M,2021,Parker,47
CT,M,2021,Jameson,46
CT,M,2021,Jeremiah,46
CT,M,2021,Jordan,46
CT,M,2021,Lincoln,46
CT,M,2021,Evan,45
CT,M,2021,George,43
CT,M,2021,Isaiah,43
CT,M,2021,Jaxson,43
CT,M,2021,Tyler,43
CT,M,2021,Aaron,41
CT,M,2021,Bennett,41
CT,M,2021,Enzo,41
CT,M,2021,Harrison,41
CT,M,2021,Luka,41
CT,M,2021,Adam,40
CT,M,2021,Eli,40
CT,M,2021,Kai,40
CT,M,2021,Ian,39
CT,M,2021,Jonathan,39
CT,M,2021,Nico,39
CT,M,2021,Brooks,38
CT,M,2021,Giovanni,38
CT,M,2021,Matteo,38
CT,M,2021,Angel,37
CT,M,2021,Camden,37
CT,M,2021,Leonardo,37
CT,M,2021,Milo,37
CT,M,2021,Xavier,37
CT,M,2021,Bryson,36
CT,M,2021,Jace,36
CT,M,2021,Jayce,36
CT,M,2021,Kayden,36
CT,M,2021,Micah,36
CT,M,2021,Theo,36
CT,M,2021,Amir,35
CT,M,2021,Colin,35
CT,M,2021,Peter,35
CT,M,2021,Axel,34
CT,M,2021,Beau,34
CT,M,2021,Gavin,34
CT,M,2021,Kaiden,34
CT,M,2021,Zion,34
CT,M,2021,August,33
CT,M,2021,Jason,33
CT,M,2021,Max,33
CT,M,2021,Rowan,33
CT,M,2021,Antonio,32
CT,M,2021,Brayden,32
CT,M,2021,Charlie,32
CT,M,2021,Damian,32
CT,M,2021,Nathaniel,32
CT,M,2021,Weston,32
CT,M,2021,Emmett,31
CT,M,2021,Finn,31
CT,M,2021,Nicolas,31
CT,M,2021,Thiago,31
CT,M,2021,Vincent,31
CT,M,2021,Carson,30
CT,M,2021,Jonah,30
CT,M,2021,Legend,30
CT,M,2021,Myles,30
CT,M,2021,Patrick,30
CT,M,2021,Sawyer,30
CT,M,2021,Adonis,29
CT,M,2021,Arthur,29
CT,M,2021,Edward,29
CT,M,2021,Ashton,28
CT,M,2021,Ayden,28
CT,M,2021,Caden,28
CT,M,2021,Silas,28
CT,M,2021,Dean,27
CT,M,2021,Ezekiel,27
CT,M,2021,Lukas,27
CT,M,2021,Easton,26
CT,M,2021,Jose,26
CT,M,2021,Roman,26
CT,M,2021,Elliot,25
CT,M,2021,Luis,25
CT,M,2021,Maxwell,25
CT,M,2021,Blake,24
CT,M,2021,Cayden,24
CT,M,2021,Messiah,24
CT,M,2021,Quinn,24
CT,M,2021,River,24
CT,M,2021,Amari,23
CT,M,2021,Avery,23
CT,M,2021,Bryce,23
CT,M,2021,Jude,23
CT,M,2021,King,23
CT,M,2021,Lennox,23
CT,M,2021,Xander,23
CT,M,2021,Brody,22
CT,M,2021,Grant,22
CT,M,2021,Justin,22
CT,M,2021,Kairo,22
CT,M,2021,Kevin,22
CT,M,2021,Maddox,22
CT,M,2021,Ronan,22
CT,M,2021,Santiago,22
CT,M,2021,Carlos,21
CT,M,2021,Hayden,21
CT,M,2021,Jake,21
CT,M,2021,Kyrie,21
CT,M,2021,Tristan,21
CT,M,2021,Beckett,20
CT,M,2021,Calvin,20
CT,M,2021,Eric,20
CT,M,2021,Jeremy,20
CT,M,2021,Joel,20
CT,M,2021,Richard,20
CT,M,2021,Vincenzo,20
CT,M,2021,Ace,19
CT,M,2021,Conor,19
CT,M,2021,Emmanuel,19
CT,M,2021,Graham,19
CT,M,2021,Griffin,19
CT,M,2021,Leon,19
CT,M,2021,Alan,18
CT,M,2021,Angelo,18
CT,M,2021,Archer,18
CT,M,2021,Cody,18
CT,M,2021,Dominick,18
CT,M,2021,Felix,18
CT,M,2021,Matias,18
CT,M,2021,Paul,18
CT,M,2021,Steven,18
CT,M,2021,Brady,17
CT,M,2021,Brian,17
CT,M,2021,Cairo,17
CT,M,2021,Callan,17
CT,M,2021,Elliott,17
CT,M,2021,Malachi,17
CT,M,2021,Marcus,17
CT,M,2021,Muhammad,17
CT,M,2021,Sean,17
CT,M,2021,Stephen,17
CT,M,2021,Tanner,17
CT,M,2021,Timothy,17
CT,M,2021,Alex,16
CT,M,2021,Dante,16
CT,M,2021,Emerson,16
CT,M,2021,Finley,16
CT,M,2021,Orion,16
CT,M,2021,Rory,16
CT,M,2021,Bradley,15
CT,M,2021,Dallas,15
CT,M,2021,Damien,15
CT,M,2021,Diego,15
CT,M,2021,Holden,15
CT,M,2021,Ivan,15
CT,M,2021,Jayceon,15
CT,M,2021,Jaylen,15
CT,M,2021,Juan,15
CT,M,2021,Rafael,15
CT,M,2021,Reid,15
CT,M,2021,Shane,15
CT,M,2021,Zyaire,15
CT,M,2021,Armani,14
CT,M,2021,Brandon,14
CT,M,2021,Callum,14
CT,M,2021,Ellis,14
CT,M,2021,Frank,14
CT,M,2021,Jesse,14
CT,M,2021,Karter,14
CT,M,2021,Luciano,14
CT,M,2021,Maximus,14
CT,M,2021,Nasir,14
CT,M,2021,Oscar,14
CT,M,2021,Rocco,14
CT,M,2021,Tobias,14
CT,M,2021,Walter,14
CT,M,2021,Andre,13
CT,M,2021,Ari,13
CT,M,2021,Barrett,13
CT,M,2021,Bodhi,13
CT,M,2021,Desmond,13
CT,M,2021,Gael,13
CT,M,2021,Jasper,13
CT,M,2021,Louis,13
CT,M,2021,Miguel,13
CT,M,2021,Simon,13
CT,M,2021,Abraham,12
CT,M,2021,Adriel,12
CT,M,2021,Anderson,12
CT,M,2021,Bryan,12
CT,M,2021,Derek,12
CT,M,2021,Elian,12
CT,M,2021,Jaden,12
CT,M,2021,Julius,12
CT,M,2021,Malakai,12
CT,M,2021,Malik,12
CT,M,2021,Mark,12
CT,M,2021,Niko,12
CT,M,2021,Royce,12
CT,M,2021,Victor,12
CT,M,2021,Waylon,12
CT,M,2021,Atlas,11
CT,M,2021,Carmine,11
CT,M,2021,Casey,11
CT,M,2021,Colt,11
CT,M,2021,Francis,11
CT,M,2021,Gianni,11
CT,M,2021,Jasiah,11
CT,M,2021,Kamari,11
CT,M,2021,Kash,11
CT,M,2021,Kobe,11
CT,M,2021,Kyler,11
CT,M,2021,Onyx,11
CT,M,2021,Philip,11
CT,M,2021,Ryker,11
CT,M,2021,Santino,11
CT,M,2021,Tucker,11
CT,M,2021,Zander,11
CT,M,2021,Zayden,11
CT,M,2021,Zayn,11
CT,M,2021,Alejandro,10
CT,M,2021,Ariel,10
CT,M,2021,Arlo,10
CT,M,2021,Emilio,10
CT,M,2021,Ermias,10
CT,M,2021,Franklin,10
CT,M,2021,Isaias,10
CT,M,2021,Jamie,10
CT,M,2021,Jeffrey,10
CT,M,2021,Khalil,10
CT,M,2021,Kyle,10
CT,M,2021,Lucca,10
CT,M,2021,Marco,10
CT,M,2021,Martin,10
CT,M,2021,Mathias,10
CT,M,2021,Neil,10
CT,M,2021,Omar,10
CT,M,2021,Pierce,10
CT,M,2021,Raiden,10
CT,M,2021,Raymond,10
CT,M,2021,Rhett,10
CT,M,2021,Riley,10
CT,M,2021,Russell,10
CT,M,2021,Ryland,10
CT,M,2021,Samir,10
CT,M,2021,Walker,10
CT,M,2021,Zane,10
CT,M,2021,Ahmed,9
CT,M,2021,Aidan,9
CT,M,2021,Atticus,9
CT,M,2021,Ayaan,9
CT,M,2021,Aziel,9
CT,M,2021,Beckham,9
CT,M,2021,Caiden,9
CT,M,2021,Camilo,9
CT,M,2021,Clark,9
CT,M,2021,Collin,9
CT,M,2021,Colson,9
CT,M,2021,Corey,9
CT,M,2021,Crew,9
CT,M,2021,Cruz,9
CT,M,2021,Cyrus,9
CT,M,2021,Damon,9
CT,M,2021,Devin,9
CT,M,2021,Drew,9
CT,M,2021,Fabian,9
CT,M,2021,Hendrix,9
CT,M,2021,Israel,9
CT,M,2021,Jaiden,9
CT,M,2021,Jax,9
CT,M,2021,Joaquin,9
CT,M,2021,Josue,9
CT,M,2021,Kaleb,9
CT,M,2021,Kenneth,9
CT,M,2021,Kieran,9
CT,M,2021,Milan,9
CT,M,2021,Noel,9
CT,M,2021,Phoenix,9
CT,M,2021,Preston,9
CT,M,2021,Prince,9
CT,M,2021,Scott,9
CT,M,2021,Tatum,9
CT,M,2021,Braxton,8
CT,M,2021,Colby,8
CT,M,2021,Finnegan,8
CT,M,2021,Grady,8
CT,M,2021,Jared,8
CT,M,2021,Javier,8
CT,M,2021,Johnathan,8
CT,M,2021,Kaden,8
CT,M,2021,Keegan,8
CT,M,2021,Leandro,8
CT,M,2021,Maximilian,8
CT,M,2021,Nash,8
CT,M,2021,Omari,8
CT,M,2021,Otto,8
CT,M,2021,Reed,8
CT,M,2021,Romeo,8
CT,M,2021,Rylan,8
CT,M,2021,Saint,8
CT,M,2021,Spencer,8
CT,M,2021,Sullivan,8
CT,M,2021,Zaiden,8
CT,M,2021,Zaire,8
CT,M,2021,Zayne,8
CT,M,2021,Albert,7
CT,M,2021,Aleksander,7
CT,M,2021,Alessandro,7
CT,M,2021,Alessio,7
CT,M,2021,Ali,7
CT,M,2021,Amias,7
CT,M,2021,Apollo,7
CT,M,2021,Archie,7
CT,M,2021,Brendan,7
CT,M,2021,Brycen,7
CT,M,2021,Camren,7
CT,M,2021,Chance,7
CT,M,2021,Donovan,7
CT,M,2021,Edwin,7
CT,M,2021,Emiliano,7
CT,M,2021,Emmitt,7
CT,M,2021,Erick,7
CT,M,2021,Erik,7
CT,M,2021,Garrett,7
CT,M,2021,Gianluca,7
CT,M,2021,Gregory,7
CT,M,2021,Gunnar,7
CT,M,2021,Hamza,7
CT,M,2021,Hayes,7
CT,M,2021,Ibrahim,7
CT,M,2021,Jay,7
CT,M,2021,Jayson,7
CT,M,2021,Johan,7
CT,M,2021,Jonas,7
CT,M,2021,Joziah,7
CT,M,2021,Judah,7
CT,M,2021,Julien,7
CT,M,2021,Kamden,7
CT,M,2021,Kane,7
CT,M,2021,Keanu,7
CT,M,2021,Kendrick,7
CT,M,2021,Killian,7
CT,M,2021,Kingston,7
CT,M,2021,Knox,7
CT,M,2021,Lennon,7
CT,M,2021,Lucian,7
CT,M,2021,Marcos,7
CT,M,2021,Mustafa,7
CT,M,2021,Nehemiah,7
CT,M,2021,Pablo,7
CT,M,2021,Paxton,7
CT,M,2021,Pedro,7
CT,M,2021,Raphael,7
CT,M,2021,Remington,7
CT,M,2021,Rhys,7
CT,M,2021,Ricardo,7
CT,M,2021,Seth,7
CT,M,2021,Sterling,7
CT,M,2021,Syncere,7
CT,M,2021,Travis,7
CT,M,2021,Valentino,7
CT,M,2021,Zyon,7
CT,M,2021,Abel,6
CT,M,2021,Alexis,6
CT,M,2021,Alijah,6
CT,M,2021,Alonso,6
CT,M,2021,Andres,6
CT,M,2021,Ares,6
CT,M,2021,Arjun,6
CT,M,2021,Bodie,6
CT,M,2021,Bryant,6
CT,M,2021,Callen,6
CT,M,2021,Chris,6
CT,M,2021,Cormac,6
CT,M,2021,Dexter,6
CT,M,2021,Dillon,6
CT,M,2021,Dior,6
CT,M,2021,Eduardo,6
CT,M,2021,Emanuel,6
CT,M,2021,Fernando,6
CT,M,2021,Ford,6
CT,M,2021,Francesco,6
CT,M,2021,Francisco,6
CT,M,2021,Frederick,6
CT,M,2021,Haris,6
CT,M,2021,Harry,6
CT,M,2021,Hector,6
CT,M,2021,Ismael,6
CT,M,2021,Izaiah,6
CT,M,2021,Jadiel,6
CT,M,2021,Jaime,6
CT,M,2021,Jalen,6
CT,M,2021,Jeremias,6
CT,M,2021,Johnny,6
CT,M,2021,Kareem,6
CT,M,2021,Kayson,6
CT,M,2021,Kellan,6
CT,M,2021,Kenzo,6
CT,M,2021,Lawrence,6
CT,M,2021,Lewis,6
CT,M,2021,Magnus,6
CT,M,2021,Malcolm,6
CT,M,2021,Mario,6
CT,M,2021,Maximiliano,6
CT,M,2021,Miller,6
CT,M,2021,Mohammad,6
CT,M,2021,Moses,6
CT,M,2021,Mylo,6
CT,M,2021,Nikolai,6
CT,M,2021,Odin,6
CT,M,2021,Otis,6
CT,M,2021,Rio,6
CT,M,2021,Salvatore,6
CT,M,2021,Tate,6
CT,M,2021,Titus,6
CT,M,2021,Watson,6
CT,M,2021,Wilder,6
CT,M,2021,Zain,6
CT,M,2021,Zayan,6
CT,M,2021,Aarav,5
CT,M,2021,Alvin,5
CT,M,2021,Arham,5
CT,M,2021,Artist,5
CT,M,2021,Aryan,5
CT,M,2021,Atreus,5
CT,M,2021,Augustus,5
CT,M,2021,Baylor,5
CT,M,2021,Benicio,5
CT,M,2021,Bentley,5
CT,M,2021,Brantley,5
CT,M,2021,Bruce,5
CT,M,2021,Carmelo,5
CT,M,2021,Cassian,5
CT,M,2021,Cayson,5
CT,M,2021,Cesar,5
CT,M,2021,Cian,5
CT,M,2021,Cillian,5
CT,M,2021,Conner,5
CT,M,2021,Cristian,5
CT,M,2021,Dawson,5
CT,M,2021,Deandre,5
CT,M,2021,Deon,5
CT,M,2021,Dilan,5
CT,M,2021,Domenic,5
CT,M,2021,Eden,5
CT,M,2021,Eithan,5
CT,M,2021,Eliam,5
CT,M,2021,Eliel,5
CT,M,2021,Everest,5
CT,M,2021,Ezequiel,5
CT,M,2021,Gage,5
CT,M,2021,Hassan,5
CT,M,2021,Hezekiah,5
CT,M,2021,Hugo,5
CT,M,2021,Jakob,5
CT,M,2021,Jaxiel,5
CT,M,2021,Jayvion,5
CT,M,2021,Jett,5
CT,M,2021,Joey,5
CT,M,2021,Josias,5
CT,M,2021,Kameron,5
CT,M,2021,Kaysen,5
CT,M,2021,Kenji,5
CT,M,2021,Khari,5
CT,M,2021,Kyng,5
CT,M,2021,Kyree,5
CT,M,2021,Lane,5
CT,M,2021,Legacy,5
CT,M,2021,Leland,5
CT,M,2021,Lenox,5
CT,M,2021,Leonard,5
CT,M,2021,Major,5
CT,M,2021,Makai,5
CT,M,2021,Marcel,5
CT,M,2021,Marcello,5
CT,M,2021,Marcellus,5
CT,M,2021,Marcelo,5
CT,M,2021,Morgan,5
CT,M,2021,Ocean,5
CT,M,2021,Rodrigo,5
CT,M,2021,Ronald,5
CT,M,2021,Royal,5
CT,M,2021,Santana,5
CT,M,2021,Sincere,5
CT,M,2021,Solomon,5
CT,M,2021,Trey,5
CT,M,2021,Troy,5
CT,M,2021,Wade,5
CT,M,2021,Warren,5
CT,M,2021,Wes,5
CT,M,2021,Westley,5
CT,M,2021,Wylder,5
CT,M,2021,Yadiel,5
CT,M,2021,Yahya,5
CT,M,2021,Zachariah,5
CT,M,2021,Zaid,5
CT,M,2022,Liam,262
CT,M,2022,Noah,257
CT,M,2022,Jack,195
CT,M,2022,Michael,155
CT,M,2022,Luca,153
CT,M,2022,James,152
CT,M,2022,Lucas,152
CT,M,2022,Theodore,152
CT,M,2022,Oliver,144
CT,M,2022,Benjamin,140
CT,M,2022,William,138
CT,M,2022,Logan,137
CT,M,2022,Joseph,128
CT,M,2022,Leo,128
CT,M,2022,Henry,126
CT,M,2022,Owen,126
CT,M,2022,Cameron,114
CT,M,2022,Mason,112
CT,M,2022,Jackson,106
CT,M,2022,Thomas,105
CT,M,2022,Ethan,104
CT,M,2022,Ryan,103
CT,M,2022,John,98
CT,M,2022,Alexander,97
CT,M,2022,Daniel,97
CT,M,2022,Gabriel,97
CT,M,2022,Anthony,96
CT,M,2022,Levi,96
CT,M,2022,Elijah,95
CT,M,2022,Jacob,95
CT,M,2022,Samuel,95
CT,M,2022,Aiden,94
CT,M,2022,Luke,90
CT,M,2022,Charles,86
CT,M,2022,Nathan,86
CT,M,2022,Sebastian,83
CT,M,2022,Christopher,80
CT,M,2022,Julian,80
CT,M,2022,Mateo,80
CT,M,2022,Wyatt,80
CT,M,2022,Caleb,79
CT,M,2022,Grayson,77
CT,M,2022,Jayden,76
CT,M,2022,Asher,75
CT,M,2022,Dylan,75
CT,M,2022,Miles,74
CT,M,2022,Matthew,72
CT,M,2022,Elias,71
CT,M,2022,Isaac,71
CT,M,2022,Andrew,70
CT,M,2022,Hudson,70
CT,M,2022,Nicholas,70
CT,M,2022,Austin,67
CT,M,2022,David,66
CT,M,2022,Chase,65
CT,M,2022,Josiah,63
CT,M,2022,Ezra,62
CT,M,2022,Dominic,60
CT,M,2022,Joshua,60
CT,M,2022,Lorenzo,60
CT,M,2022,Landon,58
CT,M,2022,Maverick,57
CT,M,2022,Adrian,56
CT,M,2022,Greyson,56
CT,M,2022,Theo,55
CT,M,2022,Carter,54
CT,M,2022,Connor,53
CT,M,2022,Hunter,53
CT,M,2022,Kai,53
CT,M,2022,Amir,52
CT,M,2022,Brayden,52
CT,M,2022,Lincoln,52
CT,M,2022,Declan,51
CT,M,2022,Robert,50
CT,M,2022,Nolan,49
CT,M,2022,Roman,48
CT,M,2022,Adam,47
CT,M,2022,Jaxon,46
CT,M,2022,Jeremiah,46
CT,M,2022,Christian,45
CT,M,2022,Cooper,45
CT,M,2022,Giovanni,45
CT,M,2022,Leonardo,45
CT,M,2022,Cole,44
CT,M,2022,Bennett,43
CT,M,2022,Colton,43
CT,M,2022,George,43
CT,M,2022,Zachary,43
CT,M,2022,Micah,42
CT,M,2022,Parker,42
CT,M,2022,Kayden,41
CT,M,2022,Evan,40
CT,M,2022,Jaxson,40
CT,M,2022,Wesley,40
CT,M,2022,Eli,39
CT,M,2022,Rowan,39
CT,M,2022,Ryder,39
CT,M,2022,Jameson,38
CT,M,2022,Jordan,38
CT,M,2022,Matteo,38
CT,M,2022,Vincent,38
CT,M,2022,Weston,38
CT,M,2022,Elliot,37
CT,M,2022,Finn,37
CT,M,2022,Nathaniel,37
CT,M,2022,Patrick,37
CT,M,2022,Enzo,36
CT,M,2022,Ezekiel,36
CT,M,2022,Ian,36
CT,M,2022,Peter,36
CT,M,2022,Thiago,36
CT,M,2022,Aaron,35
CT,M,2022,Zion,35
CT,M,2022,Max,34
CT,M,2022,Everett,33
CT,M,2022,Tyler,33
CT,M,2022,Angel,32
CT,M,2022,August,32
CT,M,2022,Beau,32
CT,M,2022,Brooks,32
CT,M,2022,Carson,32
CT,M,2022,Harrison,32
CT,M,2022,Isaiah,32
CT,M,2022,Rory,32
CT,M,2022,Arthur,31
CT,M,2022,Jace,31
CT,M,2022,Jayce,31
CT,M,2022,Jonathan,31
CT,M,2022,Leon,31
CT,M,2022,Milo,31
CT,M,2022,Camden,30
CT,M,2022,Maxwell,30
CT,M,2022,Myles,30
CT,M,2022,Nico,30
CT,M,2022,Xavier,30
CT,M,2022,Charlie,29
CT,M,2022,Legend,29
CT,M,2022,Silas,29
CT,M,2022,Bryson,28
CT,M,2022,Luis,28
CT,M,2022,Luka,28
CT,M,2022,Nicolas,28
CT,M,2022,Victor,28
CT,M,2022,Axel,27
CT,M,2022,Calvin,27
CT,M,2022,Gavin,27
CT,M,2022,Tucker,27
CT,M,2022,Carlos,26
CT,M,2022,Colin,25
CT,M,2022,Jonah,25
CT,M,2022,Jose,25
CT,M,2022,Justin,25
CT,M,2022,Louis,25
CT,M,2022,Simon,25
CT,M,2022,Gael,24
CT,M,2022,Richard,24
CT,M,2022,Ayden,23
CT,M,2022,Caden,23
CT,M,2022,Emmanuel,23
CT,M,2022,Emmett,23
CT,M,2022,Kairo,23
CT,M,2022,Lukas,23
CT,M,2022,Messiah,23
CT,M,2022,Santiago,23
CT,M,2022,Ashton,22
CT,M,2022,Jeremy,22
CT,M,2022,Malachi,22
CT,M,2022,Paul,22
CT,M,2022,Rafael,22
CT,M,2022,Archer,21
CT,M,2022,Damian,21
CT,M,2022,Grant,21
CT,M,2022,Kevin,21
CT,M,2022,Maximus,21
CT,M,2022,Xander,21
CT,M,2022,Alex,20
CT,M,2022,Amari,20
CT,M,2022,Edward,20
CT,M,2022,Elliott,20
CT,M,2022,Kyrie,20
CT,M,2022,Ronan,20
CT,M,2022,Angelo,19
CT,M,2022,Dante,19
CT,M,2022,Derek,19
CT,M,2022,Lennox,19
CT,M,2022,Marco,19
CT,M,2022,Miguel,19
CT,M,2022,Zayden,19
CT,M,2022,Alan,18
CT,M,2022,Arlo,18
CT,M,2022,Atlas,18
CT,M,2022,Callum,18
CT,M,2022,Conor,18
CT,M,2022,Easton,18
CT,M,2022,Kaiden,18
CT,M,2022,Milan,18
CT,M,2022,Raymond,18
CT,M,2022,Abraham,17
CT,M,2022,Anderson,17
CT,M,2022,Antonio,17
CT,M,2022,Dean,17
CT,M,2022,Eric,17
CT,M,2022,Jason,17
CT,M,2022,Jude,17
CT,M,2022,Maddox,17
CT,M,2022,Quinn,17
CT,M,2022,Rocco,17
CT,M,2022,Santino,17
CT,M,2022,Tobias,17
CT,M,2022,Avery,16
CT,M,2022,Blake,16
CT,M,2022,Brady,16
CT,M,2022,Cayden,16
CT,M,2022,Cody,16
CT,M,2022,Devin,16
CT,M,2022,Jasper,16
CT,M,2022,Oscar,16
CT,M,2022,Sawyer,16
CT,M,2022,Spencer,16
CT,M,2022,Timothy,16
CT,M,2022,Tristan,16
CT,M,2022,Brandon,15
CT,M,2022,Brody,15
CT,M,2022,Callan,15
CT,M,2022,Casey,15
CT,M,2022,Frank,15
CT,M,2022,Gianni,15
CT,M,2022,Graham,15
CT,M,2022,Joel,15
CT,M,2022,Mark,15
CT,M,2022,Matias,15
CT,M,2022,Walter,15
CT,M,2022,Ace,14
CT,M,2022,Adriel,14
CT,M,2022,Aidan,14
CT,M,2022,Brian,14
CT,M,2022,Bryce,14
CT,M,2022,Emilio,14
CT,M,2022,Judah,14
CT,M,2022,Luciano,14
CT,M,2022,Muhammad,14
CT,M,2022,Reid,14
CT,M,2022,Vincenzo,14
CT,M,2022,Adonis,13
CT,M,2022,Ari,13
CT,M,2022,Caiden,13
CT,M,2022,Cairo,13
CT,M,2022,Desmond,13
CT,M,2022,Eithan,13
CT,M,2022,Griffin,13
CT,M,2022,Jake,13
CT,M,2022,Jaylen,13
CT,M,2022,Khalil,13
CT,M,2022,Kieran,13
CT,M,2022,Mathias,13
CT,M,2022,Philip,13
CT,M,2022,Remy,13
CT,M,2022,Russell,13
CT,M,2022,Sean,13
CT,M,2022,Steven,13
CT,M,2022,Tanner,13
CT,M,2022,Troy,13
CT,M,2022,Walker,13
CT,M,2022,Waylon,13
CT,M,2022,Andre,12
CT,M,2022,Bentley,12
CT,M,2022,Bryan,12
CT,M,2022,Cade,12
CT,M,2022,Cristian,12
CT,M,2022,Emerson,12
CT,M,2022,Hayden,12
CT,M,2022,Holden,12
CT,M,2022,Ivan,12
CT,M,2022,Jesse,12
CT,M,2022,Julius,12
CT,M,2022,Karter,12
CT,M,2022,King,12
CT,M,2022,Malcolm,12
CT,M,2022,Niko,12
CT,M,2022,Omar,12
CT,M,2022,Otto,12
CT,M,2022,Phoenix,12
CT,M,2022,River,12
CT,M,2022,Warren,12
CT,M,2022,Zain,12
CT,M,2022,Zayn,12
CT,M,2022,Aziel,11
CT,M,2022,Bodie,11
CT,M,2022,Diego,11
CT,M,2022,Felix,11
CT,M,2022,Finley,11
CT,M,2022,Frederick,11
CT,M,2022,Gregory,11
CT,M,2022,Jaiden,11
CT,M,2022,Jaziel,11
CT,M,2022,Jett,11
CT,M,2022,Kameron,11
CT,M,2022,Kingston,11
CT,M,2022,Leandro,11
CT,M,2022,Marcus,11
CT,M,2022,Nasir,11
CT,M,2022,Nehemiah,11
CT,M,2022,Noel,11
CT,M,2022,Preston,11
CT,M,2022,Raiden,11
CT,M,2022,Samir,11
CT,M,2022,Zaire,11
CT,M,2022,Armani,10
CT,M,2022,Carmine,10
CT,M,2022,Cassius,10
CT,M,2022,Dawson,10
CT,M,2022,Dominick,10
CT,M,2022,Elian,10
CT,M,2022,Erick,10
CT,M,2022,Hector,10
CT,M,2022,Israel,10
CT,M,2022,Jaden,10
CT,M,2022,Jasiah,10
CT,M,2022,Jonas,10
CT,M,2022,Kaden,10
CT,M,2022,Lucca,10
CT,M,2022,Marshall,10
CT,M,2022,Salvatore,10
CT,M,2022,Shane,10
CT,M,2022,Stephen,10
CT,M,2022,Tate,10
CT,M,2022,Trevor,10
CT,M,2022,Zyaire,10
CT,M,2022,Alejandro,9
CT,M,2022,Ali,9
CT,M,2022,Braxton,9
CT,M,2022,Carmelo,9
CT,M,2022,Cillian,9
CT,M,2022,Cyrus,9
CT,M,2022,Ellis,9
CT,M,2022,Hugo,9
CT,M,2022,Iker,9
CT,M,2022,Jorge,9
CT,M,2022,Josue,9
CT,M,2022,Juan,9
CT,M,2022,Kash,9
CT,M,2022,Kenneth,9
CT,M,2022,Kenzo,9
CT,M,2022,Killian,9
CT,M,2022,Kylian,9
CT,M,2022,Magnus,9
CT,M,2022,Makai,9
CT,M,2022,Martin,9
CT,M,2022,Massimo,9
CT,M,2022,Odin,9
CT,M,2022,Pablo,9
CT,M,2022,Remington,9
CT,M,2022,Rhett,9
CT,M,2022,Saint,9
CT,M,2022,Tatum,9
CT,M,2022,Zander,9
CT,M,2022,Zayne,9
CT,M,2022,Andy,8
CT,M,2022,Archie,8
CT,M,2022,Ariel,8
CT,M,2022,Ayaan,8
CT,M,2022,Beckham,8
CT,M,2022,Bradley,8
CT,M,2022,Brendan,8
CT,M,2022,Cash,8
CT,M,2022,Chance,8
CT,M,2022,Conrad,8
CT,M,2022,Cristiano,8
CT,M,2022,Dorian,8
CT,M,2022,Emiliano,8
CT,M,2022,Ermias,8
CT,M,2022,Hendrix,8
CT,M,2022,Ismael,8
CT,M,2022,Jared,8
CT,M,2022,Javier,8
CT,M,2022,Jayceon,8
CT,M,2022,Joniel,8
CT,M,2022,Kaleb,8
CT,M,2022,Kaysen,8
CT,M,2022,Keegan,8
CT,M,2022,Kyree,8
CT,M,2022,Lucian,8
CT,M,2022,Malakai,8
CT,M,2022,Manuel,8
CT,M,2022,Marcello,8
CT,M,2022,Mohammad,8
CT,M,2022,Omari,8
CT,M,2022,Onyx,8
CT,M,2022,Paxton,8
CT,M,2022,Pierce,8
CT,M,2022,Reed,8
CT,M,2022,Rylan,8
CT,M,2022,Trey,8
CT,M,2022,Abel,7
CT,M,2022,Adrien,7
CT,M,2022,Ahmad,7
CT,M,2022,Albert,7
CT,M,2022,Alessio,7
CT,M,2022,Amiri,7
CT,M,2022,Andres,7
CT,M,2022,Beckett,7
CT,M,2022,Bowen,7
CT,M,2022,Brantley,7
CT,M,2022,Callen,7
CT,M,2022,Clayton,7
CT,M,2022,Colby,7
CT,M,2022,Collin,7
CT,M,2022,Colt,7
CT,M,2022,Crew,7
CT,M,2022,Dennis,7
CT,M,2022,Eliel,7
CT,M,2022,Erik,7
CT,M,2022,Finnegan,7
CT,M,2022,Francesco,7
CT,M,2022,Garrett,7
CT,M,2022,Gianluca,7
CT,M,2022,Hayes,7
CT,M,2022,Hezekiah,7
CT,M,2022,Ibrahim,7
CT,M,2022,Jax,7
CT,M,2022,Jayson,7
CT,M,2022,Jesus,7
CT,M,2022,Johan,7
CT,M,2022,Joziah,7
CT,M,2022,Justice,7
CT,M,2022,Kayce,7
CT,M,2022,Kyle,7
CT,M,2022,Mac,7
CT,M,2022,Malik,7
CT,M,2022,Maximiliano,7
CT,M,2022,Mohammed,7
CT,M,2022,Nikolas,7
CT,M,2022,Ocean,7
CT,M,2022,Quentin,7
CT,M,2022,Reign,7
CT,M,2022,Ricardo,7
CT,M,2022,Roger,7
CT,M,2022,Ryker,7
CT,M,2022,Sam,7
CT,M,2022,Shawn,7
CT,M,2022,Shiloh,7
CT,M,2022,Travis,7
CT,M,2022,Wells,7
CT,M,2022,Zaiden,7
CT,M,2022,Aarav,6
CT,M,2022,Abdiel,6
CT,M,2022,Alessandro,6
CT,M,2022,Ares,6
CT,M,2022,Atticus,6
CT,M,2022,Ayan,6
CT,M,2022,Barrett,6
CT,M,2022,Bruce,6
CT,M,2022,Camilo,6
CT,M,2022,Cesar,6
CT,M,2022,Clark,6
CT,M,2022,Colson,6
CT,M,2022,Dallas,6
CT,M,2022,Danny,6
CT,M,2022,Dariel,6
CT,M,2022,Denver,6
CT,M,2022,Dion,6
CT,M,2022,Donovan,6
CT,M,2022,Eden,6
CT,M,2022,Eduardo,6
CT,M,2022,Edwin,6
CT,M,2022,Eliam,6
CT,M,2022,Emanuel,6
CT,M,2022,Ford,6
CT,M,2022,Francis,6
CT,M,2022,Francisco,6
CT,M,2022,Franklin,6
CT,M,2022,Gian,6
CT,M,2022,Gino,6
CT,M,2022,Hugh,6
CT,M,2022,Izaiah,6
CT,M,2022,Jamie,6
CT,M,2022,Jase,6
CT,M,2022,Jaxxon,6
CT,M,2022,Jay,6
CT,M,2022,Jensen,6
CT,M,2022,Julien,6
CT,M,2022,Kane,6
CT,M,2022,Karim,6
CT,M,2022,Kayson,6
CT,M,2022,Kiaan,6
CT,M,2022,Kian,6
CT,M,2022,Koa,6
CT,M,2022,Kyro,6
CT,M,2022,Lachlan,6
CT,M,2022,Leonidas,6
CT,M,2022,Marcelo,6
CT,M,2022,Nash,6
CT,M,2022,Orlando,6
CT,M,2022,Pedro,6
CT,M,2022,Prince,6
CT,M,2022,Quincy,6
CT,M,2022,Remi,6
CT,M,2022,Riley,6
CT,M,2022,Ronin,6
CT,M,2022,Royce,6
CT,M,2022,Solomon,6
CT,M,2022,Stefan,6
CT,M,2022,Syed,6
CT,M,2022,Tomas,6
CT,M,2022,Valentino,6
CT,M,2022,Zakai,6
CT,M,2022,Alexis,5
CT,M,2022,Ambrose,5
CT,M,2022,Apollo,5
CT,M,2022,Avyaan,5
CT,M,2022,Azriel,5
CT,M,2022,Benicio,5
CT,M,2022,Bo,5
CT,M,2022,Bode,5
CT,M,2022,Bodhi,5
CT,M,2022,Braydon,5
CT,M,2022,Briggs,5
CT,M,2022,Chaim,5
CT,M,2022,Chandler,5
CT,M,2022,Coleman,5
CT,M,2022,Corey,5
CT,M,2022,Dakota,5
CT,M,2022,Damien,5
CT,M,2022,Domenic,5
CT,M,2022,Donald,5
CT,M,2022,Elio,5
CT,M,2022,Elisha,5
CT,M,2022,Eyad,5
CT,M,2022,Forrest,5
CT,M,2022,Franco,5
CT,M,2022,Gio,5
CT,M,2022,Grady,5
CT,M,2022,Gray,5
CT,M,2022,Gunnar,5
CT,M,2022,Hamza,5
CT,M,2022,Harvey,5
CT,M,2022,Jadiel,5
CT,M,2022,Jagger,5
CT,M,2022,Jakai,5
CT,M,2022,Joaquin,5
CT,M,2022,Julio,5
CT,M,2022,Kaisen,5
CT,M,2022,Kaizen,5
CT,M,2022,Kamryn,5
CT,M,2022,Kashton,5
CT,M,2022,Kellen,5
CT,M,2022,Kingsley,5
CT,M,2022,Kolton,5
CT,M,2022,Kyler,5
CT,M,2022,Lawrence,5
CT,M,2022,Lawson,5
CT,M,2022,Legacy,5
CT,M,2022,Leland,5
CT,M,2022,Lennon,5
CT,M,2022,Leonard,5
CT,M,2022,Leonel,5
CT,M,2022,Lian,5
CT,M,2022,Lionel,5
CT,M,2022,Mack,5
CT,M,2022,Major,5
CT,M,2022,Maximilian,5
CT,M,2022,Melvin,5
CT,M,2022,Miller,5
CT,M,2022,Nazir,5
CT,M,2022,Neil,5
CT,M,2022,Rayan,5
CT,M,2022,Reece,5
CT,M,2022,Robin,5
CT,M,2022,Ronald,5
CT,M,2022,Roy,5
CT,M,2022,Sage,5
CT,M,2022,Saul,5
CT,M,2022,Scott,5
CT,M,2022,Sincere,5
CT,M,2022,Skyler,5
CT,M,2022,Sonny,5
CT,M,2022,Sullivan,5
CT,M,2022,Zev,5
CT,M,2023,Noah,255
CT,M,2023,Liam,237
CT,M,2023,Oliver,154
CT,M,2023,Lucas,151
CT,M,2023,James,150
CT,M,2023,Luca,141
CT,M,2023,William,139
CT,M,2023,Jack,137
CT,M,2023,Theodore,131
CT,M,2023,Henry,130
CT,M,2023,Michael,129
CT,M,2023,Leo,128
CT,M,2023,Jacob,121
CT,M,2023,Benjamin,119
CT,M,2023,Cameron,119
CT,M,2023,Joseph,118
CT,M,2023,Logan,117
CT,M,2023,John,115
CT,M,2023,Ethan,111
CT,M,2023,Anthony,109
CT,M,2023,Jackson,107
CT,M,2023,Mason,104
CT,M,2023,Luke,97
CT,M,2023,Levi,96
CT,M,2023,Matthew,95
CT,M,2023,Owen,94
CT,M,2023,Elijah,92
CT,M,2023,Mateo,92
CT,M,2023,Aiden,87
CT,M,2023,Gabriel,85
CT,M,2023,Sebastian,85
CT,M,2023,Charles,84
CT,M,2023,Dylan,82
CT,M,2023,Alexander,81
CT,M,2023,Daniel,81
CT,M,2023,Samuel,81
CT,M,2023,Thomas,81
CT,M,2023,Caleb,80
CT,M,2023,Christopher,79
CT,M,2023,Carter,78
CT,M,2023,Julian,74
CT,M,2023,Miles,72
CT,M,2023,Hudson,71
CT,M,2023,Wyatt,71
CT,M,2023,Nathan,69
CT,M,2023,Grayson,66
CT,M,2023,Wesley,65
CT,M,2023,Austin,64
CT,M,2023,Elias,64
CT,M,2023,Jayden,63
CT,M,2023,Ryan,63
CT,M,2023,Connor,62
CT,M,2023,David,62
CT,M,2023,Robert,62
CT,M,2023,Cooper,57
CT,M,2023,Ezra,57
CT,M,2023,Nicholas,55
CT,M,2023,Theo,55
CT,M,2023,Kayden,54
CT,M,2023,Asher,53
CT,M,2023,Nolan,53
CT,M,2023,Bennett,52
CT,M,2023,Isaac,51
CT,M,2023,Colton,49
CT,M,2023,Jonah,49
CT,M,2023,Josiah,49
CT,M,2023,Matteo,49
CT,M,2023,Giovanni,48
CT,M,2023,Maverick,48
CT,M,2023,Aaron,47
CT,M,2023,Chase,47
CT,M,2023,Kai,47
CT,M,2023,Thiago,47
CT,M,2023,Enzo,46
CT,M,2023,Jameson,46
CT,M,2023,Declan,45
CT,M,2023,Leonardo,45
CT,M,2023,Lorenzo,45
CT,M,2023,Cole,44
CT,M,2023,Roman,44
CT,M,2023,Tyler,44
CT,M,2023,Dominic,43
CT,M,2023,Evan,43
CT,M,2023,Christian,42
CT,M,2023,Landon,42
CT,M,2023,Rowan,42
CT,M,2023,George,41
CT,M,2023,Jonathan,41
CT,M,2023,Nathaniel,41
CT,M,2023,Nico,41
CT,M,2023,Parker,41
CT,M,2023,Isaiah,40
CT,M,2023,Jaxson,40
CT,M,2023,Andrew,39
CT,M,2023,Max,39
CT,M,2023,Xavier,39
CT,M,2023,Gael,38
CT,M,2023,Joshua,38
CT,M,2023,Adrian,37
CT,M,2023,Amir,37
CT,M,2023,Jaxon,37
CT,M,2023,Zachary,37
CT,M,2023,Lincoln,36
CT,M,2023,Weston,36
CT,M,2023,Brayden,35
CT,M,2023,Bryson,35
CT,M,2023,Finn,35
CT,M,2023,Ian,35
CT,M,2023,Jace,35
CT,M,2023,Myles,35
CT,M,2023,Silas,35
CT,M,2023,Zion,35
CT,M,2023,Greyson,34
CT,M,2023,Hunter,34
CT,M,2023,Jeremiah,34
CT,M,2023,Brooks,33
CT,M,2023,Grant,33
CT,M,2023,Rory,33
CT,M,2023,Vincent,33
CT,M,2023,August,32
CT,M,2023,Colin,32
CT,M,2023,Dean,32
CT,M,2023,Jordan,32
CT,M,2023,Luka,32
CT,M,2023,Angel,31
CT,M,2023,Emmett,31
CT,M,2023,Ezekiel,31
CT,M,2023,Milo,31
CT,M,2023,Nicolas,31
CT,M,2023,Archer,30
CT,M,2023,Axel,29
CT,M,2023,Harrison,29
CT,M,2023,Camden,28
CT,M,2023,Gavin,28
CT,M,2023,Patrick,28
CT,M,2023,Calvin,27
CT,M,2023,Eli,27
CT,M,2023,Graham,27
CT,M,2023,Maxwell,27
CT,M,2023,Elliot,26
CT,M,2023,Jayce,26
CT,M,2023,Kairo,26
CT,M,2023,Luis,26
CT,M,2023,Santiago,26
CT,M,2023,Carson,25
CT,M,2023,Edward,25
CT,M,2023,Adonis,24
CT,M,2023,Arthur,24
CT,M,2023,Carlos,24
CT,M,2023,Jaylen,24
CT,M,2023,Justin,24
CT,M,2023,Kaiden,24
CT,M,2023,Ryder,24
CT,M,2023,Angelo,23
CT,M,2023,Arlo,23
CT,M,2023,Ashton,23
CT,M,2023,Everett,23
CT,M,2023,Micah,23
CT,M,2023,Sawyer,23
CT,M,2023,Adam,22
CT,M,2023,Atlas,22
CT,M,2023,Beau,22
CT,M,2023,Caden,22
CT,M,2023,Damian,22
CT,M,2023,Jason,22
CT,M,2023,Aidan,21
CT,M,2023,Alex,21
CT,M,2023,Casey,21
CT,M,2023,Cayden,21
CT,M,2023,Charlie,21
CT,M,2023,Griffin,21
CT,M,2023,Legend,21
CT,M,2023,Lukas,21
CT,M,2023,Ace,20
CT,M,2023,Blake,20
CT,M,2023,Brody,20
CT,M,2023,Bryce,20
CT,M,2023,Cairo,20
CT,M,2023,Derek,20
CT,M,2023,Leon,20
CT,M,2023,Matias,20
CT,M,2023,Maximus,20
CT,M,2023,Milan,20
CT,M,2023,Paul,20
CT,M,2023,Peter,20
CT,M,2023,Easton,19
CT,M,2023,Elliott,19
CT,M,2023,Jasper,19
CT,M,2023,Richard,19
CT,M,2023,Rocco,19
CT,M,2023,Stephen,19
CT,M,2023,Xander,19
CT,M,2023,Adriel,18
CT,M,2023,Eric,18
CT,M,2023,Ayden,17
CT,M,2023,Bryan,17
CT,M,2023,Gianni,17
CT,M,2023,Jose,17
CT,M,2023,Kyrie,17
CT,M,2023,Malachi,17
CT,M,2023,Mark,17
CT,M,2023,Muhammad,17
CT,M,2023,Walker,17
CT,M,2023,Zayden,17
CT,M,2023,Zayn,17
CT,M,2023,Antonio,16
CT,M,2023,Callum,16
CT,M,2023,Dawson,16
CT,M,2023,Emmanuel,16
CT,M,2023,Francis,16
CT,M,2023,Kevin,16
CT,M,2023,King,16
CT,M,2023,Louis,16
CT,M,2023,Oscar,16
CT,M,2023,Rafael,16
CT,M,2023,Sonny,16
CT,M,2023,Avery,15
CT,M,2023,Emilio,15
CT,M,2023,Felix,15
CT,M,2023,Gregory,15
CT,M,2023,Maddox,15
CT,M,2023,Otto,15
CT,M,2023,Riley,15
CT,M,2023,Ronan,15
CT,M,2023,Saint,15
CT,M,2023,Timothy,15
CT,M,2023,Bentley,14
CT,M,2023,Dante,14
CT,M,2023,Elian,14
CT,M,2023,Hayden,14
CT,M,2023,Kenneth,14
CT,M,2023,Kylian,14
CT,M,2023,Niko,14
CT,M,2023,Romeo,14
CT,M,2023,Vincenzo,14
CT,M,2023,Amari,13
CT,M,2023,Beckett,13
CT,M,2023,Brian,13
CT,M,2023,Israel,13
CT,M,2023,Jake,13
CT,M,2023,Jeremy,13
CT,M,2023,Juan,13
CT,M,2023,Kaden,13
CT,M,2023,Kyle,13
CT,M,2023,Messiah,13
CT,M,2023,Nasir,13
CT,M,2023,Prince,13
CT,M,2023,Raymond,13
CT,M,2023,River,13
CT,M,2023,Tate,13
CT,M,2023,Zyaire,13
CT,M,2023,Bradley,12
CT,M,2023,Carmelo,12
CT,M,2023,Cody,12
CT,M,2023,Colby,12
CT,M,2023,Eithan,12
CT,M,2023,Frederick,12
CT,M,2023,Jett,12
CT,M,2023,Joel,12
CT,M,2023,Kieran,12
CT,M,2023,Killian,12
CT,M,2023,Kylo,12
CT,M,2023,Lennox,12
CT,M,2023,Malakai,12
CT,M,2023,Mathias,12
CT,M,2023,Omar,12
CT,M,2023,Phoenix,12
CT,M,2023,Simon,12
CT,M,2023,Tristan,12
CT,M,2023,Troy,12
CT,M,2023,Tucker,12
CT,M,2023,Armani,11
CT,M,2023,Callan,11
CT,M,2023,Callen,11
CT,M,2023,Emiliano,11
CT,M,2023,Erick,11
CT,M,2023,Ivan,11
CT,M,2023,Jaden,11
CT,M,2023,Jared,11
CT,M,2023,Malik,11
CT,M,2023,Marco,11
CT,M,2023,Rayan,11
CT,M,2023,Steven,11
CT,M,2023,Tobias,11
CT,M,2023,Abraham,10
CT,M,2023,Alan,10
CT,M,2023,Bodhi,10
CT,M,2023,Bowen,10
CT,M,2023,Camilo,10
CT,M,2023,Chance,10
CT,M,2023,Conor,10
CT,M,2023,Damien,10
CT,M,2023,Devin,10
CT,M,2023,Dominick,10
CT,M,2023,Harvey,10
CT,M,2023,Hayes,10
CT,M,2023,Jaiden,10
CT,M,2023,Jesse,10
CT,M,2023,Kade,10
CT,M,2023,Karter,10
CT,M,2023,Keegan,10
CT,M,2023,Kendrick,10
CT,M,2023,Lionel,10
CT,M,2023,Luciano,10
CT,M,2023,Marcus,10
CT,M,2023,Miguel,10
CT,M,2023,Pierce,10
CT,M,2023,Preston,10
CT,M,2023,Quinn,10
CT,M,2023,Ronin,10
CT,M,2023,Santino,10
CT,M,2023,Shane,10
CT,M,2023,Spencer,10
CT,M,2023,Victor,10
CT,M,2023,Walter,10
CT,M,2023,Waylon,10
CT,M,2023,Alejandro,9
CT,M,2023,Ari,9
CT,M,2023,Ayan,9
CT,M,2023,Aziel,9
CT,M,2023,Brandon,9
CT,M,2023,Caiden,9
CT,M,2023,Cohen,9
CT,M,2023,Desmond,9
CT,M,2023,Frank,9
CT,M,2023,Jamie,9
CT,M,2023,Jax,9
CT,M,2023,Jesiah,9
CT,M,2023,Jude,9
CT,M,2023,Kaleb,9
CT,M,2023,Khalil,9
CT,M,2023,Lawrence,9
CT,M,2023,Lucca,9
CT,M,2023,Marshall,9
CT,M,2023,Onyx,9
CT,M,2023,Orion,9
CT,M,2023,Philip,9
CT,M,2023,Rhys,9
CT,M,2023,Russell,9
CT,M,2023,Salvatore,9
CT,M,2023,Seamus,9
CT,M,2023,Tatum,9
CT,M,2023,Warren,9
CT,M,2023,Aarav,8
CT,M,2023,Abel,8
CT,M,2023,Alijah,8
CT,M,2023,Amias,8
CT,M,2023,Anderson,8
CT,M,2023,Andre,8
CT,M,2023,Andres,8
CT,M,2023,Azriel,8
CT,M,2023,Cash,8
CT,M,2023,Cillian,8
CT,M,2023,Cyrus,8
CT,M,2023,Dariel,8
CT,M,2023,Diego,8
CT,M,2023,Drew,8
CT,M,2023,Eden,8
CT,M,2023,Edwin,8
CT,M,2023,Emerson,8
CT,M,2023,Finley,8
CT,M,2023,Ford,8
CT,M,2023,Francisco,8
CT,M,2023,Gideon,8
CT,M,2023,Holden,8
CT,M,2023,Josue,8
CT,M,2023,Kameron,8
CT,M,2023,Kenzo,8
CT,M,2023,Koa,8
CT,M,2023,Lucian,8
CT,M,2023,Mac,8
CT,M,2023,Mohamed,8
CT,M,2023,Musa,8
CT,M,2023,Paxton,8
CT,M,2023,Reign,8
CT,M,2023,Sean,8
CT,M,2023,Tanner,8
CT,M,2023,Taylor,8
CT,M,2023,Zachariah,8
CT,M,2023,Abdiel,7
CT,M,2023,Aleksander,7
CT,M,2023,Alexis,7
CT,M,2023,Ali,7
CT,M,2023,Ares,7
CT,M,2023,Atticus,7
CT,M,2023,Ayaan,7
CT,M,2023,Barrett,7
CT,M,2023,Bruno,7
CT,M,2023,Cade,7
CT,M,2023,Cal,7
CT,M,2023,Carmine,7
CT,M,2023,Collin,7
CT,M,2023,Crew,7
CT,M,2023,Emanuel,7
CT,M,2023,Ezrah,7
CT,M,2023,Fabian,7
CT,M,2023,Gian,7
CT,M,2023,Giuseppe,7
CT,M,2023,Grady,7
CT,M,2023,Johan,7
CT,M,2023,Johnny,7
CT,M,2023,Julius,7
CT,M,2023,Kash,7
CT,M,2023,Keanu,7
CT,M,2023,Kingston,7
CT,M,2023,Leandro,7
CT,M,2023,Leonard,7
CT,M,2023,Lian,7
CT,M,2023,Malcolm,7
CT,M,2023,Maximilian,7
CT,M,2023,Maximiliano,7
CT,M,2023,Nehemiah,7
CT,M,2023,Noel,7
CT,M,2023,Phillip,7
CT,M,2023,Reid,7
CT,M,2023,Royce,7
CT,M,2023,Travis,7
CT,M,2023,Valentino,7
CT,M,2023,Yadiel,7
CT,M,2023,Zahir,7
CT,M,2023,Ahmed,6
CT,M,2023,Alden,6
CT,M,2023,Alvaro,6
CT,M,2023,Amiri,6
CT,M,2023,Bear,6
CT,M,2023,Beckham,6
CT,M,2023,Boden,6
CT,M,2023,Brady,6
CT,M,2023,Braxton,6
CT,M,2023,Corey,6
CT,M,2023,Cristiano,6
CT,M,2023,Dallas,6
CT,M,2023,Dalton,6
CT,M,2023,Damon,6
CT,M,2023,Davi,6
CT,M,2023,Dennis,6
CT,M,2023,Donovan,6
CT,M,2023,Edgar,6
CT,M,2023,Ellis,6
CT,M,2023,Ermias,6
CT,M,2023,Ezequiel,6
CT,M,2023,Finnegan,6
CT,M,2023,Franklin,6
CT,M,2023,Gage,6
CT,M,2023,Garrett,6
CT,M,2023,Hasan,6
CT,M,2023,Hector,6
CT,M,2023,Hendrix,6
CT,M,2023,Ibrahim,6
CT,M,2023,Jahmir,6
CT,M,2023,Jasiah,6
CT,M,2023,Jay,6
CT,M,2023,Jayceon,6
CT,M,2023,Jaziel,6
CT,M,2023,Jeffrey,6
CT,M,2023,Jesus,6
CT,M,2023,Joey,6
CT,M,2023,Johnathan,6
CT,M,2023,Jorge,6
CT,M,2023,Jovanni,6
CT,M,2023,Kayce,6
CT,M,2023,Kayson,6
CT,M,2023,Kellan,6
CT,M,2023,Kian,6
CT,M,2023,Koda,6
CT,M,2023,Lane,6
CT,M,2023,Leonidas,6
CT,M,2023,Lewis,6
CT,M,2023,Louie,6
CT,M,2023,Mack,6
CT,M,2023,Manuel,6
CT,M,2023,Martin,6
CT,M,2023,Maximo,6
CT,M,2023,Mohammad,6
CT,M,2023,Nikolai,6
CT,M,2023,Ocean,6
CT,M,2023,Pedro,6
CT,M,2023,Reese,6
CT,M,2023,Rhett,6
CT,M,2023,Robin,6
CT,M,2023,Royal,6
CT,M,2023,Ryker,6
CT,M,2023,Sam,6
CT,M,2023,Shepard,6
CT,M,2023,Sylas,6
CT,M,2023,Wes,6
CT,M,2023,Zayne,6
CT,M,2023,Albert,5
CT,M,2023,Alessandro,5
CT,M,2023,Ander,5
CT,M,2023,Apollo,5
CT,M,2023,Archie,5
CT,M,2023,Arham,5
CT,M,2023,Ariel,5
CT,M,2023,Aryan,5
CT,M,2023,Atreus,5
CT,M,2023,Avyaan,5
CT,M,2023,Azrael,5
CT,M,2023,Benicio,5
CT,M,2023,Blaze,5
CT,M,2023,Bruce,5
CT,M,2023,Brycen,5
CT,M,2023,Canaan,5
CT,M,2023,Cassius,5
CT,M,2023,Chaim,5
CT,M,2023,Clark,5
CT,M,2023,Colt,5
CT,M,2023,Craig,5
CT,M,2023,Cruz,5
CT,M,2023,Dakota,5
CT,M,2023,Dario,5
CT,M,2023,Francesco,5
CT,M,2023,Gerald,5
CT,M,2023,Gianluca,5
CT,M,2023,Gustavo,5
CT,M,2023,Hamza,5
CT,M,2023,Izaiah,5
CT,M,2023,Jadiel,5
CT,M,2023,Jael,5
CT,M,2023,Jamari,5
CT,M,2023,Jariel,5
CT,M,2023,Javier,5
CT,M,2023,Jaxton,5
CT,M,2023,Jaxxon,5
CT,M,2023,Jean,5
CT,M,2023,Jericho,5
CT,M,2023,Joao,5
CT,M,2023,Joaquin,5
CT,M,2023,Jonas,5
CT,M,2023,Judah,5
CT,M,2023,Juelz,5
CT,M,2023,Junior,5
CT,M,2023,Justice,5
CT,M,2023,Kane,5
CT,M,2023,Kason,5
CT,M,2023,Kendry,5
CT,M,2023,Khai,5
CT,M,2023,Lawson,5
CT,M,2023,Leland,5
CT,M,2023,Leonel,5
CT,M,2023,Loyal,5
CT,M,2023,Mario,5
CT,M,2023,Mayson,5
CT,M,2023,Miller,5
CT,M,2023,Mylo,5
CT,M,2023,Nash,5
CT,M,2023,Nathanael,5
CT,M,2023,Nelson,5
CT,M,2023,Odin,5
CT,M,2023,Pablo,5
CT,M,2023,Pietro,5
CT,M,2023,Raphael,5
CT,M,2023,Ravi,5
CT,M,2023,Rayden,5
CT,M,2023,Reed,5
CT,M,2023,Rex,5
CT,M,2023,Rian,5
CT,M,2023,Roberto,5
CT,M,2023,Rome,5
CT,M,2023,Ronald,5
CT,M,2023,Rowen,5
CT,M,2023,Shepherd,5
CT,M,2023,Shiloh,5
CT,M,2023,Sincere,5
CT,M,2023,Tyson,5
CT,M,2023,Vihaan,5
CT,M,2023,Zaiden,5
CT,M,2023,Zain,5
CT,M,2023,Zayan,5
CT,M,2023,Zayd,5
CT,M,2023,Zen,5
CT,M,2024,Liam,253
CT,M,2024,Noah,252
CT,M,2024,Oliver,170
CT,M,2024,James,169
CT,M,2024,Theodore,164
CT,M,2024,Henry,139
CT,M,2024,Luca,134
CT,M,2024,Lucas,134
CT,M,2024,Cameron,130
CT,M,2024,Joseph,129
CT,M,2024,Jack,128
CT,M,2024,Benjamin,122
CT,M,2024,Leo,115
CT,M,2024,Michael,114
CT,M,2024,William,113
CT,M,2024,Ethan,107
CT,M,2024,Owen,105
CT,M,2024,Logan,103
CT,M,2024,John,101
CT,M,2024,Mateo,96
CT,M,2024,Anthony,95
CT,M,2024,Thomas,94
CT,M,2024,Alexander,91
CT,M,2024,Matthew,91
CT,M,2024,Jackson,89
CT,M,2024,Caleb,88
CT,M,2024,Elijah,88
CT,M,2024,Mason,88
CT,M,2024,Dylan,87
CT,M,2024,Daniel,86
CT,M,2024,Elias,86
CT,M,2024,Charles,83
CT,M,2024,Luke,82
CT,M,2024,Aiden,80
CT,M,2024,Julian,79
CT,M,2024,Carter,78
CT,M,2024,Miles,76
CT,M,2024,Sebastian,76
CT,M,2024,Samuel,74
CT,M,2024,Josiah,71
CT,M,2024,Levi,70
CT,M,2024,Roman,70
CT,M,2024,Gabriel,68
CT,M,2024,Jacob,68
CT,M,2024,Nathan,68
CT,M,2024,Ryan,66
CT,M,2024,Wyatt,65
CT,M,2024,Theo,63
CT,M,2024,Christopher,62
CT,M,2024,Jayden,61
CT,M,2024,Enzo,60
CT,M,2024,Ezra,60
CT,M,2024,Wesley,60
CT,M,2024,Hudson,59
CT,M,2024,Austin,58
CT,M,2024,Asher,57
CT,M,2024,Rowan,57
CT,M,2024,Thiago,57
CT,M,2024,Andrew,56
CT,M,2024,Bennett,56
CT,M,2024,Cole,56
CT,M,2024,Joshua,56
CT,M,2024,Ian,55
CT,M,2024,Dominic,54
CT,M,2024,Chase,53
CT,M,2024,Christian,53
CT,M,2024,Colton,53
CT,M,2024,Connor,53
CT,M,2024,Nicholas,53
CT,M,2024,Isaac,52
CT,M,2024,Robert,52
CT,M,2024,Amir,51
CT,M,2024,Giovanni,51
CT,M,2024,Grayson,50
CT,M,2024,Matteo,50
CT,M,2024,Myles,50
CT,M,2024,Nolan,50
CT,M,2024,Cooper,49
CT,M,2024,Jeremiah,48
CT,M,2024,Landon,48
CT,M,2024,Brooks,47
CT,M,2024,Lorenzo,47
CT,M,2024,Vincent,44
CT,M,2024,George,43
CT,M,2024,Maverick,43
CT,M,2024,David,42
CT,M,2024,Aaron,41
CT,M,2024,Leonardo,41
CT,M,2024,Nathaniel,41
CT,M,2024,Parker,41
CT,M,2024,Jaxon,40
CT,M,2024,Kayden,40
CT,M,2024,Angel,39
CT,M,2024,Greyson,39
CT,M,2024,Luka,39
CT,M,2024,Adrian,38
CT,M,2024,Jonathan,38
CT,M,2024,Kai,38
CT,M,2024,Axel,37
CT,M,2024,Emmett,37
CT,M,2024,Callan,36
CT,M,2024,Dean,36
CT,M,2024,Silas,36
CT,M,2024,August,35
CT,M,2024,Carson,35
CT,M,2024,Evan,35
CT,M,2024,Hunter,35
CT,M,2024,Max,35
CT,M,2024,Micah,35
CT,M,2024,Zachary,35
CT,M,2024,Beau,34
CT,M,2024,Elliot,34
CT,M,2024,Kevin,34
CT,M,2024,Nico,34
CT,M,2024,Rory,34
CT,M,2024,Brayden,33
CT,M,2024,Charlie,33
CT,M,2024,Declan,33
CT,M,2024,Jordan,33
CT,M,2024,Nicolas,33
CT,M,2024,Adam,32
CT,M,2024,Caden,32
CT,M,2024,Maxwell,32
CT,M,2024,Ryder,32
CT,M,2024,Arthur,31
CT,M,2024,Graham,31
CT,M,2024,Weston,31
CT,M,2024,Callum,30
CT,M,2024,Isaiah,30
CT,M,2024,Milo,30
CT,M,2024,Harrison,29
CT,M,2024,Jace,29
CT,M,2024,Jayce,29
CT,M,2024,Bryson,28
CT,M,2024,Edward,28
CT,M,2024,Everett,28
CT,M,2024,Louis,28
CT,M,2024,Ezekiel,27
CT,M,2024,Jason,27
CT,M,2024,Santiago,27
CT,M,2024,Walker,27
CT,M,2024,Amari,26
CT,M,2024,Griffin,26
CT,M,2024,Jameson,26
CT,M,2024,Tyler,26
CT,M,2024,Lincoln,25
CT,M,2024,Patrick,25
CT,M,2024,Peter,25
CT,M,2024,Xavier,25
CT,M,2024,Ashton,24
CT,M,2024,Casey,24
CT,M,2024,Felix,24
CT,M,2024,Finn,24
CT,M,2024,Kaiden,24
CT,M,2024,Zion,24
CT,M,2024,Calvin,23
CT,M,2024,Gael,23
CT,M,2024,Jonah,23
CT,M,2024,Kairo,23
CT,M,2024,Leon,23
CT,M,2024,Zayn,23
CT,M,2024,Antonio,22
CT,M,2024,Archer,22
CT,M,2024,Camden,22
CT,M,2024,Colin,22
CT,M,2024,Emmanuel,22
CT,M,2024,Hayden,22
CT,M,2024,Jaxson,22
CT,M,2024,Richard,22
CT,M,2024,Eli,21
CT,M,2024,Jeremy,21
CT,M,2024,Jose,21
CT,M,2024,Zayden,21
CT,M,2024,Adonis,20
CT,M,2024,Alan,20
CT,M,2024,Arlo,20
CT,M,2024,Cody,20
CT,M,2024,Elliott,20
CT,M,2024,Joel,20
CT,M,2024,Justin,20
CT,M,2024,Legend,20
CT,M,2024,Malachi,20
CT,M,2024,Messiah,20
CT,M,2024,Rocco,20
CT,M,2024,Aidan,19
CT,M,2024,Beckham,19
CT,M,2024,Carmelo,19
CT,M,2024,Damian,19
CT,M,2024,Eithan,19
CT,M,2024,Emiliano,19
CT,M,2024,Xander,19
CT,M,2024,Angelo,18
CT,M,2024,Brody,18
CT,M,2024,Dante,18
CT,M,2024,Gavin,18
CT,M,2024,Luciano,18
CT,M,2024,Tristan,18
CT,M,2024,Atlas,17
CT,M,2024,Blake,17
CT,M,2024,Bryce,17
CT,M,2024,Elian,17
CT,M,2024,Grant,17
CT,M,2024,Riley,17
CT,M,2024,River,17
CT,M,2024,Travis,17
CT,M,2024,Zyaire,17
CT,M,2024,Ace,16
CT,M,2024,Ares,16
CT,M,2024,Brandon,16
CT,M,2024,Jasper,16
CT,M,2024,Judah,16
CT,M,2024,Kenneth,16
CT,M,2024,Kyrie,16
CT,M,2024,Lukas,16
CT,M,2024,Rhys,16
CT,M,2024,Romeo,16
CT,M,2024,Tatum,16
CT,M,2024,Adriel,15
CT,M,2024,Crew,15
CT,M,2024,Cyrus,15
CT,M,2024,Derek,15
CT,M,2024,Desmond,15
CT,M,2024,Finley,15
CT,M,2024,Frederick,15
CT,M,2024,Jude,15
CT,M,2024,Luis,15
CT,M,2024,Maddox,15
CT,M,2024,Marco,15
CT,M,2024,Mark,15
CT,M,2024,Maximus,15
CT,M,2024,Niko,15
CT,M,2024,Paul,15
CT,M,2024,Quinn,15
CT,M,2024,Ronan,15
CT,M,2024,Saint,15
CT,M,2024,Brian,14
CT,M,2024,Easton,14
CT,M,2024,Hayes,14
CT,M,2024,Kaleb,14
CT,M,2024,Miguel,14
CT,M,2024,Muhammad,14
CT,M,2024,Otto,14
CT,M,2024,Timothy,14
CT,M,2024,Warren,14
CT,M,2024,Anderson,13
CT,M,2024,Armani,13
CT,M,2024,Avery,13
CT,M,2024,Brady,13
CT,M,2024,Bryan,13
CT,M,2024,Cade,13
CT,M,2024,Cairo,13
CT,M,2024,Cayden,13
CT,M,2024,Cristian,13
CT,M,2024,Emerson,13
CT,M,2024,Ezequiel,13
CT,M,2024,Jeffrey,13
CT,M,2024,Jett,13
CT,M,2024,Julius,13
CT,M,2024,Knox,13
CT,M,2024,Kylo,13
CT,M,2024,Omar,13
CT,M,2024,Orion,13
CT,M,2024,Sawyer,13
CT,M,2024,Tate,13
CT,M,2024,Alejandro,12
CT,M,2024,Ayden,12
CT,M,2024,Bodhi,12
CT,M,2024,Carlos,12
CT,M,2024,Diego,12
CT,M,2024,Ivan,12
CT,M,2024,Jaden,12
CT,M,2024,Jake,12
CT,M,2024,Jaziel,12
CT,M,2024,Matias,12
CT,M,2024,Prince,12
CT,M,2024,Santino,12
CT,M,2024,Simon,12
CT,M,2024,Sonny,12
CT,M,2024,Steven,12
CT,M,2024,Tanner,12
CT,M,2024,Tobias,12
CT,M,2024,Victor,12
CT,M,2024,Waylon,12
CT,M,2024,Ali,11
CT,M,2024,Aziel,11
CT,M,2024,Dawson,11
CT,M,2024,Jared,11
CT,M,2024,Jax,11
CT,M,2024,Jaylen,11
CT,M,2024,Josue,11
CT,M,2024,Juan,11
CT,M,2024,Mack,11
CT,M,2024,Malcolm,11
CT,M,2024,Milan,11
CT,M,2024,Rafael,11
CT,M,2024,Reid,11
CT,M,2024,Russell,11
CT,M,2024,Spencer,11
CT,M,2024,Stephen,11
CT,M,2024,Vincenzo,11
CT,M,2024,Walter,11
CT,M,2024,Aarav,10
CT,M,2024,Abel,10
CT,M,2024,Abraham,10
CT,M,2024,Alex,10
CT,M,2024,Bodie,10
CT,M,2024,Caiden,10
CT,M,2024,Damien,10
CT,M,2024,Dereck,10
CT,M,2024,Eliel,10
CT,M,2024,Ellis,10
CT,M,2024,Iker,10
CT,M,2024,Jesse,10
CT,M,2024,King,10
CT,M,2024,Leandro,10
CT,M,2024,Mario,10
CT,M,2024,Omari,10
CT,M,2024,Sean,10
CT,M,2024,Tucker,10
CT,M,2024,Wells,10
CT,M,2024,Atreus,9
CT,M,2024,Beckett,9
CT,M,2024,Bradley,9
CT,M,2024,Cillian,9
CT,M,2024,Colby,9
CT,M,2024,Dariel,9
CT,M,2024,Dominick,9
CT,M,2024,Eliam,9
CT,M,2024,Eric,9
CT,M,2024,Francisco,9
CT,M,2024,Gianni,9
CT,M,2024,Harvey,9
CT,M,2024,Holden,9
CT,M,2024,Hugo,9
CT,M,2024,Ibrahim,9
CT,M,2024,Ismael,9
CT,M,2024,Jasiah,9
CT,M,2024,Jonas,9
CT,M,2024,Karson,9
CT,M,2024,Keegan,9
CT,M,2024,Kieran,9
CT,M,2024,Killian,9
CT,M,2024,Koa,9
CT,M,2024,Nash,9
CT,M,2024,Pedro,9
CT,M,2024,Raphael,9
CT,M,2024,Rome,9
CT,M,2024,Salvatore,9
CT,M,2024,Shiloh,9
CT,M,2024,Sullivan,9
CT,M,2024,Tyson,9
CT,M,2024,Ander,8
CT,M,2024,Andre,8
CT,M,2024,Andy,8
CT,M,2024,Apollo,8
CT,M,2024,Augustus,8
CT,M,2024,Bentley,8
CT,M,2024,Blaise,8
CT,M,2024,Braxton,8
CT,M,2024,Clayton,8
CT,M,2024,Corey,8
CT,M,2024,Cormac,8
CT,M,2024,Dakota,8
CT,M,2024,Davi,8
CT,M,2024,Finnegan,8
CT,M,2024,Francesco,8
CT,M,2024,Francis,8
CT,M,2024,Javier,8
CT,M,2024,Jayceon,8
CT,M,2024,Kayce,8
CT,M,2024,Kayson,8
CT,M,2024,Kyro,8
CT,M,2024,Leonel,8
CT,M,2024,Lian,8
CT,M,2024,Lucca,8
CT,M,2024,Mac,8
CT,M,2024,Marcello,8
CT,M,2024,Nehemiah,8
CT,M,2024,Phoenix,8
CT,M,2024,Remy,8
CT,M,2024,Rylan,8
CT,M,2024,Soren,8
CT,M,2024,Wilson,8
CT,M,2024,Yusuf,8
CT,M,2024,Alijah,7
CT,M,2024,Amar,7
CT,M,2024,Atticus,7
CT,M,2024,Benicio,7
CT,M,2024,Brendan,7
CT,M,2024,Collin,7
CT,M,2024,Colson,7
CT,M,2024,Conor,7
CT,M,2024,Dalton,7
CT,M,2024,Edwin,7
CT,M,2024,Erick,7
CT,M,2024,Finnley,7
CT,M,2024,Frank,7
CT,M,2024,Gregory,7
CT,M,2024,Harry,7
CT,M,2024,Hector,7
CT,M,2024,Hendrix,7
CT,M,2024,Israel,7
CT,M,2024,Jahziel,7
CT,M,2024,Jakob,7
CT,M,2024,Jamir,7
CT,M,2024,Johnny,7
CT,M,2024,Jorge,7
CT,M,2024,Kaizen,7
CT,M,2024,Kamari,7
CT,M,2024,Karter,7
CT,M,2024,Khalil,7
CT,M,2024,Kyle,7
CT,M,2024,Kylian,7
CT,M,2024,Lachlan,7
CT,M,2024,Lennox,7
CT,M,2024,Malakai,7
CT,M,2024,Martin,7
CT,M,2024,Maximilian,7
CT,M,2024,Mitchell,7
CT,M,2024,Moses,7
CT,M,2024,Nikolas,7
CT,M,2024,Oscar,7
CT,M,2024,Pablo,7
CT,M,2024,Pierce,7
CT,M,2024,Ravi,7
CT,M,2024,Raymond,7
CT,M,2024,Rhett,7
CT,M,2024,Rio,7
CT,M,2024,Ronald,7
CT,M,2024,Seamus,7
CT,M,2024,Troy,7
CT,M,2024,Valentino,7
CT,M,2024,Zaire,7
CT,M,2024,Ahmed,6
CT,M,2024,Albert,6
CT,M,2024,Alessandro,6
CT,M,2024,Amiri,6
CT,M,2024,Archie,6
CT,M,2024,Artist,6
CT,M,2024,Asa,6
CT,M,2024,Augustine,6
CT,M,2024,Barrett,6
CT,M,2024,Bode,6
CT,M,2024,Bowen,6
CT,M,2024,Callen,6
CT,M,2024,Carmine,6
CT,M,2024,Casper,6
CT,M,2024,Cesar,6
CT,M,2024,Colter,6
CT,M,2024,Darwin,6
CT,M,2024,Drew,6
CT,M,2024,Dustin,6
CT,M,2024,Emir,6
CT,M,2024,Fabian,6
CT,M,2024,Fernando,6
CT,M,2024,Gianluca,6
CT,M,2024,Grady,6
CT,M,2024,Jadiel,6
CT,M,2024,Jalen,6
CT,M,2024,Jay,6
CT,M,2024,Jayson,6
CT,M,2024,Joaquin,6
CT,M,2024,Johan,6
CT,M,2024,Kenzo,6
CT,M,2024,Kian,6
CT,M,2024,Lawrence,6
CT,M,2024,Lewis,6
CT,M,2024,Lucian,6
CT,M,2024,Magnus,6
CT,M,2024,Manuel,6
CT,M,2024,Marcus,6
CT,M,2024,Mathias,6
CT,M,2024,Menachem,6
CT,M,2024,Morgan,6
CT,M,2024,Nikolai,6
CT,M,2024,Noel,6
CT,M,2024,Oakley,6
CT,M,2024,Ocean,6
CT,M,2024,Onyx,6
CT,M,2024,Phillip,6
CT,M,2024,Reese,6
CT,M,2024,Rhodes,6
CT,M,2024,Rian,6
CT,M,2024,Ricardo,6
CT,M,2024,Royce,6
CT,M,2024,Sage,6
CT,M,2024,Scott,6
CT,M,2024,Sergio,6
CT,M,2024,Shane,6
CT,M,2024,Shepherd,6
CT,M,2024,Solomon,6
CT,M,2024,Teo,6
CT,M,2024,Trey,6
CT,M,2024,Yadiel,6
CT,M,2024,Yeshua,6
CT,M,2024,Zaiden,6
CT,M,2024,Abdiel,5
CT,M,2024,Andres,5
CT,M,2024,Arjun,5
CT,M,2024,Aryan,5
CT,M,2024,Asaiah,5
CT,M,2024,Azai,5
CT,M,2024,Banks,5
CT,M,2024,Callahan,5
CT,M,2024,Camilo,5
CT,M,2024,Carlo,5
CT,M,2024,Cassian,5
CT,M,2024,Cedric,5
CT,M,2024,Conrad,5
CT,M,2024,Devin,5
CT,M,2024,Dexter,5
CT,M,2024,Dilan,5
CT,M,2024,Donald,5
CT,M,2024,Dorian,5
CT,M,2024,Eduardo,5
CT,M,2024,Elio,5
CT,M,2024,Emery,5
CT,M,2024,Emilio,5
CT,M,2024,Erik,5
CT,M,2024,Ford,5
CT,M,2024,Grey,5
CT,M,2024,Hugh,5
CT,M,2024,Jaime,5
CT,M,2024,Jamie,5
CT,M,2024,Jean,5
CT,M,2024,Jensen,5
CT,M,2024,Joao,5
CT,M,2024,Jovanni,5
CT,M,2024,Julien,5
CT,M,2024,Kade,5
CT,M,2024,Kaison,5
CT,M,2024,Kane,5
CT,M,2024,Kendrick,5
CT,M,2024,Kendriel,5
CT,M,2024,Kit,5
CT,M,2024,Koda,5
CT,M,2024,Kyaire,5
CT,M,2024,Loyal,5
CT,M,2024,Malik,5
CT,M,2024,Marshall,5
CT,M,2024,Massimo,5
CT,M,2024,Matthias,5
CT,M,2024,Maximiliano,5
CT,M,2024,Maximo,5
CT,M,2024,Moises,5
CT,M,2024,Musa,5
CT,M,2024,Nasir,5
CT,M,2024,Nathanael,5
CT,M,2024,Nick,5
CT,M,2024,Odin,5
CT,M,2024,Ozzy,5
CT,M,2024,Paxton,5
CT,M,2024,Preston,5
CT,M,2024,Quincy,5
CT,M,2024,Ray,5
CT,M,2024,Reece,5
CT,M,2024,Remington,5
CT,M,2024,Rudra,5
CT,M,2024,Ryker,5
CT,M,2024,Sevyn,5
CT,M,2024,Sincere,5
CT,M,2024,Tru,5
CT,M,2024,Uriel,5
CT,M,2024,Winston,5
CT,M,2024,Wylder,5
CT,M,2024,Zain,5
CT,M,2024,Zane,5
CT,M,2024,Zayd,5
CT,M,2024,Zeke,5
CT,M,2024,Zyair,5
CT,M,2024,Zyon,5
